10000,Sehnder,-1,-1
10001,FLUFFNSTUFF,-1,-1
10002,IS1f39d8360c7430c4ee557,-1,-1
10003,IS1b227fbcdf36178dfe6ac,-1,-1
10004,IS14b929c2cd8df2167d212,-1,-1
10005,IS1e8f1cd8ad5033482c781,-1,-1
10006,IS1c9ea79f8ca57e9d67095,-1,-1
10007,IS16bc6793ef8da5afa0846,-1,-1
10008,IS10e0cfcc60ab3dd008095,-1,-1
10009,IS11405c1e8fe4247f02d86,-1,-1
10010,IS198309a3fda7d7d00111a,-1,-1
10011,MagikJohnny,-1,-1
10012,Kurumi,-1,-1
10013,IS1db31836536cc903f1310,-1,-1
10014,jacobpc,-1,-1
10015,IS188799659c39bbfc3fa02,-1,-1
10016,IS1ae4a994dbd5b2d145699,-1,-1
10017,IS14af1b8eda89277c6b659,-1,-1
10018,TheEnd,-1,-1
10019,SavoryNugget,-1,-1
10020,IS11aad6e651a35b65a9c3e,-1,-1
10021,IS1db455949f46babab0c18,-1,-1
10022,DammitCL,-1,-1
10023,Cvcbyvf,-1,-1
10024,ZQt8MrqL2F,-1,-1
10025,IS1c45cd8a3a55fa6a23c05,-1,-1
10026,SemiSemiColon,-1,-1
10027,IS186def6b7be879605522e,-1,-1
10028,yokxi,-1,-1
10029,cefe,-1,-1
10030,Beyond,-1,-1
10031,IS1dc51b965ae555ee6bca5,-1,-1
10032,IS1bf04b35bd712466010bc,-1,-1
10033,Luflen Emerast,-1,-1
10034,IS129d3658197da0657ab0c,-1,-1
10035,IS172924f991d523b2d2b80,-1,-1
10036,IS16e58c7c7310a7c6fa488,-1,-1
10037,IS1506dda8e0c9fd416d1ae,-1,-1
10038,IS10ab76519ed4c677e9909,-1,-1
10039,Jugerknot,-1,-1
10040,IS1865ff432821b2adac54f,-1,-1
10041,IS1bd9d8717ce47fea2acd7,-1,-1
10042,IS1051c57d1670a04fb4a0c,-1,-1
10043,IS1ec4de141fcf9c31097a3,-1,-1
10044,Shocker1430,-1,-1
10045,IS18252883b485717f7d098,-1,-1
10046,IS1d065f4a9a6c451ba0207,-1,-1
10047,IS158b741132fda313130cf,-1,-1
10048,IS11630bb297c1148229eff,-1,-1
10049,IS1cb2200926b3a2f729dac,-1,-1
10050,Krypterr,-1,-1
10051,IS18bdbb84daffe345c675b,-1,-1
10052,IS1d4c23fe66b89b7893523,-1,-1
10053,VWoRsW51Kf,-1,-1
10054,Macisoman,-1,-1
10055,Sydikrous,-1,-1
10056,Hammer TabTabSpace,-1,-1
10057,IS140e87949a69ebeb4eb4c,-1,-1
10058,IS166de17aee1dc87111044,-1,-1
10059,OohEhmGee,-1,-1
10060,Pn0y6i9,-1,-1
10061,IS183a0a7f1c029536bebe7,-1,-1
10062,Kyprite,-1,-1
10063,Grèèd,-1,-1
10064,DraXX87,-1,-1
10065,IS19ae57f7a0ee8c7cd7c11,-1,-1
10066,Maginyan,-1,-1
10067,IS114c3c27a04bb260cf2cf,-1,-1
10068,Aerinis,-1,-1
10069,KingRammusop,-1,-1
10070,Ydro,-1,-1
10071,PhiIly2ChiIly,-1,-1
10072,IS1cd98d5bed7e2e97b4bb0,-1,-1
10073,IS1b847d7604f6647a2dfc9,-1,-1
10074,IS1de60cbcbd27041196ce3,-1,-1
10075,satelitko,-1,-1
10076,TurkeyJ,-1,-1
10077,scarra,-1,-1
10078,IS1bc8d25c13a06a4cb8421,-1,-1
10079,Robloxian,-1,-1
10080,IS1f6c7e5df19e355f61e23,-1,-1
10081,IS16306919b485b81ff9615,-1,-1
10082,LanedraeX,-1,-1
10083,IS124d5adddb872f9651f38,-1,-1
10084,agKixnnY4J,-1,-1
10085,TVF794zTNF,-1,-1
10086,SilentBull,-1,-1
10087,IS1904485e07d2c0e6b0688,-1,-1
10088,ZBh6VOjkI9,-1,-1
10089,IS100502b2ae571fbab1f95,-1,-1
10090,IS11761421d5e1e0c3de25f,-1,-1
10091,Zoosmell Pooplord,-1,-1
10092,BGEg6XbXiq,-1,-1
10093,IS158e0cac874de44b57035,-1,-1
10094,Pleko,-1,-1
10095,IS177c03b910f9897e9487d,-1,-1
10096,IS1c0cf760f70714af0ec52,-1,-1
10097,IS1ddb2d023fee968c0d839,-1,-1
10098,IS154cb533b186afd41166e,-1,-1
10099,IS17ff9f5f3c823d73371e1,-1,-1
10100,IS1cc74de242202e822ecb0,-1,-1
10101,IS1e962ef055d1049f1f8ec,-1,-1
10102,Basil Cotton,-1,-1
10103,Nighteyes,-1,-1
10104,Doc0y0SVjU,-1,-1
10105,IS1b88d497eec5de360328e,-1,-1
10106,IS1b517ed650caabb9c2cb8,-1,-1
10107,IS1f770dd7f26ff79168416,-1,-1
10108,IS1e1b650f80e10449ee9d5,-1,-1
10109,TommBombadil,-1,-1
10110,IS13482beea9592a3cc7ffb,-1,-1
10111,IS16c4bc6e83e0a55c7c9c3,-1,-1
10112,IS10c52c2b966224cf94d1e,-1,-1
10113,jimlaff,-1,-1
10114,IS1597d2d4a6b5bd135754c,-1,-1
10115,IS15f8da208f540ff782a5f,-1,-1
10116,IS1499a6f605b9ee351c7d2,-1,-1
10117,IS1eac65b7a04df9f8abeaf,-1,-1
10118,alyph,-1,-1
10119,IS1acbe71f75762ffc890f1,-1,-1
10120,PunchWhileRap,-1,-1
10121,IS19193838f83015a3e7d30,-1,-1
10122,IS1e8eea45bce393cefe265,-1,-1
10123,Kiftyx,-1,-1
10124,IS13d665cea702d1f85acda,-1,-1
10125,Florunn,-1,-1
10126,IS17c0fbf2d36ad880a9a4e,-1,-1
10127,IS1f0f6d38fdf582952f3b1,-1,-1
10128,The Kessel Run,-1,-1
10129,csshakka,-1,-1
10130,KingM lol,-1,-1
10131,IS1d05be85e1b8df3f8ced4,-1,-1
10132,IS1617e33fe25166afca9d9,-1,-1
10133,IS144ece5d80878eb770436,-1,-1
10134,jxg7898292,-1,-1
10135,IS12f39b16328448942822b,-1,-1
10136,IS1a7e19b8abb7d85aa204e,-1,-1
10137,IS1c29c24f3fbfdb8d96d71,-1,-1
10138,Dense Illusion,-1,-1
10139,mackey,-1,-1
10140,ADDL,-1,-1
10141,Yulaw,-1,-1
10142,nsfw gif,-1,-1
10143,IS1d8e520c2b9461c0a3d35,-1,-1
10144,IS130af60a0a87cc92604da,-1,-1
10145,IS145add6d61e52df5a03ff,-1,-1
10146,wannawannabingbang,-1,-1
10147,IS1d123f54b741a76f28f84,-1,-1
10148,IS145c84f3f27b7b5ad1e2d,-1,-1
10149,IS1930fbbe8a5d979d29205,-1,-1
10150,Gurkinstein,-1,-1
10151,IS110852675ac6ee7dc9e40,-1,-1
10152,uoP46LHmdS,-1,-1
10153,IS1d962dbe6d3322f723ca6,-1,-1
10154,IS176db476ac1c915c76dbf,-1,-1
10155,IS1be5216f187a82c20936e,-1,-1
10156,bomsie,-1,-1
10157,IS1c78f9cb03ec0a7ddaf1f,-1,-1
10158,IS1c92feb59154517223dc9,-1,-1
10159,omGeo,-1,-1
10160,IS14e9f47fd52b3dc69779c,-1,-1
10161,IS1890f9fcfc45b8a227baa,-1,-1
10162,IS13b0b56e9e9ed8d4015f0,-1,-1
10163,coroy,-1,-1
10164,IS165188b5785c193ca3a6a,-1,-1
10165,IS114217b7961d1870ee76b,-1,-1
10166,Plaid Fedora,-1,-1
10167,IS1396f4a6c7bb57dab3e87,-1,-1
10168,Pudgeball,-1,-1
10169,EllEssDee,-1,-1
10170,IS17c5b649290dfbf019285,-1,-1
10171,IS179f7039912b62d92e2f1,-1,-1
10172,IS1d789c98a82a7ef958736,-1,-1
10173,IS1dc3be9693b33f50fdb48,-1,-1
10174,IS13238495a9f07d061703c,-1,-1
10175,Abbot,-1,-1
10176,StriderEX,-1,-1
10177,IS1dc95e1dae88d8993a678,-1,-1
10178,Je7XCY0i5O,-1,-1
10179,IS12cb786883eb2afd6f47f,-1,-1
10180,Zaera,-1,-1
10181,IS163b7994befc83f774746,-1,-1
10182,ironmics,-1,-1
10183,zBhWlg6j8H,-1,-1
10184,Mokoho,-1,-1
10185,IS105386ea51a6bff8803e7,-1,-1
10186,IS1f2d8cacb44921722e753,-1,-1
10187,RastaJoint,-1,-1
10188,IS1ff4400a28da671b8ff91,-1,-1
10189,IS14fa665d31d3b4df81b56,-1,-1
10190,HJEIvFUXdD,-1,-1
10191,IS1ac45349d84a80667a0bc,-1,-1
10192,IS185e4814b3e74dee4a724,-1,-1
10193,IS1829c43eed59705e9bcdb,-1,-1
10194,StreeK,-1,-1
10195,GarethLewin,-1,-1
10196,IS19c128030ab1b7281f37a,-1,-1
10197,IS1e5aa93fd5407f041b53d,-1,-1
10198,Baerd,-1,-1
10199,IS1a6e4a6da6e1308ccc4e0,-1,-1
10200,IS13af5bd167488ff19012d,-1,-1
10201,Manapoints,-1,-1
10202,Bending,-1,-1
10203,IS19a9c0068fef43dfb87e9,-1,-1
10204,IS191283ec434a52da0d4e2,-1,-1
10205,Tyrael,-1,-1
10206,theMaster,-1,-1
10207,IS1a5cb54ac0f38bf477af4,-1,-1
10208,IS108c5fd5522dcdb519fde,-1,-1
10209,IS1789b1d71815e8ea4f4b0,-1,-1
10210,IS1de77ff3145e5f321f2c5,-1,-1
10211,ZIMTvGo9GS,-1,-1
10212,IS12a5fa130468f4cf641ef,-1,-1
10213,Sacrifise,-1,-1
10214,IS115cf590d18ebb6c26561,-1,-1
10215,IS14ae7570bf137f30abd21,-1,-1
10216,IS112af86dfc0574ff4c01f,-1,-1
10217,IS12650146f3e48cb85d257,-1,-1
10218,IS1057d44263e674078a7fd,-1,-1
10219,IS14029513ebf9295e0d34f,-1,-1
10220,IS146dbafd0fd2d19540e44,-1,-1
10221,IS1ec353921a55c579ee26d,-1,-1
10222,Bloomzykinz,-1,-1
10223,IS1b954027854709b476c75,-1,-1
10224,IS133d3e1c8a9aae5cfda35,-1,-1
10225,IS1f50cc0f260e0e7a62296,-1,-1
10226,IS17c2c385f8d4470117a0d,-1,-1
10227,IS13eb7c840fdeb3c65808e,-1,-1
10228,Newbgasm,-1,-1
10229,IS15b050df59005c3cff238,-1,-1
10230,Atma,-1,-1
10231,IS19785900bcfd258bdecea,-1,-1
10232,IS181230b651ecf00d27180,-1,-1
10233,IS18ad869e9cf0294c53c8c,-1,-1
10234,IS1375828c5494c2f6e7685,-1,-1
10235,IS1efdc9d79e94c4921bb40,-1,-1
10236,Idwal,-1,-1
10237,IS101b24b9380e86d939842,-1,-1
10238,IS10e982983be499e57ccda,-1,-1
10239,IS1d5b0e361ce4f0b24d037,-1,-1
10240,IS1cedc470043e1d3686176,-1,-1
10241,IS19ee6b08ca64edb818e2b,-1,-1
10242,falc0nit3,-1,-1
10243,Smmmmmmmmmmart,-1,-1
10244,IS13f7451544623e3f75f93,-1,-1
10245,IS165a77a3d9c92cadf124d,-1,-1
10246,IS1c64b2916c0824c715923,-1,-1
10247,IS19cdf57d06eaf2eb3cff6,-1,-1
10248,IS17ca7b7d9b2d2b997135f,-1,-1
10249,Daoz,-1,-1
10250,IS182a3ed18ff6d7a5777bf,-1,-1
10251,Kamiya,-1,-1
10252,GeneiJin87,-1,-1
10253,IS1cc2526e348105892dd3a,-1,-1
10254,IS1ea2e20ca9c166ee52f9e,-1,-1
10255,IS1adba41e5eaf26d1960a7,-1,-1
10256,LeGeR,-1,-1
10257,KOTAKK,-1,-1
10258,RiLLs,-1,-1
10259,IS12f5d8b5bc36f60304a15,-1,-1
10260,IS19fc5ac26db17e02a9e33,-1,-1
10261,Raph,-1,-1
10262,IS16223785fddb18353bafe,-1,-1
10263,IS1cbf1ed5cb005db32f994,-1,-1
10264,IS12b743cc9d6ad5fffdfa4,-1,-1
10265,IS1675bdeb33584b755f680,-1,-1
10266,jackokim,-1,-1
10267,RoH The Boss,-1,-1
10268,HellaBooya,-1,-1
10269,IS1421f0a3b4f32e8312e3d,-1,-1
10270,4574zQfEtI,-1,-1
10271,IS14966b8ea257c4352ebe9,-1,-1
10272,IS17c806c9b23ed00a1a28a,-1,-1
10273,Lilimann,-1,-1
10274,IS1adb761f67dd708c1325e,-1,-1
10275,No Moss,-1,-1
10276,IS118f57a29c8f0ea7008ff,-1,-1
10277,eL46TZVTv7,-1,-1
10278,Sikhism,-1,-1
10279,IS1f416b7d3cf7bd5cb8153,-1,-1
10280,Sovano,-1,-1
10281,Essix,-1,-1
10282,LeperWalrus,-1,-1
10283,Kargonite,-1,-1
10284,IS1520949d36b24ebad7fb0,-1,-1
10285,IS1a1df17bd75d09abbefed,-1,-1
10286,IS134f789fb0175802326d3,-1,-1
10287,Sippy,-1,-1
10288,IS1a4617e285b4494126fbf,-1,-1
10289,IS1f9aef00c9d372f114482,-1,-1
10290,Tahiri,-1,-1
10291,IS1446a0668afed3012daa2,-1,-1
10292,UvsKzb672D,-1,-1
10293,NastyBadMan,-1,-1
10294,IS1d4ae4838f0ad8e39bf11,-1,-1
10295,IS1bc938071715257cc62b9,-1,-1
10296,IS12d3f8870ea979b91a5a3,-1,-1
10297,Wildhorn666,-1,-1
10298,IS1ea2ca2053b78bf65fd2c,-1,-1
10299,Zalterax,-1,-1
10300,IS191a9251c5fa6d49aa873,-1,-1
10301,Bretech,-1,-1
10302,IS129873fefc2a4b06377fa,-1,-1
10303,Gankinator,-1,-1
10304,IS149ad9d08f303267f9bc4,-1,-1
10305,IS12b61f71124a219db6e3e,-1,-1
10306,xzzzgsa,-1,-1
10307,shamrockblues,-1,-1
10308,Liam,-1,-1
10309,SansSense,-1,-1
10310,Deoxislipe,-1,-1
10311,IS19f1918165a0a8c503297,-1,-1
10312,Anonymuzz,-1,-1
10313,IS1e086dc5f596b84370e86,-1,-1
10314,IS17a5fa5cac98bd7d78dda,-1,-1
10315,oblivion19821,-1,-1
10316,jVfqDuVdOu,-1,-1
10317,Syndicated,-1,-1
10318,IS1db3a5402aac9db25cc5d,-1,-1
10319,Lostconfused,-1,-1
10320,IS1e2dd371add568dd19e23,-1,-1
10321,IS186f6b32ed950eec5621d,-1,-1
10322,RogueBurger,-1,-1
10323,KurosakiTheRave,-1,-1
10324,IS1ded9800b3a754fc07e5c,-1,-1
10325,CitiusLabrynth,-1,-1
10326,IS1e5bf7f206125959921d7,-1,-1
10327,MelodicAssassin,-1,-1
10328,IS1792ba8a9cbcba6c1881d,-1,-1
10329,IS10ae4b3e843dc7cbab0f7,-1,-1
10330,Cynetix,-1,-1
10331,IS1fd5c285f6a1e12622bdd,-1,-1
10332,IS15a3f95e3e9530a579d14,-1,-1
10333,beautifulEXTREME,-1,-1
10334,IS194c60871d700d953f2f5,-1,-1
10335,IS132939156a842c93a84be,-1,-1
10336,RagedBeast,-1,-1
10337,Z3 Zeox,-1,-1
10338,IS142d42a17c2bf4feff069,-1,-1
10339,IS109f2f95034e570aea982,-1,-1
10340,IS1bc7a5932461b635064a2,-1,-1
10341,Eftess,-1,-1
10342,IS1b6739d06a2ea3187f5ca,-1,-1
10343,Darktronik,-1,-1
10344,IS16312bfc0fe30da009595,-1,-1
10345,IS19af60aab04457a6565a6,-1,-1
10346,no0bee,-1,-1
10347,IS184b75c48bebb18709bfb,-1,-1
10348,Dense Allusion,-1,-1
10349,bin4ry,-1,-1
10350,IS17d2bd3026ce457dcfd8e,-1,-1
10351,Tween,-1,-1
10352,IS1ab7d9b6c435a08a8b0d9,-1,-1
10353,pjiswin,-1,-1
10354,IS10fd7d692a8286a587a67,-1,-1
10355,knaa,-1,-1
10356,IS126cc1158a8735d548eaa,-1,-1
10357,IS147355be87cbf41d31ca4,-1,-1
10358,IS134536b85d307e6215b26,-1,-1
10359,IS15adca8aec592cd14edd9,-1,-1
10360,z76c03AfAa,-1,-1
10361,IS1202135dd6ed947ed32da,-1,-1
10362,IS1f79a630fb613dcd23449,-1,-1
10363,IS15fe5170288a0b5bfc089,-1,-1
10364,CrazyUnicorn,-1,-1
10365,Banjomoose,-1,-1
10366,IS158e3779ecc84d72a6d8c,-1,-1
10367,IS16a0999b426631c0b5ff8,-1,-1
10368,nickyfizzle,-1,-1
10369,KilawoK,-1,-1
10370,Llamadeath,-1,-1
10371,IS1e73e63418003b47d7d56,-1,-1
10372,YlMUmXCNLy,-1,-1
10373,IS157f26bd6ef46e3fbeae5,-1,-1
10374,IS1c82c5d390079cad8f194,-1,-1
10375,IS1ddab4a963d3ac9bdc9a3,-1,-1
10376,Boda1,-1,-1
10377,IS13c7ddc6cc5134a7e68a8,-1,-1
10378,ONCE Thully,-1,-1
10379,IS15b3903891b885dc686f9,-1,-1
10380,rambyte,-1,-1
10381,IS1edeb3f600c515715a358,-1,-1
10382,Simoom,-1,-1
10383,IS19930b20ae959920a99a4,-1,-1
10384,IS1bc444a533b98d9381690,-1,-1
10385,IS10405991a333187181f7e,-1,-1
10386,IS12cb1b2268a2f94a2abcf,-1,-1
10387,KRBCRQQU1,-1,-1
10388,IS1e900118caa579ea1b7be,-1,-1
10389,IS1ba4f6cb07254637a6133,-1,-1
10390,IS17a8f8ebe955363b7b260,-1,-1
10391,Keshiji,-1,-1
10392,Nelthilta,-1,-1
10393,FrieAaron,-1,-1
10394,Grumpy Kangaroo,-1,-1
10395,IS15472461b05cf41f717ee,-1,-1
10396,Ospen,-1,-1
10397,RisenOne,-1,-1
10398,IS19d1c5ed9649c18433916,-1,-1
10399,IS17573285ae1a41025f5dc,-1,-1
10400,Hitronak,-1,-1
10401,IS18a6b7f7ded54074cc8c6,-1,-1
10402,IS1277730a1c66d8b38dee3,-1,-1
10403,IS15967660b92ec62db720f,-1,-1
10404,IS1e344f15ae0bfafd47a67,-1,-1
10405,IS19ddaf993300be03ac70f,-1,-1
10406,IS1e490a5fab20c4a69f586,-1,-1
10407,kzUpANZVLT,-1,-1
10408,IS190ec434c0bee994095ed,-1,-1
10409,OP You Say,-1,-1
10410,IS15846994a756f211e530b,-1,-1
10411,IS1aea5fef0722f8b1edf99,-1,-1
10412,IS142bd344c1600aaca6165,-1,-1
10413,IS192faa97fd3d2dc40f1cd,-1,-1
10414,IS153de634b23780365f976,-1,-1
10415,Anthraax,-1,-1
10416,JyOQsnt2GS,-1,-1
10417,7EihIzgDtl,-1,-1
10418,konkai,-1,-1
10419,IS1c53146a0064ca373ddef,-1,-1
10420,IS180edada823df9cb45a93,-1,-1
10421,stuply,-1,-1
10422,IS1d6243b753ec33584a8df,-1,-1
10423,IS106773153e7ef375fc68c,-1,-1
10424,IS1de9b03bde05c2ca7c285,-1,-1
10425,IS12383bec61a7136d4ecb9,-1,-1
10426,IS1f5279bcc6f9813c8fdcc,-1,-1
10427,IS14aa275e07ddbbd922a5e,-1,-1
10428,KIWACTM,-1,-1
10429,IS11917a195adc43f641529,-1,-1
10430,C0l0n1zeM4r5,-1,-1
10431,Brashnack,-1,-1
10432,IS16e902666df5c7821259a,-1,-1
10433,IS1908d63d225c4859a0f1b,-1,-1
10434,IS1fc25689522435f35fedf,-1,-1
10435,Pwnda Baba,-1,-1
10436,miker42,-1,-1
10437,VZLoki,-1,-1
10438,IS1e6e5ad1e11ebdb6d4d76,-1,-1
10439,IS16a1fac9b420ebeb2efa0,-1,-1
10440,IS1f737cefcdafcf3752452,-1,-1
10441,Chewie,-1,-1
10442,Black Heart,-1,-1
10443,unmademan smurf,-1,-1
10444,DejaVu,-1,-1
10445,IS1015406e3f53558e5bed2,-1,-1
10446,IS159a43435efa67f200828,-1,-1
10447,Namalbalbi,-1,-1
10448,Methodeux,-1,-1
10449,IS104ac97b2ef3ed37476f6,-1,-1
10450,Derogatorey,-1,-1
10451,redddd,-1,-1
10452,Pullmaaseemma,-1,-1
10453,IS158afaca324c43c40787b,-1,-1
10454,Shigernafy,-1,-1
10455,IS18ecd04bfd992fd193fb3,-1,-1
10456,IS15ed567d15af0be224952,-1,-1
10457,Dark Kamui,-1,-1
10458,IS1139f429ebfe6e8cdea0b,-1,-1
10459,IS1856e1bb2c75dda01a4f0,-1,-1
10460,IS158322bc169943b39f1d8,-1,-1
10461,Shainx39,-1,-1
10462,IS164f3214f86af1e1504a2,-1,-1
10463,IS1d65cf3a3f3161ff7b272,-1,-1
10464,IS14a0e8054e174bc0da4bb,-1,-1
10465,VMdKfjAKyA,-1,-1
10466,Otacon,-1,-1
10467,IS184fc97ee5095410d4dec,-1,-1
10468,IS1393df1591310e6811118,-1,-1
10469,pxflC07Zlt,-1,-1
10470,IS14ca8e91a4651036c5aa9,-1,-1
10471,IS1a5de309d8fd741894447,-1,-1
10472,Excelsious,-1,-1
10473,IS14ce25a291c4b7a9856c0,-1,-1
10474,IS14565642728e609db8a7c,-1,-1
10475,IS1a120b23bde75c46e76c6,-1,-1
10476,Doomborn,-1,-1
10477,kenji1349,-1,-1
10478,Darkraptor,-1,-1
10479,ikO0YBwd1M,-1,-1
10480,IS128037b4199740df767e6,-1,-1
10481,IS17397d3fae8e0e66b6554,-1,-1
10482,IS1d34fe7865a10a25ae39d,-1,-1
10483,OcM4ssReo,-1,-1
10484,Calon,-1,-1
10485,Zarcodine,-1,-1
10486,IS1fe9504d1f05ae8576001,-1,-1
10487,rRzrfyn4LK,-1,-1
10488,Halcyon00,-1,-1
10489,IS1221fead61c84de7527a3,-1,-1
10490,IS15d3511b2b1d93f6bed4d,-1,-1
10491,RankEleven,-1,-1
10492,IS1e8cd557209ff026d8e08,-1,-1
10493,IS1cddb829073c29a8d3a3a,-1,-1
10494,IS14ba4465647f0cd89c245,-1,-1
10495,Oxygen,-1,-1
10496,afex,-1,-1
10497,deeg,-1,-1
10498,IS13bbc975a057f7cd02fb6,-1,-1
10499,z1sdF9nsRk,-1,-1
10500,Vensy,-1,-1
10501,Maldredior,-1,-1
10502,IS141b98bd85907244c4c30,-1,-1
10503,IS12f137b4c34cfa40a3a4d,-1,-1
10504,IS1db5ff182d45c92bef0ec,-1,-1
10505,Br6NMJK7d0,-1,-1
10506,IS11530b342bae6a5e59de4,-1,-1
10507,5eSIit0IdE,-1,-1
10508,IS1f964a2550ba7b98f29a6,-1,-1
10509,Vincent,-1,-1
10510,Buster,-1,-1
10511,IS116bdeb56ff1af6cec7af,-1,-1
10512,CFBunny,-1,-1
10513,BTI5SDpMrw,-1,-1
10514,IS1ccb7a4cd1f135786c415,-1,-1
10515,IS1aca7b5a3fdc316b2d737,-1,-1
10516,Mathwel,-1,-1
10517,annoyboye,-1,-1
10518,nastidon,-1,-1
10519,IS1309d80ace80b9960f7d0,-1,-1
10520,IS1fd117c8f87c3c61d7d5d,-1,-1
10521,IS17c130e63c0e38e5553a8,-1,-1
10522,IS182613ee5d3133d28cc01,-1,-1
10523,IS1133a06c7ac5b90d15d2a,-1,-1
10524,atari6,-1,-1
10525,IS1fc8c658af2b91952ce8d,-1,-1
10526,IS1d1633cfd64f78e856bd3,-1,-1
10527,Migishu,-1,-1
10528,IS115f5a71c1dab4bb54f7c,-1,-1
10529,IS178859695b10896513b3d,-1,-1
10530,Bhindi,-1,-1
10531,oh Swiss,-1,-1
10532,IS1ed3c7f82fc05f269947a,-1,-1
10533,IS107f92111ad9d65959cd3,-1,-1
10534,IS14f92a03085ef47061c4a,-1,-1
10535,IS1c1d3840ade4161cf7406,-1,-1
10536,IS1ea1d914ac27cec5ae528,-1,-1
10537,IS1d9a511a4af7e6d1fef81,-1,-1
10538,IS13d8cd5bbcefd8a59191f,-1,-1
10539,IS1d73e571f8140dc519e0d,-1,-1
10540,D11us,-1,-1
10541,Oculu,-1,-1
10542,IS1505eb828d442de03f2e9,-1,-1
10543,IS12efd795951253db5cdfb,-1,-1
10544,JaggerMcDagger,-1,-1
10545,IS1da20d61b1b489af1a281,-1,-1
10546,Stephanii,-1,-1
10547,Tex8503,-1,-1
10548,Darenas,-1,-1
10549,IS106d11f32a62f37e2101a,-1,-1
10550,IS17bc820a1e2d02f055dfe,-1,-1
10551,In The Brown,-1,-1
10552,fiberoptnic,-1,-1
10553,IS12e220e109b176733be8b,-1,-1
10554,useyourhair,-1,-1
10555,IS1877c86d50c266a38b636,-1,-1
10556,IS18d4cb16f87505dcb60ca,-1,-1
10557,IS130196ed047f0ed2ee15c,-1,-1
10558,IS18bf423948596f415072b,-1,-1
10559,ToriBio,-1,-1
10560,IS13dab8681a460779b8429,-1,-1
10561,IS1e1a4267fa9bb77fa1428,-1,-1
10562,IS10e071d152145344b741d,-1,-1
10563,IS1469ad3a7ad1eadce49d1,-1,-1
10564,IS1654a3d9d9768b1b7b91a,-1,-1
10565,IS11a4b2e9e47c4ac441bec,-1,-1
10566,IS11a667d5e01868827a9af,-1,-1
10567,IS167e626f871de617d508c,-1,-1
10568,CokeZamora,-1,-1
10569,Sheepshaman,-1,-1
10570,IS10dc79ef2b50af850de6f,-1,-1
10571,Seymaar,-1,-1
10572,Ineighn,-1,-1
10573,damagedsouls,-1,-1
10574,2xjarU2i59,-1,-1
10575,IS18ef9cbf36de8af092959,-1,-1
10576,mjb101,-1,-1
10577,IS1396cf3ad1f20355b5ea7,-1,-1
10578,IS16a7648d1518f17a77637,-1,-1
10579,patmeorelse,-1,-1
10580,OrjhcgELH0,-1,-1
10581,Celetra,-1,-1
10582,IS101e1825eadbb39fcde11,-1,-1
10583,IS16ff9a26065d66ecd7146,-1,-1
10584,IS154c6a6dfb3ebbcdc3404,-1,-1
10585,IS12079f7d1f77fca1c5cc2,-1,-1
10586,Nyuptuneeri,-1,-1
10587,IS10ea640df31ff78b3158a,-1,-1
10588,tNMbcsYa5M,-1,-1
10589,IS1ccd85c791b5d351aa327,-1,-1
10590,augustobs,-1,-1
10591,First Friday,-1,-1
10592,IS1bc99d596e58638e342b0,-1,-1
10593,MonkeyDoodle,-1,-1
10594,IS1a429d0930c9ad13d1311,-1,-1
10595,IS114ef82febede1e7419ac,-1,-1
10596,IS1297c8c8a8c32378e89b4,-1,-1
10597,Nite,-1,-1
10598,IS14b6ff4d1fd1cd2bbb244,-1,-1
10599,FrozenEskimo,-1,-1
10600,IS14b0e3ebe4c6dd165a358,-1,-1
10601,IS1502b4ef4136466b13fcc,-1,-1
10602,Tomplus,-1,-1
10603,IS17a48cb35b729caf61eb5,-1,-1
10604,Fragbit,-1,-1
10605,uXv7GKDgWw,-1,-1
10606,Zoulgen,-1,-1
10607,IS15a97a33dac10ce454ca4,-1,-1
10608,IS10f6d91050495d632d6e0,-1,-1
10609,IS1f79a20503c23e67cea69,-1,-1
10610,IS1b38528050a84d852bf13,-1,-1
10611,Trannywhorusrx,-1,-1
10612,caulMaria,-1,-1
10613,Trojankiller,-1,-1
10614,Artemis Entreri,-1,-1
10615,IS189e713cdff1641128004,-1,-1
10616,IS1c42a40d52288a30bd915,-1,-1
10617,IS16e54fca5f0f61b0e9b5b,-1,-1
10618,IS143d604bbb161072120b9,-1,-1
10619,varekkai,-1,-1
10620,theqat,-1,-1
10621,xSprayandPreyx,-1,-1
10622,MDKi,-1,-1
10623,ronce,-1,-1
10624,IS1c80b9a7309311f4f9b13,-1,-1
10625,IS1b101cd6fc6bb690231f9,-1,-1
10626,IS122d0fc5dbbf5a2aa0b39,-1,-1
10627,IS1241720bfad6c7f671255,-1,-1
10628,IS17fcd8e4f1eaef4e4e8f7,-1,-1
10629,IS1ab3b6ae7d718587f654e,-1,-1
10630,2NjWyZ1rlD,-1,-1
10631,IS1572ea4d560578eec954b,-1,-1
10632,IS1275d5179f3b6d9e86e7d,-1,-1
10633,IS1e42e80ccda0c6dd0b027,-1,-1
10634,IS178fb10b606ab62015744,-1,-1
10635,IS110712686ebd5611812af,-1,-1
10636,IS19f1acc13065dec46fe25,-1,-1
10637,BotAnihilator,-1,-1
10638,IS1c0cf78bde4e16e98ac28,-1,-1
10639,IS160c0023f399e992eb747,-1,-1
10640,IS10f47beb8011d8ecb1462,-1,-1
10641,OHlmRNo709,-1,-1
10642,IS128ecf9a73549fab9baca,-1,-1
10643,IS147eb89c72b9bac209312,-1,-1
10644,Gzen,-1,-1
10645,Davee,-1,-1
10646,Relith,-1,-1
10647,Phithaya,-1,-1
10648,IS14164bf71aa36a8dd265e,-1,-1
10649,IS11e40fb9b66d6fd114f7b,-1,-1
10650,IS103548b21c0e40e9cd7af,-1,-1
10651,Defranco,-1,-1
10652,Eskuro,-1,-1
10653,IS1b311049c6f5bafd85269,-1,-1
10654,Notvitamin,-1,-1
10655,powerglove1,-1,-1
10656,WeaselX,-1,-1
10657,NaughtyFox,-1,-1
10658,IS1bf64e3f320973119b959,-1,-1
10659,Ace of Poultry,-1,-1
10660,IS1ce542d6541ea178e4f25,-1,-1
10661,IS13404552f1c3df84df9ec,-1,-1
10662,Tankosaurus,-1,-1
10663,IS19ea8126410f9331886e8,-1,-1
10664,IS1c2f2892648f76473bbda,-1,-1
10665,IS109b314e43a1d9e3e9dfa,-1,-1
10666,oh Kiddo,-1,-1
10667,IS1baacf29f1b7286976f53,-1,-1
10668,IS18cca2b23a6d9a75ccedd,-1,-1
10669,DivineKaze,-1,-1
10670,Whitebushido,-1,-1
10671,Guadalajara,-1,-1
10672,IS1c72afb19be45bb418d02,-1,-1
10673,IS16ab0acc3b8a2360cde7c,-1,-1
10674,Grif,-1,-1
10675,IS16b63d97272834132843c,-1,-1
10676,IS1bbca75ab9fe51f54664a,-1,-1
10677,IS1126cb61be9f97c55ba85,-1,-1
10678,IS10fa1120088e704712fb2,-1,-1
10679,Chumppell,-1,-1
10680,IS19b8619b6349165556f65,-1,-1
10681,IS1f8e7791e821588d20db3,-1,-1
10682,GMarza,-1,-1
10683,Falchii,-1,-1
10684,Hi Im King Rammu,-1,-1
10685,IS1df8bcdb388db0e32d496,-1,-1
10686,IS1c44636473f095a6070ac,-1,-1
10687,Dribskram,-1,-1
10688,IS1cb5877f2d7f8beeba07f,-1,-1
10689,IS139acb17b035ab8963f18,-1,-1
10690,IS1d4c057037f430cd25b73,-1,-1
10691,MeltedCanary,-1,-1
10692,IS1c9855203ac93e4c05119,-1,-1
10693,grpgm,-1,-1
10694,IS15382a0e1ac3e1d925b13,-1,-1
10695,IS1d250b1a65a9bbe4bb5d9,-1,-1
10696,TrayTray,-1,-1
10697,thegreens,-1,-1
10698,IS1f208328b48cbea738d86,-1,-1
10699,Langrisser,-1,-1
10700,IS168f3b33b22634b8adaea,-1,-1
10701,IS1598a2b87005cec4b6830,-1,-1
10702,IS17db574e461fbe467d84e,-1,-1
10703,qUE0z5mfvl,-1,-1
10704,IS1b49af03528f6f02eccd7,-1,-1
10705,IS18c25c5f0b81cab94cc87,-1,-1
10706,IS17642af67d9bc82a8b3cd,-1,-1
10707,IS16aa9be9de71a674e3769,-1,-1
10708,Veritox,-1,-1
10709,IS1cd2b88ec7c59f985cb41,-1,-1
10710,IS1ad20314b2eb42fd3a5bd,-1,-1
10711,LechonTragaCOCO,-1,-1
10712,IS1d969f4ca491ed04b0149,-1,-1
10713,IS1f59cc07abb95d3e4a1d4,-1,-1
10714,SickLilReggie,-1,-1
10715,IS1507428e333d99b58c169,-1,-1
10716,DariusTwin,-1,-1
10717,LollipopMan,-1,-1
10718,IS1e7c63a49221213a928e6,-1,-1
10719,ethos123,-1,-1
10720,IS15f2a67e0e5be24012f09,-1,-1
10721,IS1da670a1c7a20eee7322d,-1,-1
10722,IS11a0bb8c946522067e902,-1,-1
10723,Stellary,-1,-1
10724,IS1cdfd882774225f04775f,-1,-1
10725,Fyshi,-1,-1
10726,IS1dbb9d4e060d03ed531ba,-1,-1
10727,IS12eb8b44650bcbe384561,-1,-1
10728,legacy only,-1,-1
10729,Sopris,-1,-1
10730,azureowl,-1,-1
10731,King Okay,-1,-1
10732,IS152e4c750f194dd5cccfd,-1,-1
10733,IS1c6ade2c1da1c06c5213f,-1,-1
10734,IS1c1f77c8bcc7238979ac1,-1,-1
10735,5rqgaL8fDt,-1,-1
10736,IS11e6714522e71cdad18b5,-1,-1
10737,IS151a813e70d50bc24e15f,-1,-1
10738,IS115480c30159fa7d89d85,-1,-1
10739,w2rJHHhsFV,-1,-1
10740,Shabutie13,-1,-1
10741,IS1a6654d787f07eee84d2c,-1,-1
10742,dacakeman,-1,-1
10743,UScr00ge,-1,-1
10744,MasNegro,-1,-1
10745,OzcQ1PTD8b,-1,-1
10746,IS1051ed7ff1ef0f1aa11be,-1,-1
10747,IS1ed3436bb57d2b5eed048,-1,-1
10748,IS12a8e0df44e0b19aea664,-1,-1
10749,Equalizer,-1,-1
10750,IS1fe25346c8e5a103a34ff,-1,-1
10751,Z3 Fotten,-1,-1
10752,IS1f08f00912ae5292162f6,-1,-1
10753,Corchanya,-1,-1
10754,cronohl,-1,-1
10755,f546tdfssd,-1,-1
10756,IS1b8c94e0a9e78b912307f,-1,-1
10757,IS1cda7debfb19c3abef4af,-1,-1
10758,IS1345eefda7e85c449b783,-1,-1
10759,IS14d6743e38059a8544f34,-1,-1
10760,Lokanas,-1,-1
10761,IS156fe463934320cf9444e,-1,-1
10762,IS1c8d8f79481dbf896267a,-1,-1
10763,JimmieRusslin,-1,-1
10764,IS1c08b8cdeb961418d126d,-1,-1
10765,IS13c7e7d9b8f154930b010,-1,-1
10766,F5fury,-1,-1
10767,IS1d537bf1da2e615ce82e5,-1,-1
10768,OverCookedBacon,-1,-1
10769,IS1369164be6775d5fab1af,-1,-1
10770,nekitamo,-1,-1
10771,IS149414323f55a9e3c4e36,-1,-1
10772,IS15ad0214414035feb0453,-1,-1
10773,DamageSeasponge,-1,-1
10774,IS1a57cf6daa1dd645fc85c,-1,-1
10775,IS1e750f4bb131e66fb3825,-1,-1
10776,phoix,-1,-1
10777,IS11de8a725fa2ed61498a4,-1,-1
10778,Robotfiend,-1,-1
10779,Pho Reals,-1,-1
10780,RexKahn,-1,-1
10781,Skulk,-1,-1
10782,BLOODYPIKACHUU,-1,-1
10783,Gent,-1,-1
10784,z3KpSnzxoJ,-1,-1
10785,IS11e3e55c62c02659c6d5d,-1,-1
10786,IS196154db06b95c14d6735,-1,-1
10787,IS1bfc506986533d396cbfa,-1,-1
10788,SnEvS,-1,-1
10789,IS129a70efa93d7bf060914,-1,-1
10790,fHLfHHxTtq,-1,-1
10791,IS1d1b8dbb90cb3c01ea7d5,-1,-1
10792,IS1db3dfa2037ccd7e52309,-1,-1
10793,ilovebebo,-1,-1
10794,Delta2992,-1,-1
10795,IS1513b54a08ff4c246a62b,-1,-1
10796,4SZmxgZpFL,-1,-1
10797,IS10d2293e95ef842b9e773,-1,-1
10798,deson,-1,-1
10799,Bullet,-1,-1
10800,IS14135de74355770b7c785,-1,-1
10801,iM1TwDnFZf,-1,-1
10802,Strief,-1,-1
10803,V3pXUIWjvV,-1,-1
10804,IS1c873f5f421d5880e88d6,-1,-1
10805,IS1cc2227b5a8c33fa00680,-1,-1
10806,dickyta,-1,-1
10807,CreamySmooth,-1,-1
10808,Melisa,-1,-1
10809,Forgiven Angel,-1,-1
10810,IS10e5d83392492aea62a39,-1,-1
10811,badajos,-1,-1
10812,snipegunner,-1,-1
10813,Darthzaum,-1,-1
10814,Daeidon,-1,-1
10815,Best Nidalee SA,-1,-1
10816,IS19123ba6f870ab07e6fbb,-1,-1
10817,e7sWFHRXOl,-1,-1
10818,IS1fea1f6f6bf144dbc7908,-1,-1
10819,FeltMountain,-1,-1
10820,AnziD,-1,-1
10821,iziComeEasyGo,-1,-1
10822,che0ng,-1,-1
10823,IS1952f94c5d61726027439,-1,-1
10824,Dark Takeshi,-1,-1
10825,IS1c89313e8109bb6504a68,-1,-1
10826,Ichimaru,-1,-1
10827,BloodSurge,-1,-1
10828,DoublePI,-1,-1
10829,IS1b49aba60cff3b368ed95,-1,-1
10830,David Davidson,-1,-1
10831,Unseen Jester,-1,-1
10832,wdercv8,-1,-1
10833,6513516,-1,-1
10834,rtpEicyvZO,-1,-1
10835,bentrombone,-1,-1
10836,IS17a4f9b745366e4f9431b,-1,-1
10837,Oxford,-1,-1
10838,Banryu,-1,-1
10839,Denius,-1,-1
10840,IS196d13c4b594cbdf03184,-1,-1
10841,ugapa,-1,-1
10842,Fire,-1,-1
10843,RoulF8wgy3,-1,-1
10844,IS104fb4ea891d63104a5a3,-1,-1
10845,IS15f89edf17f37dbca107e,-1,-1
10846,IS16c19003667a447475589,-1,-1
10847,timbalt,-1,-1
10848,IS1b5af04558a5c49a5d51e,-1,-1
10849,jcipher,-1,-1
10850,yoXGmdeEDa,-1,-1
10851,Obi Wan Bonogi,-1,-1
10852,FancyJamz,-1,-1
10853,IS10e8b05d4e1fcb4cdef27,-1,-1
10854,Ashengruve,-1,-1
10855,PeTeScRuB,-1,-1
10856,Lust,-1,-1
10857,IS19c54696f6a3fd,-1,-1
10858,Neoteric,-1,-1
10859,AzNpArKer,-1,-1
10860,Skywalk,-1,-1
10861,NaClThreshPrince,-1,-1
10862,gYqkhL0D4I,-1,-1
10863,purpleshticky,-1,-1
10864,Gowwei,-1,-1
10865,Jar,-1,-1
10866,Shinanigans,-1,-1
10867,Dreaker,-1,-1
10868,IS18b1ac46792dfa97ea068,-1,-1
10869,warcack,-1,-1
10870,IS11464e7d634c4e190b31a,-1,-1
10871,Haepheness,-1,-1
10872,sztcCjTD9o,-1,-1
10873,IS186d2a9562a0f8e076b41,-1,-1
10874,Therapist,-1,-1
10875,IS14ebf8e825f321c14ba29,-1,-1
10876,IS1078162a5d6c862f12aae,-1,-1
10877,IS1ca1fa11891d899cab05d,-1,-1
10878,osHAhTgiWp,-1,-1
10879,Kebren,-1,-1
10880,Mikhaïl,-1,-1
10881,Malaak,-1,-1
10882,Goatflap,-1,-1
10883,viWiLYQtWc,-1,-1
10884,Vaelstraza,-1,-1
10885,IS108eadd98d8632df3d6d4,-1,-1
10886,giyODo2WRF,-1,-1
10887,IS17a553196fd9ec2cc66a8,-1,-1
10888,roks madness,-1,-1
10889,Apollis,-1,-1
10890,ShadowVoa,-1,-1
10891,iiKwBNgfSr,-1,-1
10892,IS13aede34f6f15b8dab4dc,-1,-1
10893,Demos,-1,-1
10894,IS1a7a25dced6405bd022a9,-1,-1
10895,Dragongem,-1,-1
10896,mightymode,-1,-1
10897,Oda Raika,-1,-1
10898,Koopatroopa,-1,-1
10899,BEST SNAKIS NA,-1,-1
10900,Krasar,-1,-1
10901,IS15a3744cd1dea4072d6a2,-1,-1
10902,IS13e7091c76b4c1e0c4f88,-1,-1
10903,IS1c0c2ff74d7c95065edf3,-1,-1
10904,IS1163d0c27ca8d9d17ec49,-1,-1
10905,IS1c19f6710515540190792,-1,-1
10906,Skeeter,-1,-1
10907,SMKnight,-1,-1
10908,Andravus,-1,-1
10909,CrazyisaVirtue,-1,-1
10910,IS1eab185d0de9db3b36c7f,-1,-1
10911,wolfYdoggYthingY,-1,-1
10912,Akan,-1,-1
10913,CannibalCalvin,-1,-1
10914,jerrrrbs,-1,-1
10915,IS109aa9279d7647d706018,-1,-1
10916,O5kcAbkIrl,-1,-1
10917,IS16f58e710c819796c9d4b,-1,-1
10918,FeelThePain,-1,-1
10919,Scrow,-1,-1
10920,Crazy231,-1,-1
10921,IS1057e4f68930bd7c8ecc0,-1,-1
10922,Rinaldi,-1,-1
10923,TheMatador,-1,-1
10924,IS1d569e298b58e46191139,-1,-1
10925,IS1b9991a9a0ec92fd5d3df,-1,-1
10926,Besjswghs seghlb,-1,-1
10927,Ditherby,-1,-1
10928,IS11dbf38a0fa114269959c,-1,-1
10929,IS1a2dabe648bebdeb8ade4,-1,-1
10930,HDTran,-1,-1
10931,IS1206c1d2ccf7309f1c638,-1,-1
10932,Karrmer,-1,-1
10933,cAANz4NEbs,-1,-1
10934,sniper9900,-1,-1
10935,IS17e41298f3ebd55c60ded,-1,-1
10936,Tyson,-1,-1
10937,IS1e6774a0512cde515d012,-1,-1
10938,IS1a18c296d5889e67b6b55,-1,-1
10939,IS1bc99ce3532e4209a81e6,-1,-1
10940,Dibs,-1,-1
10941,Q2XqnPgoZhcXmDFZ,-1,-1
10942,IS1a035097ea19fd040e5bb,-1,-1
10943,IS1da502d5dbf1fb5aae4d2,-1,-1
10944,Tikk,-1,-1
10945,IS14467be946ddae541af52,-1,-1
10946,IS1028833dec15dd526256d,-1,-1
10947,IS1b373b163da088684d4a9,-1,-1
10948,Dark Rebirth,-1,-1
10949,IS15e6f7fe95dece4ed32ba,-1,-1
10950,Capu,-1,-1
10951,IS18e39ca7994f93311ba23,-1,-1
10952,magnum226,-1,-1
10953,pCyjMlbSPH,-1,-1
10954,soulsense,-1,-1
10955,IS1c9f43b1249622a98a2fa,-1,-1
10956,2buttonU,-1,-1
10957,Ungen,-1,-1
10958,Condoriano,-1,-1
10959,IS175fa7280539943113a7d,-1,-1
10960,IS1c437150a76fa6f052a44,-1,-1
10961,IS17a16fc57fb253e6255c8,-1,-1
10962,Tiktator,-1,-1
10963,IS104f18c8ee32cf3da41d7,-1,-1
10964,IS13076e27dbbf9645b44d5,-1,-1
10965,IS1da15aa727af0d51508d6,-1,-1
10966,IS127a530f6d0b62a6af5a9,-1,-1
10967,SuJomon,-1,-1
10968,IS15b4667669361cd4fe8de,-1,-1
10969,Praxi,-1,-1
10970,i like alina,-1,-1
10971,IS1ece8933758ee2b28dd7d,-1,-1
10972,IS155b7a72a1c1dd5022f30,-1,-1
10973,Fanatic,-1,-1
10974,Pantzmcgee,-1,-1
10975,IS10f6d589eda6822b29975,-1,-1
10976,B8h55MOgH7,-1,-1
10977,IS12d4d2029ef99de456a25,-1,-1
10978,IS1aab2060a115bbdcee1d6,-1,-1
10979,IS1e031babdac7d3c520ccb,-1,-1
10980,Mbush86,-1,-1
10981,fofoa,-1,-1
10982,V9qJxkgZaz,-1,-1
10983,Raze,-1,-1
10984,Next,-1,-1
10985,Austinpro,-1,-1
10986,Grimsauce,-1,-1
10987,Traumahawk,-1,-1
10988,6MvOOac4iE,-1,-1
10989,IS104d7eb7a30d783400e5d,-1,-1
10990,IS199076315db9ea4d24b2c,-1,-1
10991,mag226,-1,-1
10992,IS1c8e0045aba1952e1818e,-1,-1
10993,Unholy,-1,-1
10994,rXkxSAA9J3,-1,-1
10995,IS11b2a3685ccb35efa807e,-1,-1
10996,IS1f9f9bc005d5f53f7a1d3,-1,-1
10997,Vanmort,-1,-1
10998,IS158c8bd8c6348021e0b53,-1,-1
10999,IS10c4a454c11e225763e04,-1,-1
