13000,IS156714cf777b3e72cca43,-1,-1
13001,IS1614a18251fb483e71dee,-1,-1
13002,Spyder368,-1,-1
13003,GameYardPC01,-1,-1
13004,IS1c8efcf74bdf8317532b3,-1,-1
13005,IS187a9a1db76d24,-1,-1
13006,IS137b508c6b305aebe1e3e,-1,-1
13007,IS15eb41588c6753a3899e9,-1,-1
13008,Medianik,-1,-1
13009,IS153c0f5f3aa9397d739e3,-1,-1
13010,IS12f7b9f3a91a2f9913135,-1,-1
13011,IS1ad17289fd382a1b95376,-1,-1
13012,Voyou San,-1,-1
13013,Rivens Exile,-1,-1
13014,Slayerkins,-1,-1
13015,IS1a1532bf63a8944989828,-1,-1
13016,FogofWar,-1,-1
13017,anjey,-1,-1
13018,ViktorBlom,-1,-1
13019,IS17887c4522fa09f0b6395,-1,-1
13020,IS18978c6c5c2b145d0a15c,-1,-1
13021,Cereál,-1,-1
13022,zaza,-1,-1
13023,Zeleni,-1,-1
13024,dewthegoat,-1,-1
13025,log1kal,-1,-1
13026,IS13a0f35bc3c22476ff77f,-1,-1
13027,IS1810825f17416e1e32f7d,-1,-1
13028,IS1470bc5b734222f657d7f,-1,-1
13029,IS1d9d8d09c72a2d17c90e1,-1,-1
13030,Khanizzle,-1,-1
13031,Krowne,-1,-1
13032,IS1983956d7c19e3434c0cf,-1,-1
13033,I Luv U All,-1,-1
13034,IS1b5cb5735e1d1e7f48c68,-1,-1
13035,TitaniumDJ,-1,-1
13036,Arden,-1,-1
13037,IS1791347dfe157d54d679f,-1,-1
13038,Mattacon,-1,-1
13039,IS1856d05bcfb3322db5f8a,-1,-1
13040,kwaykurohts,-1,-1
13041,HangmanJoe,-1,-1
13042,terrif,-1,-1
13043,BurningIce278,-1,-1
13044,Lead Farmer,-1,-1
13045,DuNuMoS,-1,-1
13046,IS12ba37b7aa92dd57d5f89,-1,-1
13047,roocifer,-1,-1
13048,PwomCT67Yc,-1,-1
13049,Acetylsalicylin,-1,-1
13050,IS15ce58e7c1dc576ff8a14,-1,-1
13051,Queue,-1,-1
13052,IS12e289516407eb29b62bb,-1,-1
13053,Quoth Ra,-1,-1
13054,DrDerpDerps,-1,-1
13055,HXvwsue5NP,-1,-1
13056,cvolker,-1,-1
13057,IS13ab39f4860336,-1,-1
13058,IS17276c83a639cbb25165c,-1,-1
13059,lhCnevoGPy,-1,-1
13060,IS1d494b3534420e,-1,-1
13061,IS19cb8054361045,-1,-1
13062,IS19c2f16e678bbf698df46,-1,-1
13063,Cwall,-1,-1
13064,Rygo,-1,-1
13065,TSM KoreanKimchi,-1,-1
13066,oshikia,-1,-1
13067,DJ CTHULHU,-1,-1
13068,mturian,-1,-1
13069,IS1f9f1cc50d66e55e09984,-1,-1
13070,IS1960cbd05a336e52da74a,-1,-1
13071,The Mongoose,-1,-1
13072,Lycantivis,-1,-1
13073,Underdogsx,-1,-1
13074,boy83,-1,-1
13075,N0rthern,-1,-1
13076,Palladis,-1,-1
13077,CapitanAsia,-1,-1
13078,aoiluna,-1,-1
13079,dO74xkfvZy,-1,-1
13080,Fattychopper,-1,-1
13081,meth0d,-1,-1
13082,TheInedibleHulk,-1,-1
13083,QuestionC,-1,-1
13084,Folken,-1,-1
13085,IS17ade649bd5c968cfc2b8,-1,-1
13086,IS165f2122788b700686d8b,-1,-1
13087,l0sth34d,-1,-1
13088,gsvabVdVxT,-1,-1
13089,OGAPO,-1,-1
13090,IS1aa33287ff385b70df5d5,-1,-1
13091,Houdini,-1,-1
13092,xmastawong,-1,-1
13093,Haly,-1,-1
13094,IS1f05478d84f901007f164,-1,-1
13095,IS1b3483921959730de49f3,-1,-1
13096,IS1c55ba413313a42bb4cf5,-1,-1
13097,IS17f0fd0d46fa5c6466eec,-1,-1
13098,Tiger,-1,-1
13099,Jayk,-1,-1
13100,Starshadow,-1,-1
13101,Lawlsberi,-1,-1
13102,IS1b3740d204492e6ce20c0,-1,-1
13103,MorboNinja,-1,-1
13104,IS1a70b50f13db0d6b4da9d,-1,-1
13105,Ostan,-1,-1
13106,Jon Amikar,-1,-1
13107,IS1ff7c040df577395ff7f9,-1,-1
13108,IS1282652901f835f9f83b5,-1,-1
13109,Dudacus,-1,-1
13110,Z1 Bowser,-1,-1
13111,IS10e6c91c964d95d746a16,-1,-1
13112,Cpu0uDPwre,-1,-1
13113,IS1e7a854b8c181154d8059,-1,-1
13114,Pokeundi,-1,-1
13115,jenobi,-1,-1
13116,KageGetsuei,-1,-1
13117,IS1e8c82ea4358a949a753d,-1,-1
13118,wfsurfer,-1,-1
13119,IS192112d927f85d4d44e60,-1,-1
13120,NorthernPolarity,-1,-1
13121,IS1581d18ccfdbc2dbd7939,-1,-1
13122,Kingg,-1,-1
13123,ESF Monkey,-1,-1
13124,IS1974f0e36e2cb2397ed32,-1,-1
13125,IS141640188993dd093d25e,-1,-1
13126,sir chuckswiss,-1,-1
13127,AGoodSandwich,-1,-1
13128,IS1d00f14b47f1ea35ec3ca,-1,-1
13129,Lyonald,-1,-1
13130,IS128148f941ab2b0f2cc35,-1,-1
13131,IS1ad636571f88ea2506eac,-1,-1
13132,IS1f67a68807ce4fe8bd0da,-1,-1
13133,IS12179d73e7959bf213529,-1,-1
13134,IS174343b8218c3b01bb3d0,-1,-1
13135,IS13aebadde5d35e3c5e3e4,-1,-1
13136,IS18f54a84bc69df386e23e,-1,-1
13137,IS1bf79084d5550b0461b65,-1,-1
13138,g1orgos,-1,-1
13139,Vegluran,-1,-1
13140,iFartz,-1,-1
13141,IS1e2d70dc6f03919651783,-1,-1
13142,IS18ceff5c904ec09374997,-1,-1
13143,QZMXTIHW1,-1,-1
13144,IS1708cf21c4c6f19e7d550,-1,-1
13145,1zsbbeqTSD,-1,-1
13146,AnimeHeroZX,-1,-1
13147,IS1e286662bbcabe78d99da,-1,-1
13148,Isera,-1,-1
13149,cajtrixie,-1,-1
13150,CmdA Del,-1,-1
13151,IS1ae62dcb8d1b721b92bed,-1,-1
13152,IS1a662aacda2d4b4c7628e,-1,-1
13153,MadcapET,-1,-1
13154,Guildwriter,-1,-1
13155,krzyone,-1,-1
13156,Kishu,-1,-1
13157,IS1ccb35e3da08aebe98f18,-1,-1
13158,IS1845d25e421c69b07610d,-1,-1
13159,IS125e414c7730d6455b50f,-1,-1
13160,IS12c5e39015f64972c8705,-1,-1
13161,B7w7JK0RJZ,-1,-1
13162,Scatter,-1,-1
13163,IS13be8771d656bf489dad5,-1,-1
13164,Thomas138,-1,-1
13165,Captain Cuong,-1,-1
13166,IS1c69455ee7589cc8fed8c,-1,-1
13167,IS1303621583b97ff7c68bf,-1,-1
13168,LTdomination,-1,-1
13169,IS132f81efb35e857e2dd91,-1,-1
13170,GonnaGetRecked,-1,-1
13171,E9Y1RH2GYH,-1,-1
13172,IS1d694b503aeebfd710aa7,-1,-1
13173,Player 03,-1,-1
13174,im new to jax,-1,-1
13175,TenToedPete,-1,-1
13176,RedxRollin,-1,-1
13177,handpartytowel,-1,-1
13178,IS16eae11ba23c70e9fe053,-1,-1
13179,WhiteKnight,-1,-1
13180,Dzung,-1,-1
13181,Manwell,-1,-1
13182,IS16c0822b0cbfae4bb0c06,-1,-1
13183,VPIKKKHMII,-1,-1
13184,IS17a6613b9ff4e84b34df6,-1,-1
13185,IS1967ccc167929e2ee94ad,-1,-1
13186,IS1d7e10ede827746ae992c,-1,-1
13187,IS1d5c3b00428af950eef80,-1,-1
13188,IS1e06272cf17d4be94f7d0,-1,-1
13189,Tychus,-1,-1
13190,meth0z,-1,-1
13191,IS16266e2cefb878aa3250b,-1,-1
13192,Mazurati,-1,-1
13193,SleepVessel,-1,-1
13194,NinjaBoyLao,-1,-1
13195,IS193f3bf645fc35f4ba895,-1,-1
13196,Dpain,-1,-1
13197,46DQw8seUF,-1,-1
13198,Koori Koori,-1,-1
13199,IS16fe807128f14925de66b,-1,-1
13200,IS171798c589f363eb7d222,-1,-1
13201,2PwQx1HkGL,-1,-1
13202,Pesmerk,-1,-1
13203,IS1923da3fab72d435544c0,-1,-1
13204,Stalkeer,-1,-1
13205,IS164c349478f7d52abee3b,-1,-1
13206,IS1b12a242a3bff04399604,-1,-1
13207,IS14d845f7a57dd468970fa,-1,-1
13208,IS11c463feda5a54c011676,-1,-1
13209,IS1fa4ba909250facfb5ae9,-1,-1
13210,Druz,-1,-1
13211,Volsung,-1,-1
13212,Daegalus,-1,-1
13213,IceNine21,-1,-1
13214,OriginalDarius,-1,-1
13215,Rikotsu,-1,-1
13216,The Final Exodus,-1,-1
13217,IS18aa7f9d8500bc28dafef,-1,-1
13218,IS1cff88c4f9ef9fd31b820,-1,-1
13219,IS1e58da4b978a8242da52e,-1,-1
13220,IS144d9026b2b1261a070f2,-1,-1
13221,DAO3EfcMTs,-1,-1
13222,Meta,-1,-1
13223,Spinon,-1,-1
13224,IS1cac7694cf648430358ce,-1,-1
13225,PhrostDragon,-1,-1
13226,IS135fcf65d89dc29748e29,-1,-1
13227,chungabunga,-1,-1
13228,IS1e2b8ccbbc9165e0ad653,-1,-1
13229,IS1bc8f8d6110aeba1b878c,-1,-1
13230,IS10ae931a029e8a3a45502,-1,-1
13231,Kylorian,-1,-1
13232,IS13e1e64da6ed47,-1,-1
13233,Averam,-1,-1
13234,The Big D,-1,-1
13235,IS12a010af2eb442b583640,-1,-1
13236,Murray Hewitt,-1,-1
13237,LostProphet,-1,-1
13238,10dayfreetrial,-1,-1
13239,IS1e1ce5cfa8dde32ee3bcf,-1,-1
13240,IS1b167da9c4bdcef3a2aa3,-1,-1
13241,IS1c1e9f4ebbf6896f0e33e,-1,-1
13242,IS17dbd239fbe33cae90bbb,-1,-1
13243,Nightto,-1,-1
13244,josepllop,-1,-1
13245,Jeebs,-1,-1
13246,BlackManDarkness,-1,-1
13247,League of Noobs,-1,-1
13248,Guava Green Tea,-1,-1
13249,Villainicus,-1,-1
13250,IS1e6e0711821a97a9f5fae,-1,-1
13251,Koga,-1,-1
13252,Aramul,-1,-1
13253,kgstyle,-1,-1
13254,IS12653361a48a60cbc47c2,-1,-1
13255,pikahatonjon,-1,-1
13256,IS11f2e8d9f310b400c614e,-1,-1
13257,IS1cb2e687eeebe826db352,-1,-1
13258,IS1c9f9dc4b3ba0bfc1b236,-1,-1
13259,ScornedGAT,-1,-1
13260,nIAKM3PX5S,-1,-1
13261,IS1ce014595187a18ed05b9,-1,-1
13262,BrainStein,-1,-1
13263,nFjFmrqn57,-1,-1
13264,fry1234guy,-1,-1
13265,JoonKimDDS,-1,-1
13266,RationalChaos,-1,-1
13267,Alisier,-1,-1
13268,Spekkio,-1,-1
13269,IS18f00a7b68e8e24b1b4d6,-1,-1
13270,MICYeJFOqy,-1,-1
13271,IS1b6517f54f0ab0c205ada,-1,-1
13272,IS11936eb831b050db82330,-1,-1
13273,DrJesusman,-1,-1
13274,Zeclion,-1,-1
13275,IS10ef6fb64ab80fff4e29c,-1,-1
13276,Socrates,-1,-1
13277,Lieutenant S,-1,-1
13278,IS1bb165a94951e6a425b3f,-1,-1
13279,IS16bac248b17936f0f1938,-1,-1
13280,IS1339d4efa00144c5b0fe3,-1,-1
13281,IS1d57a0e580cfc11a9308f,-1,-1
13282,ChewyBar,-1,-1
13283,IS14c4baa9a4a58ae139710,-1,-1
13284,Client May Crash,-1,-1
13285,Medieve,-1,-1
13286,IS1937e3a3207c7304f4ca0,-1,-1
13287,RealLawyer,-1,-1
13288,luin,-1,-1
13289,IS15d1c87f8dbfebba55327,-1,-1
13290,IS1ee2e7bd7530f4853cbf0,-1,-1
13291,BZjMXxl21n,-1,-1
13292,IS184b0bb4cd9a2cedc524e,-1,-1
13293,Kendrael,-1,-1
13294,IS179a764da5dc370cf9ee9,-1,-1
13295,BeoCua,-1,-1
13296,IS19f59ac743f43681a5190,-1,-1
13297,Ichigo,-1,-1
13298,Wispa,-1,-1
13299,Jabberwaukee,-1,-1
13300,IS100455ec2b54495d93c99,-1,-1
13301,IS14ca9be996aa40da6759e,-1,-1
13302,IS15731396ed6e65fee40b9,-1,-1
13303,IS19a88f1a9d130ca675c2e,-1,-1
13304,IS1d80d5adf1cfa6b0344f4,-1,-1
13305,Woo Nam,-1,-1
13306,IS188bb60ed22ad4af0db5b,-1,-1
13307,IS1095cb1a6c7343a84bd85,-1,-1
13308,IS128c59c6217aebd6a27c2,-1,-1
13309,IS144e563ddb3407d8718ae,-1,-1
13310,Ditka,-1,-1
13311,mikita,-1,-1
13312,IS1e1b2b78a1573d0b6ce78,-1,-1
13313,IS16c368173c437335b4acd,-1,-1
13314,IS18b0cb96884b2700faad4,-1,-1
13315,IS1b502f5ebd68cbd0ad87a,-1,-1
13316,IS15b8585779bf0ea5b4618,-1,-1
13317,Zaraki,-1,-1
13318,TaoSu,-1,-1
13319,IS1082a605ee7d995f69eca,-1,-1
13320,IS1b5fa654770fc7fd077b1,-1,-1
13321,nickraider386,-1,-1
13322,IS1b17708d10a0684fbe1ec,-1,-1
13323,IS15276cbe1174768aed8df,-1,-1
13324,IS19b5b2795406737cf36d4,-1,-1
13325,Z2 TheSmoking,-1,-1
13326,IS129c11284b0fb2742d89d,-1,-1
13327,Wozie,-1,-1
13328,JShug,-1,-1
13329,IS15711468835f9daef576e,-1,-1
13330,IS13d55fa24b3398fdef557,-1,-1
13331,IS1cc75a8cc996511cc9a9c,-1,-1
13332,IS1f5ed7aa18842dc0ceacd,-1,-1
13333,PlutoFaerie,-1,-1
13334,IS1df06445803878d854044,-1,-1
13335,IS17700a4f968ccc1d65038,-1,-1
13336,IS1ef386033037868c58d92,-1,-1
13337,Flakes,-1,-1
13338,IS178c0696b7f6beda66454,-1,-1
13339,IS1d89357d51d95d40744aa,-1,-1
13340,IS17ba467da2a945d7771e2,-1,-1
13341,Lathelian,-1,-1
13342,IS101f53332b44885ea913d,-1,-1
13343,IS16aed15faba79d226a332,-1,-1
13344,FractalParadox,-1,-1
13345,IS1df9c65ddaf8555a9a1bb,-1,-1
13346,ZbAhycV3J5,-1,-1
13347,IS1f778a80853ebed1031e7,-1,-1
13348,Jystfd,-1,-1
13349,rRw1tFIVcZ,-1,-1
13350,Zhid,-1,-1
13351,IS15e33d002f3fd97350b8f,-1,-1
13352,Lamecore,-1,-1
13353,Thurloc,-1,-1
13354,IS1054993e0963431ad04a5,-1,-1
13355,popdogg,-1,-1
13356,sdf3,-1,-1
13357,Narazim da noob,-1,-1
13358,Ribido,-1,-1
13359,DeathGate,-1,-1
13360,Lempface,-1,-1
13361,Jayahballard,-1,-1
13362,Kylun,-1,-1
13363,Lordofguns,-1,-1
13364,TouchMeSoftly,-1,-1
13365,Rhork,-1,-1
13366,IS167d9c617ceb260e45684,-1,-1
13367,wqXTHLOJ9n,-1,-1
13368,Snatchgoon,-1,-1
13369,RRRRRRRRRRRANK1,-1,-1
13370,Bromentum,-1,-1
13371,Redden,-1,-1
13372,IS143ddd1e5bf28bc6f3dba,-1,-1
13373,RebeccaDarrea,-1,-1
13374,Xunaka,-1,-1
13375,Valthar,-1,-1
13376,CocoSkin,-1,-1
13377,warmonkey,-1,-1
13378,PooTac0,-1,-1
13379,Fried,-1,-1
13380,IS1192e395c35295763982a,-1,-1
13381,IS1cd20eb244b5f745ea88e,-1,-1
13382,Veef Lord,-1,-1
13383,Skiyt,-1,-1
13384,xXxCMONEYxXx,-1,-1
13385,Caladon,-1,-1
13386,Bamshin,-1,-1
13387,IS1e7fddaac06016fcb0661,-1,-1
13388,IS179f9de9d9f9ee9b764e8,-1,-1
13389,IS1833a0c364aa2e608185e,-1,-1
13390,BananaHammock,-1,-1
13391,Lomesh,-1,-1
13392,Dethrin,-1,-1
13393,IS106c8d96a6b18c6e2e4d9,-1,-1
13394,IS1e0c5d89b174b22d501f2,-1,-1
13395,IS18619c84400e661895675,-1,-1
13396,Aronwaith,-1,-1
13397,Tanae,-1,-1
13398,IS16b1e217fc378ac78b2a4,-1,-1
13399,PaNzOnE,-1,-1
13400,IS1c676313d2031dfd1e419,-1,-1
13401,Uthred,-1,-1
13402,Remonchicken,-1,-1
13403,IS117bac9cfd263432af8fa,-1,-1
13404,IS19adf691ebc249fa6689c,-1,-1
13405,complord,-1,-1
13406,ZsTn0RSnnA,-1,-1
13407,IS10912d8671906d3d40973,-1,-1
13408,IS1e8639359ef7f75eb7c89,-1,-1
13409,Pink Princess Party,-1,-1
13410,GimpLynch,-1,-1
13411,marcellomd,-1,-1
13412,8ncA3JgyXK,-1,-1
13413,IS165edd557a108c219f8f0,-1,-1
13414,IS1066fb9b92b3cb10d4434,-1,-1
13415,Diablery,-1,-1
13416,IS1ec21ae8131e05130036c,-1,-1
13417,ysNAGeTN0Z,-1,-1
13418,DF4bot1z1D,-1,-1
13419,RollzBHT,-1,-1
13420,Eclipzeh,-1,-1
13421,IS143e2b42d77b481f71222,-1,-1
13422,IS13747c3b01ad7a0a5c973,-1,-1
13423,Kill,-1,-1
13424,Lynch53,-1,-1
13425,ShoeMobile,-1,-1
13426,IS1fcf28363014b0d1b4eb8,-1,-1
13427,KILL EM ALL,-1,-1
13428,IS1144bf946da37d00c05f1,-1,-1
13429,IS1ce41bb83b6b84a1b5b05,-1,-1
13430,Mayjori,-1,-1
13431,dUrSwwyba0,-1,-1
13432,IS1641a4a5722c7b311deac,-1,-1
13433,IS15461fd3e87c0d1e51e12,-1,-1
13434,Tar Maximus,-1,-1
13435,IS142faf360c6b52fcc2f05,-1,-1
13436,IS12933c2de77c78c9d9a66,-1,-1
13437,IS10da400d9b98c254b9fcd,-1,-1
13438,IS1143fedd04b1c4a64900b,-1,-1
13439,Nophex,-1,-1
13440,IS15a21a33d640118198c98,-1,-1
13441,Bloudy,-1,-1
13442,IS16d0cef8fc31b1343b043,-1,-1
13443,IS1132c52969dd081cdd808,-1,-1
13444,Thurokiir,-1,-1
13445,IS1bfb76eaf26a8eb6dd94b,-1,-1
13446,Kamelott,-1,-1
13447,IS18588c20aa3583b0cf430,-1,-1
13448,maeldur,-1,-1
13449,IS1385652248b0a93b86a57,-1,-1
13450,Heywood85,-1,-1
13451,IS1c09a35fe6ed96926a6b5,-1,-1
13452,Rav3nous,-1,-1
13453,Aeleus,-1,-1
13454,XIN42,-1,-1
13455,Warwolf,-1,-1
13456,Machuell,-1,-1
13457,Wooden Man,-1,-1
13458,tredmasta,-1,-1
13459,Rooks,-1,-1
13460,IS12110438566b1162f48b8,-1,-1
13461,Ackk,-1,-1
13462,IS14dfa28b3e385698e3e5c,-1,-1
13463,grim1,-1,-1
13464,IS1712149bca347ecfcb208,-1,-1
13465,Gamorath,-1,-1
13466,Urug,-1,-1
13467,IS17d70f46a556ec9f8f966,-1,-1
13468,Friendly Fire 8,-1,-1
13469,IS1713756fcddf407618e52,-1,-1
13470,IS1d1190853b416038b6d2c,-1,-1
13471,CWOTya2A3k,-1,-1
13472,FinalDragoon,-1,-1
13473,IS11d5c7260bbcdb1e0e553,-1,-1
13474,IS1fb253a69074cad850b00,-1,-1
13475,DfhnfGwld,-1,-1
13476,IS1a80a62e7cfb77d73a2c3,-1,-1
13477,Avriality,-1,-1
13478,IS1bc666420b5a026945d3a,-1,-1
13479,IS13b38237db569b016ba25,-1,-1
13480,IS1f48f50bc470ddfacdf56,-1,-1
13481,IS1a9ed61f7df9149fb93d8,-1,-1
13482,IS1ae681dabfe964ca8c74e,-1,-1
13483,IS107ccb2d5e0cb5f752ee5,-1,-1
13484,SPOT THE SPY,-1,-1
13485,IS139114eaceb6b8fce4d27,-1,-1
13486,Magnalon,-1,-1
13487,Z2 Chiablo,-1,-1
13488,IS16265b026c53ea428d284,-1,-1
13489,murphyj,-1,-1
13490,IS16ea8888deca4984ed442,-1,-1
13491,Dyganth,-1,-1
13492,IS1a0c730acda2389cc852b,-1,-1
13493,IS13007d5f6addf322fa7f1,-1,-1
13494,DMaku,-1,-1
13495,IS128fd9164f0ea12d17ca7,-1,-1
13496,IS15a4bfd3059fa3676a469,-1,-1
13497,IS10fdc29ca488de67c02da,-1,-1
13498,volkial,-1,-1
13499,AkkZiLLa,-1,-1
13500,CaffeineSqurr,-1,-1
13501,IS19b8995b9bc6f8779f4e2,-1,-1
13502,IS10641c7ad9fd60ef8701d,-1,-1
13503,IS1d9b68fb6cf60a53156e8,-1,-1
13504,IS19af64c8570448824202d,-1,-1
13505,UltimateStuntman,-1,-1
13506,king3vbo,-1,-1
13507,6RJ6O4qtw6,-1,-1
13508,Gandysampras,-1,-1
13509,bloodylip,-1,-1
13510,BlackAlistar Bro,-1,-1
13511,IS1be6264aa55a74246f4d1,-1,-1
13512,thedarkherald,-1,-1
13513,KindaHorribIe,-1,-1
13514,IS1480fd973a96c6105f86e,-1,-1
13515,Darenenski,-1,-1
13516,Deznuts,-1,-1
13517,IS1113e9b902711ccdfafef,-1,-1
13518,KenjiXSamurai,-1,-1
13519,Leonelda,-1,-1
13520,5e5x32I5Sy,-1,-1
13521,IS1792e08c9ffb0e7f0ee1f,-1,-1
13522,IS13a996283cca7e2976336,-1,-1
13523,Flynt FIossy,-1,-1
13524,Rhainnan,-1,-1
13525,Jesta1004,-1,-1
13526,IS1f8a0d8f6433b7952f38d,-1,-1
13527,IS13460e2e65140f5bad4db,-1,-1
13528,IS1666fe7429882aa7c0207,-1,-1
13529,Rattly,-1,-1
13530,Knivy,-1,-1
13531,8UeLXVqs2v,-1,-1
13532,IS10952bd64cf8362e5068b,-1,-1
13533,IS1703fef6b6187de70d6e0,-1,-1
13534,IS18c6b1d0be57cfe0a21b0,-1,-1
13535,razR Drainzor,-1,-1
13536,Thismightbeaname,-1,-1
13537,MistaMooMoo,-1,-1
13538,Goatman455,-1,-1
13539,Trace Bullet,-1,-1
13540,IS1ce9015532f85372d58da,-1,-1
13541,Nivisiru,-1,-1
13542,The One,-1,-1
13543,Pwnzarius,-1,-1
13544,Ned Piemaker,-1,-1
13545,IS15786ba5dbbb67b9b177a,-1,-1
13546,IS167bf4fe2ef795ec67af9,-1,-1
13547,Icepacker,-1,-1
13548,BlackSoulChoir,-1,-1
13549,Urigueler,-1,-1
13550,IS103e1fba9c90574ecbdb8,-1,-1
13551,IS164b52ebda0aea245db63,-1,-1
13552,Zeebbo,-1,-1
13553,XmgJxsOVWu,-1,-1
13554,Na9hU0mpqK,-1,-1
13555,Z2 Band,-1,-1
13556,lhsZ0hiJ1s,-1,-1
13557,IS1d7efbe95d056782827ad,-1,-1
13558,ThirteenXXXVII,-1,-1
13559,IS1b6f341975cfa85484349,-1,-1
13560,Neoninja91,-1,-1
13561,DeuDeuFi,-1,-1
13562,thecraziest,-1,-1
13563,blorbie,-1,-1
13564,Skyllus,-1,-1
13565,1KgBa4imO7,-1,-1
13566,IS1fd088811cc81697a4d4e,-1,-1
13567,IS1deb898460f35ce928ad0,-1,-1
13568,IS10219aef16baf900d804e,-1,-1
13569,IS1f7057b0a305eb21e72d5,-1,-1
13570,IS1c23fc4a700154d671e05,-1,-1
13571,IS13635602ad19abbabf397,-1,-1
13572,IS113b5f91631e5d1ff9099,-1,-1
13573,IS19ca63fb05702bf686e6b,-1,-1
13574,IS16d0b40c72b279ebdf76e,-1,-1
13575,IS145f6a47e5b3544632e3b,-1,-1
13576,IS115ccb8ae069595ba7233,-1,-1
13577,IS1ed1b810468317bf9d286,-1,-1
13578,Toofliss,-1,-1
13579,Teh4est,-1,-1
13580,Eeclipsee,-1,-1
13581,Ulimortus,-1,-1
13582,Xm4st3r,-1,-1
13583,IS17d37c32f8dd238662d0d,-1,-1
13584,Kakafika,-1,-1
13585,God is Fiction,-1,-1
13586,IS12ec7825f0f4afff80a1b,-1,-1
13587,Roxies,-1,-1
13588,IS1659f7b7c42fae98836a1,-1,-1
13589,IS1a4dce70f211d2a981e15,-1,-1
13590,IS1e2e66a47b39a0652ce31,-1,-1
13591,IS17ac8295662b7b104440b,-1,-1
13592,IS18d18506d037fd734f900,-1,-1
13593,IS162118027b6aff6d866c2,-1,-1
13594,IS1b53cf58b68d44c449156,-1,-1
13595,b4db3at,-1,-1
13596,BuiltToBeSexy,-1,-1
13597,IS1cde774ab30e06a41b5b2,-1,-1
13598,bluecrayon666,-1,-1
13599,Morphsterxx,-1,-1
13600,IS1861c556d1031b6d8d51f,-1,-1
13601,IS1349af3d7158e3da29564,-1,-1
13602,Jopa46,-1,-1
13603,Bumbleton,-1,-1
13604,Cerebrus,-1,-1
13605,Bwnage,-1,-1
13606,IS180d19b7b682d4878cae2,-1,-1
13607,IS1a8f9e85937a3a2d4f4a8,-1,-1
13608,aWESxme,-1,-1
13609,jadeivy,-1,-1
13610,chidoriyourface,-1,-1
13611,Flame to Win,-1,-1
13612,Miena,-1,-1
13613,IS1dd2498d02cc7985f5bde,-1,-1
13614,IS158368d11134a0e2146ff,-1,-1
13615,TLSHadow,-1,-1
13616,IS1769aac77f70df7226a85,-1,-1
13617,IS1b78770aae2e70ccb67bc,-1,-1
13618,IS176a95a6a16248623f28b,-1,-1
13619,IS1d01b0203e599892f99ba,-1,-1
13620,iywTn1QfST,-1,-1
13621,Brixham,-1,-1
13622,IS15f1fa5dcfc76d9b2cdd9,-1,-1
13623,Toastydoot,-1,-1
13624,katrazy,-1,-1
13625,tGAO6WKiEE,-1,-1
13626,Dischord,-1,-1
13627,SidAres,-1,-1
13628,IS16158ba7e495d145a0ad5,-1,-1
13629,Proteinstar,-1,-1
13630,IS14634cbda64006c598618,-1,-1
13631,IS1a6264a5050d32e227b79,-1,-1
13632,Shadex Demarr,-1,-1
13633,Urmama,-1,-1
13634,gHZ2guaxuu,-1,-1
13635,Rato master,-1,-1
13636,luigionlsd,-1,-1
13637,IS1fc927eeb6b53379cb782,-1,-1
13638,XoOxHh7oTv,-1,-1
13639,IS1851d42d216a6954683c3,-1,-1
13640,JscrcdsCssrghggh,-1,-1
13641,IS1c45dd61732d6a6493421,-1,-1
13642,IS1723f528413a87675758e,-1,-1
13643,IS1d27185308ae3269ef888,-1,-1
13644,IS161846e96b8bb2d4e1fe5,-1,-1
13645,IS12a0001b094c2aa24146a,-1,-1
13646,IS1fa2ea81bfc9774f1baaf,-1,-1
13647,IS1f3856b9dad807b6d0469,-1,-1
13648,IS1215c3ac1e15c824e7891,-1,-1
13649,IS1db98fb0b60102a6876e2,-1,-1
13650,TigerPrince,-1,-1
13651,IS1d8908be9af3a69af4289,-1,-1
13652,IS117dda51515829140e5d2,-1,-1
13653,deathknigh9911,-1,-1
13654,DutchDragoon,-1,-1
13655,IS117cc30cb9eea354e023d,-1,-1
13656,IS186970909a494861920c6,-1,-1
13657,IS169447b69a185006d9b03,-1,-1
13658,IS11216a85a2156b2cf8ae4,-1,-1
13659,IS10b0c8be8d25edacb6f94,-1,-1
13660,Poruku,-1,-1
13661,IS190cbff8d79635f830913,-1,-1
13662,IS1bd5e8a156c678952f88b,-1,-1
13663,cooler266,-1,-1
13664,Jokerred,-1,-1
13665,IS1e32312ecddbbab72eed6,-1,-1
13666,IS138a24dd5e9ce48e562d2,-1,-1
13667,IS13f65bf1ade6178e13fab,-1,-1
13668,Endestroy,-1,-1
13669,IS1247582704943f5c66eb9,-1,-1
13670,Spriggin,-1,-1
13671,LeBack,-1,-1
13672,FunkyMonk1991,-1,-1
13673,Toxy,-1,-1
13674,Zordon,-1,-1
13675,LoL Brandon,-1,-1
13676,IS13b2fb914238f45d7dbbf,-1,-1
13677,razR Drasch,-1,-1
13678,Skipp,-1,-1
13679,mdgxrOo3mP,-1,-1
13680,IS1502e0f3aa35e3ec14fae,-1,-1
13681,Zailyn,-1,-1
13682,simplyskyler,-1,-1
13683,Castor,-1,-1
13684,Peter,-1,-1
13685,Siberian Bull,-1,-1
13686,Gongshow,-1,-1
13687,IS163d2c0c53229b27de2de,-1,-1
13688,IS163395fbab4a85d0b8f85,-1,-1
13689,IS149047cfc64d86d895c2e,-1,-1
13690,IS1823c1d3d95a2e696e75f,-1,-1
13691,cJ9wXMRqDb,-1,-1
13692,AustinPwnU,-1,-1
13693,IS1e8a0c7745eecd6a64be4,-1,-1
13694,IS1d3be8c6b7b7e3cfd4164,-1,-1
13695,jwd6KaAK23,-1,-1
13696,Ripster,-1,-1
13697,uwTt50FUCg,-1,-1
13698,Luthi,-1,-1
13699,IS1456b15e65e299b5bf199,-1,-1
13700,IS15f8ec9309165ea694eb2,-1,-1
13701,Meepo,-1,-1
13702,IS1901a412b2d5d24daff63,-1,-1
13703,Nyruk,-1,-1
13704,Beaujangles,-1,-1
13705,IS1e22608236c2aa527fbd8,-1,-1
13706,Fattie,-1,-1
13707,Kayne West,-1,-1
13708,wavrunr2k,-1,-1
13709,IS186156d5ef92c600045c6,-1,-1
13710,IS13a4c86d63b50d1f8bc2e,-1,-1
13711,IS1d7ed1b54f9a585985716,-1,-1
13712,IS170bdbf0d146a95e611cc,-1,-1
13713,coleco,-1,-1
13714,Y4QB79QMfZ,-1,-1
13715,sAYpOPgUY,-1,-1
13716,joonandmid,-1,-1
13717,Steric,-1,-1
13718,IS17dc0558d5a5234b7b8ba,-1,-1
13719,IS1a22629fbf8a3b7950cb9,-1,-1
13720,IS11abdba85da161d943b08,-1,-1
13721,Kyz,-1,-1
13722,IS14f73969ede67c5d66498,-1,-1
13723,IS1da25c3dc1ae235999cc4,-1,-1
13724,dblackmamba,-1,-1
13725,CmonTouchIt,-1,-1
13726,IS1199790e16ead8a170b98,-1,-1
13727,Dakk,-1,-1
13728,IS1a50276991b19ddb4d72e,-1,-1
13729,hureeup,-1,-1
13730,IS1df6448b7efe4159d2aa6,-1,-1
13731,IS1e3e1d41bf75969e64ce5,-1,-1
13732,ChineseDude,-1,-1
13733,IS130e083260da22c346f92,-1,-1
13734,Marsyx,-1,-1
13735,stoicaw,-1,-1
13736,IS1d37811915236feed8660,-1,-1
13737,TiItedManChild,-1,-1
13738,IS108cbfba3da26665f7a9c,-1,-1
13739,Marthicus,-1,-1
13740,Romii,-1,-1
13741,Mageol,-1,-1
13742,nAOj5wDcuy,-1,-1
13743,IS1b9be885407a2f38a6b72,-1,-1
13744,IS199879473db82502d31dc,-1,-1
13745,LueT,-1,-1
13746,Z1 Emphar,-1,-1
13747,TLo1BCyryH,-1,-1
13748,Darkest Hour,-1,-1
13749,IS1b0bcfeb546b915917247,-1,-1
13750,Riversand,-1,-1
13751,Nomadic0ne,-1,-1
13752,mermin,-1,-1
13753,IS128a9007353d31da0dad5,-1,-1
13754,IS1e4217bb29e2f2a2eafc1,-1,-1
13755,IS1ed174bc1104f1c9ec9b6,-1,-1
13756,dtdt,-1,-1
13757,lZuCDSAGuE,-1,-1
13758,Aegis De Excessum,-1,-1
13759,Namo,-1,-1
13760,IS131efe0028155463cd8a8,-1,-1
13761,Zedic,-1,-1
13762,Mirax,-1,-1
13763,IS184686b3d249bb8729ebe,-1,-1
13764,IS1a91b8cab79b2b83bdda5,-1,-1
13765,IS128f7dae77368fab8df4d,-1,-1
13766,Solid Snake,-1,-1
13767,IS174c8fdd20c3f259daf15,-1,-1
13768,lIllllIllIlIllI,-1,-1
13769,Sinnombre,-1,-1
13770,Penkatron,-1,-1
13771,IS1b06e5749a83e6bed2399,-1,-1
13772,IS1ec43f54888b94b9d5d05,-1,-1
13773,Druness,-1,-1
13774,IS1eda12c3bf2f1807a7198,-1,-1
13775,Amurael,-1,-1
13776,IS15f65f22097299b865f6b,-1,-1
13777,Corias,-1,-1
13778,Seth,-1,-1
13779,Kono,-1,-1
13780,TghCookie,-1,-1
13781,Pkdor999,-1,-1
13782,IS1da7082c8bb3a8d8f8016,-1,-1
13783,IS1fa3e35a22dfe717da10e,-1,-1
13784,Wuti,-1,-1
13785,IS15732cb894bec23bd6a13,-1,-1
13786,IS1a04f63a0ddf71c462716,-1,-1
13787,IS1d941d129c74e91d91d0b,-1,-1
13788,IS13750a1e533d4e6cc468b,-1,-1
13789,IS1b14d5166f02b07e17eb7,-1,-1
13790,muttonhead,-1,-1
13791,7E3HQOzdJA,-1,-1
13792,IS1f972c49336144993e082,-1,-1
13793,IS1acba365b335768dd0d93,-1,-1
13794,IS1bd6de5b9912472fb42e4,-1,-1
13795,thetones,-1,-1
13796,IS1fb56d8898497eb682c27,-1,-1
13797,Xweapon,-1,-1
13798,JohnCataldo,-1,-1
13799,WarlordGhrom,-1,-1
13800,IS130c031f9f94580af80c1,-1,-1
13801,IS1929d9435a371eb505cad,-1,-1
13802,Drfuzzykins,-1,-1
13803,IS1b2fa54f7e321f505a4b9,-1,-1
13804,Mike AD Only,-1,-1
13805,aXkDgexiT5,-1,-1
13806,IS14b0438505c0a38efad9f,-1,-1
13807,g0wVixO1AT,-1,-1
13808,Recoome,-1,-1
13809,Bigwayner,-1,-1
13810,IS1efe41e4f41b8c1fc87fd,-1,-1
13811,IS1d32761c667a668453f4c,-1,-1
13812,IS14e645ff315a56f12a716,-1,-1
13813,IS1e2c98f8e6e5c37baffa2,-1,-1
13814,DrThunda,-1,-1
13815,IS130f6865be72a998b03dc,-1,-1
13816,IS1934ebda7768e3e728671,-1,-1
13817,IS1367cb4236c87570c25a9,-1,-1
13818,IS1679c3f649e721d8351dc,-1,-1
13819,IS182bf5dbcca7ea09edc5c,-1,-1
13820,IS136841a17e43e9390483a,-1,-1
13821,IS1e55d5a1b86168a99f528,-1,-1
13822,IS1eb3b31a16042f06bd31e,-1,-1
13823,IS1b0deec510772414cd5b1,-1,-1
13824,IS1f9327dd41a5651ac284c,-1,-1
13825,IS11286f8b41bd995f0c5e0,-1,-1
13826,N00basaurus Wrex,-1,-1
13827,IS1a982e4f09f003990a0e7,-1,-1
13828,ShadeDev,-1,-1
13829,Chrosis,-1,-1
13830,IS1777df0f1e58a91a7818f,-1,-1
13831,reapermaster,-1,-1
13832,hiphop bebop,-1,-1
13833,IS13a60c5d191649dcfe29a,-1,-1
13834,IS155f2f06c0a16c5f9ba06,-1,-1
13835,IS1cfc953bf1ab5a0747c63,-1,-1
13836,Illuminati,-1,-1
13837,voidykinz,-1,-1
13838,Reptard,-1,-1
13839,iTJhpIeIQY,-1,-1
13840,Gigantor,-1,-1
13841,IS109ed24e4b736d593858f,-1,-1
13842,IS172f4206201da62fb1204,-1,-1
13843,godsent777,-1,-1
13844,IS181e67945bce5519f84c8,-1,-1
13845,IS1bd5e66078909a15268aa,-1,-1
13846,IS15226f1983330dc421cec,-1,-1
13847,IS104d2de9a85124dc64613,-1,-1
13848,Crs RedMage,-1,-1
13849,IS180c97c0c185a19d17014,-1,-1
13850,Desharko,-1,-1
13851,Johnggernaut,-1,-1
13852,TheGreatYangsby,-1,-1
13853,x13HHBMeCD,-1,-1
13854,IS1640448c79c3bdd6d2bb0,-1,-1
13855,IS1f37d9ef53d714fce6fa1,-1,-1
13856,Djoser the Horizon,-1,-1
13857,Breadator,-1,-1
13858,IS15508690047d65cbdac1b,-1,-1
13859,IS19c78c3fd3e87f0d8896f,-1,-1
13860,mvgWpvnM5M,-1,-1
13861,IS12e8a82d37d07f64c0e0b,-1,-1
13862,IS1df69aed5c8a90125e696,-1,-1
13863,Darth Chill,-1,-1
13864,IS14062d7638bb7c9d17afb,-1,-1
13865,IS15da45f0114c00fadfb41,-1,-1
13866,IS10b0f156c9d1f669e1210,-1,-1
13867,IS17f77aa8fbb4f51c0366e,-1,-1
13868,stromgard,-1,-1
13869,IS13da6b1d477315619952e,-1,-1
13870,IS19d3f4a7bdede7856b79a,-1,-1
13871,probchek,-1,-1
13872,Razlus,-1,-1
13873,IS1f73e24c151cad3be7567,-1,-1
13874,LauL89,-1,-1
13875,Justsomebeast,-1,-1
13876,Syzygus,-1,-1
13877,IS14e9bf52932fc7c6f9f92,-1,-1
13878,IS186a6ab33b42e326c9a73,-1,-1
13879,IS127e1191082e12a27b0b8,-1,-1
13880,sa1m0n,-1,-1
13881,Sixen,-1,-1
13882,Highwind,-1,-1
13883,IS17e622e4d148d7630445a,-1,-1
13884,IS1bfeca3e5138aff165c59,-1,-1
13885,ZoneD,-1,-1
13886,Sarahsiee,-1,-1
13887,flygod,-1,-1
13888,IS1b196aa39cfeb0ce889e4,-1,-1
13889,IS1f32a93b6c858bf62f26b,-1,-1
13890,c0mmunicate,-1,-1
13891,IS1e376f3ff9443bda39421,-1,-1
13892,Zerdex,-1,-1
13893,IS14ef785eb6cc9aa57c075,-1,-1
13894,xl Sinister lx,-1,-1
13895,IS179ff9c2e9154b0c79521,-1,-1
13896,Lepper,-1,-1
13897,brower,-1,-1
13898,DJdoubleTap,-1,-1
13899,OnmywaytoLCS,-1,-1
13900,MS79naQ6KY,-1,-1
13901,IS1d9b61478a1384d7b9bf2,-1,-1
13902,SLAMDUNKATRON,-1,-1
13903,catanya,-1,-1
13904,Aiyiah,-1,-1
13905,IS1984bca9ef733dc3cb612,-1,-1
13906,IS1db9c7a41acd3fbd71222,-1,-1
13907,IS12167a2fb3a7e7ec979bc,-1,-1
13908,IS14fe0d77eb32bd6165e43,-1,-1
13909,Retarded Batman,-1,-1
13910,TidesofStarch,-1,-1
13911,shadowneonx,-1,-1
13912,mackie5,-1,-1
13913,IS124ceb07a0103fd837433,-1,-1
13914,IS12da78b4b264baf972f8d,-1,-1
13915,V43GwwVKID,-1,-1
13916,Meia,-1,-1
13917,IS132a5e8d163897176a7cc,-1,-1
13918,Delete,-1,-1
13919,IS19f356348061f065828fa,-1,-1
13920,IS1b1cb51d1f5f515f060c7,-1,-1
13921,Eruadan,-1,-1
13922,IS1cc3863f42d501d7d4856,-1,-1
13923,Vorhan,-1,-1
13924,IS1142dfd3aa5cdc8bb687c,-1,-1
13925,Baby Weenus,-1,-1
13926,IS130be7e5a12b681b3f5c4,-1,-1
13927,IS1eb7b64fbebe21c878de3,-1,-1
13928,IS1436bdd6a5b8a88480cc3,-1,-1
13929,IS1c4e0c189bb01825f832e,-1,-1
13930,KeEp IT YeLLo,-1,-1
13931,IS183c4302bce4fd120e216,-1,-1
13932,IS1c4eb635b0bb98fdbaf60,-1,-1
13933,IS14adcb9ecdc09e73d10d7,-1,-1
13934,IS13abe369360d16d262328,-1,-1
13935,IS146073efb942471663749,-1,-1
13936,MOe2012,-1,-1
13937,IS13078beb672654334ce15,-1,-1
13938,YjHAM2Hueq,-1,-1
13939,IS1fcb6a6c2040602172d8d,-1,-1
13940,IS176cf6053c5e7c2be6810,-1,-1
13941,IS17177f6dcdf690b5ac490,-1,-1
13942,Nikaya,-1,-1
13943,Moredhell,-1,-1
13944,IS1b452bfc735ea0381ddc5,-1,-1
13945,IS19425597705c9142a94b0,-1,-1
13946,Jigosep,-1,-1
13947,IS18981f9b9618632b27274,-1,-1
13948,HelloFrosty,-1,-1
13949,LcESz7O3cm,-1,-1
13950,AfterBurn,-1,-1
13951,tehdud3,-1,-1
13952,ralphinator,-1,-1
13953,Wexican,-1,-1
13954,IS1f780f9de8fbd72aa091b,-1,-1
13955,Squawks,-1,-1
13956,IS1b2297b65df6ff6c9ce27,-1,-1
13957,IS142a034b376bafda15a99,-1,-1
13958,Seto,-1,-1
13959,Touran,-1,-1
13960,IS15ab43af45555c8710998,-1,-1
13961,xNMk6gVbmq,-1,-1
13962,IS141a98ddf9bc46e58355c,-1,-1
13963,IS1c3a6409fafb5801d7d50,-1,-1
13964,Oogatang,-1,-1
13965,IS1ceb81050a853c9faa911,-1,-1
13966,Stubers,-1,-1
13967,SpiroLibertas,-1,-1
13968,SLONiG,-1,-1
13969,Gildarrious,-1,-1
13970,oblidee,-1,-1
13971,obsolete,-1,-1
13972,IS1629314b9edd13523fe8e,-1,-1
13973,Spagaa,-1,-1
13974,IS1935f315a7d4cec997c35,-1,-1
13975,Rekroso,-1,-1
13976,IS197a513063dcb9a64442b,-1,-1
13977,Vharon,-1,-1
13978,Sigmar,-1,-1
13979,IS18734527d64d9a229acc3,-1,-1
13980,GSlKtoIYTf,-1,-1
13981,GeneralNem,-1,-1
13982,IS1752155f93ff51443ad01,-1,-1
13983,Xlr3on3Fp8,-1,-1
13984,IS18b79c0a233e9c6581775,-1,-1
13985,IS1eb10aa814f8a45d5ef42,-1,-1
13986,BetaRayBill,-1,-1
13987,Greenbolt,-1,-1
13988,IS14c28209feba4693ff228,-1,-1
13989,PatrickChewing,-1,-1
13990,F7U4gPAldXdhddAK,-1,-1
13991,Sariph,-1,-1
13992,IS118dac4bca8c4c429b86c,-1,-1
13993,The Foreverman,-1,-1
13994,IS1696ee7ce8f161ecd490c,-1,-1
13995,musark,-1,-1
13996,rockpet,-1,-1
13997,IS1e14c30432d43b2522ba2,-1,-1
13998,AnxietyGG,-1,-1
13999,IS1f9c994eae8e51f527c7b,-1,-1
