14000,Laserboots,-1,-1
14001,IS1b5b9e21260f903c37d4d,-1,-1
14002,iR76xraBW7,-1,-1
14003,Feeeeeel,-1,-1
14004,IS1465aa0ebd61bc248733e,-1,-1
14005,IS1b3925ea88833ff398caf,-1,-1
14006,IS15732aa56eeb7277a63d4,-1,-1
14007,darkside,-1,-1
14008,IS1c3b13889d5caf1f7ace8,-1,-1
14009,fusty,-1,-1
14010,IS1252325e2a760ae2e4d37,-1,-1
14011,IS16ff463ce4fb05f095d92,-1,-1
14012,KnightSauce,-1,-1
14013,SlickV,-1,-1
14014,YuckFou,-1,-1
14015,Elynnx,-1,-1
14016,Rschel,-1,-1
14017,Kowbasher,-1,-1
14018,Aelfinn,-1,-1
14019,14019_DEL,-1,-1
14020,IS1dcb33b30f0b1e210c9eb,-1,-1
14021,BfourD,-1,-1
14022,breakurjea,-1,-1
14023,IS1c87ad45dabf3ceb968b0,-1,-1
14024,unun34,-1,-1
14025,IS18b7e22ce57d00090b754,-1,-1
14026,Olreich,-1,-1
14027,Nightbleed,-1,-1
14028,IS11a991c77d203160c8563,-1,-1
14029,Rykis,-1,-1
14030,IS11e39ae66b67be7a6d253,-1,-1
14031,IS1bcf6386df99368154934,-1,-1
14032,ET5oiNnmic,-1,-1
14033,3fDPVmbVkB,-1,-1
14034,IS1f0b81837b1d347a3657c,-1,-1
14035,Howl Snowbane,-1,-1
14036,Lvl 57 Magikarp,-1,-1
14037,Graty,-1,-1
14038,IS165f7affe596a50965e29,-1,-1
14039,Jumex,-1,-1
14040,IS118f09747e11735d0bc09,-1,-1
14041,CptSumTingW0ng,-1,-1
14042,Oclo,-1,-1
14043,Iniggo,-1,-1
14044,Randyzor,-1,-1
14045,IS16441d85e8b7e28860823,-1,-1
14046,IS1ef109fff37cbb40aaf28,-1,-1
14047,9QDVISePOH,-1,-1
14048,IS1fd8e924daec8a53ddd16,-1,-1
14049,Soupstorm,-1,-1
14050,IS1322f5faa65ecafcd77cf,-1,-1
14051,IS1bc5532ca44f2f87ef848,-1,-1
14052,Greengene,-1,-1
14053,Your Sisters Cun,-1,-1
14054,BoogyManz,-1,-1
14055,IS12e3c8c373b3646d3ff8e,-1,-1
14056,Drakythe,-1,-1
14057,MCCASLIN,-1,-1
14058,IS188863d5165ae32aef8ff,-1,-1
14059,IS1212831dde204637f56cb,-1,-1
14060,zarithyl,-1,-1
14061,nOvaNight,-1,-1
14062,genecrazy,-1,-1
14063,Dalle,-1,-1
14064,Dynamo27,-1,-1
14065,auOI6LE71q,-1,-1
14066,Ralath,-1,-1
14067,IS1cb176ab3b4e324d85f63,-1,-1
14068,IS16588bdc90bf4b541ec0d,-1,-1
14069,IS1608425dd34bfaf7b96f0,-1,-1
14070,1000 Wizards,-1,-1
14071,yxescocoa,-1,-1
14072,SavvyKangaroo,-1,-1
14073,MWwudi,-1,-1
14074,xMyTai,-1,-1
14075,Mjollnir,-1,-1
14076,IS1ad12ef063cb9300805bd,-1,-1
14077,Smokey,-1,-1
14078,IS18bdde7bcbd872396d192,-1,-1
14079,IS10399ab73c9fe1e37bd79,-1,-1
14080,MXnoZOw7q3,-1,-1
14081,IS1f075193b2a295ba4c466,-1,-1
14082,Purlox,-1,-1
14083,IS12426558443e0827b7ea9,-1,-1
14084,IS1845965b91b38e2b1311c,-1,-1
14085,IS12ea672696a0147d9fb12,-1,-1
14086,rpgguy007,-1,-1
14087,hvyYZJvf6U,-1,-1
14088,BIRD,-1,-1
14089,IS11da23e10c93b67bec70f,-1,-1
14090,Arna,-1,-1
14091,wonkman,-1,-1
14092,IS1f6208c3e0e405b0b62ce,-1,-1
14093,2bJSxanJ35,-1,-1
14094,Poonro,-1,-1
14095,GreekAsTheGods,-1,-1
14096,Iceman490,-1,-1
14097,IS1ac40e06e54e2c566d452,-1,-1
14098,IS1986974e1be59af67e8fe,-1,-1
14099,Crazylegz,-1,-1
14100,IS13b40ac236b51c966f94a,-1,-1
14101,LesPaulLover,-1,-1
14102,IS144097f3ed42e0697a546,-1,-1
14103,IS181daf8b4ee87589c509c,-1,-1
14104,veryk,-1,-1
14105,Pandemic Smiles,-1,-1
14106,TakeitEazy3,-1,-1
14107,IS1411f3a4095c8f12c5e22,-1,-1
14108,IS106e30b5d2073b765876b,-1,-1
14109,Skycluster,-1,-1
14110,IS1bd8e8da4f053283e3984,-1,-1
14111,IS16de51098f159b0fb909d,-1,-1
14112,Aymen,-1,-1
14113,ToyFox,-1,-1
14114,Cynical89,-1,-1
14115,PiGQuake36,-1,-1
14116,vellyRdv,-1,-1
14117,IS135a2aaa0374e159a7f9f,-1,-1
14118,Rabb,-1,-1
14119,IS1b026d38425594e68a007,-1,-1
14120,IS1d7ea28315af8b4370155,-1,-1
14121,cliffzorz,-1,-1
14122,Perinor,-1,-1
14123,IS1f6bb4166f7d582a3f5d9,-1,-1
14124,IS10195c48c002ebe5e4aac,-1,-1
14125,Sobeman,-1,-1
14126,IS12beaacc2b67cbcf9a58d,-1,-1
14127,IS1ac9ee32681d0c9e18540,-1,-1
14128,Cosmic Encounterer,-1,-1
14129,IS1263151f75565644e7367,-1,-1
14130,BananasaurusRex,-1,-1
14131,RyanNinja,-1,-1
14132,IS1d80f14780f0d49c15786,-1,-1
14133,IS1540b7c0bfcc5b93af48c,-1,-1
14134,IS11885893e1f5377735509,-1,-1
14135,IS1d50c87db8fbcea5513b7,-1,-1
14136,IS150e07f194ef7c0d28b01,-1,-1
14137,IS1bbf0002bc17e54806936,-1,-1
14138,Ehmuhlee,-1,-1
14139,IS1b583ce76653891aec539,-1,-1
14140,SaIty Smurf,-1,-1
14141,OOgyY17uC5,-1,-1
14142,IS151aaf1db47b40292ec54,-1,-1
14143,Phantom Knights,-1,-1
14144,Shobecool,-1,-1
14145,Evilsnowman,-1,-1
14146,Teslacrashed,-1,-1
14147,Farsteer,-1,-1
14148,IS199a105b514368ca8a8db,-1,-1
14149,IS15acbf6ef0a57e4a3dbca,-1,-1
14150,Bronziful,-1,-1
14151,FQJHKUYU1,-1,-1
14152,IS16363b2e1e1b1f1789e86,-1,-1
14153,DeTech,-1,-1
14154,Nakeru,-1,-1
14155,MilosNoob65,-1,-1
14156,Deimetsu,-1,-1
14157,Tar ar sis,-1,-1
14158,neckromancer,-1,-1
14159,ionizedwolf,-1,-1
14160,Fister Steve,-1,-1
14161,Damanzi,-1,-1
14162,IS1940b7c57331f7b7db3c6,-1,-1
14163,S4L4SI,-1,-1
14164,IS192278209290ee3e4ae31,-1,-1
14165,BEastN,-1,-1
14166,IS1e0a46ea4d76ac473b1a2,-1,-1
14167,TRj2DmWf6R,-1,-1
14168,IS1706da665a55d2ce2011e,-1,-1
14169,DemonGeneral,-1,-1
14170,IS123ade2bbb05e574eef78,-1,-1
14171,rustlinJimmy,-1,-1
14172,IS136a9137ef3e270d9d79c,-1,-1
14173,PknK5BNNKA,-1,-1
14174,IS1bb860a679d7e5ba52d26,-1,-1
14175,Irimis,-1,-1
14176,Zeniel,-1,-1
14177,lLogicc,-1,-1
14178,IS16ac0063f735f7a15dd24,-1,-1
14179,RyaN129,-1,-1
14180,Snolarin,-1,-1
14181,Rambi,-1,-1
14182,Vyse,-1,-1
14183,Master Shadow,-1,-1
14184,IS13c5944ae67cae2739f7e,-1,-1
14185,IS1457b6802255fcec69081,-1,-1
14186,IS1d7092c9f0c88945f0b6e,-1,-1
14187,Halrad,-1,-1
14188,focus,-1,-1
14189,IS144ef90a4609dde03985c,-1,-1
14190,my name is jeff,-1,-1
14191,BlooRQ,-1,-1
14192,IS12ba7ea1be4502df85765,-1,-1
14193,Maxyo,-1,-1
14194,IS1730296d6305a9794fa13,-1,-1
14195,For Crystals,-1,-1
14196,IS14e7ec627b1c6a5a35585,-1,-1
14197,GokuZelda,-1,-1
14198,MechaJebus,-1,-1
14199,RevStan,-1,-1
14200,Blue,-1,-1
14201,IS159fd68519b7f9840fdb2,-1,-1
14202,ca5e,-1,-1
14203,armoafro,-1,-1
14204,IS118798e7b391fd62adf33,-1,-1
14205,IS167d039ee7b4f18697286,-1,-1
14206,IS138fe7d019d79fbf8712b,-1,-1
14207,Akainohana,-1,-1
14208,IS1789d68d85ee332131c93,-1,-1
14209,GEEGEEGEEGEEGEE,-1,-1
14210,IS175d8c599483001daf2e1,-1,-1
14211,mattcart,-1,-1
14212,Br0ken,-1,-1
14213,IS1a1ebd199086e4a69a49a,-1,-1
14214,IS11d3232d2c92e274ffe31,-1,-1
14215,SkyzoR,-1,-1
14216,IS1232b0a0f6b965af015a9,-1,-1
14217,IS130d14d66a1a56c068548,-1,-1
14218,xXDuckLordXx,-1,-1
14219,Princess Monika,-1,-1
14220,Drend,-1,-1
14221,Zordons sex slav,-1,-1
14222,Sigy,-1,-1
14223,0Dx9Tu2BtS,-1,-1
14224,Brucebunny,-1,-1
14225,IS140888936dad15c5d046a,-1,-1
14226,FootjobKid,-1,-1
14227,IS13bafd064964c9f0fcb6f,-1,-1
14228,adamwan,-1,-1
14229,Scauthra,-1,-1
14230,IS19c81e7eb9a508ef928b7,-1,-1
14231,Controller,-1,-1
14232,Dandini,-1,-1
14233,IS13cb0c9f606c1a59ec4b9,-1,-1
14234,Defaulted,-1,-1
14235,Xole,-1,-1
14236,JerrinTZ,-1,-1
14237,Edarias,-1,-1
14238,Ubarax,-1,-1
14239,Hoy670,-1,-1
14240,Kashubicles,-1,-1
14241,IS1518db7c1e6175abe5bfb,-1,-1
14242,The Jack of Knaves,-1,-1
14243,txtg8x3zEG,-1,-1
14244,IS1979b8de601f81461032a,-1,-1
14245,IS1f089f43c6f36ca40fa4a,-1,-1
14246,Jubei,-1,-1
14247,Vira,-1,-1
14248,Cetanu,-1,-1
14249,IS161cc903d25f55ed38aa8,-1,-1
14250,samuelLjackson,-1,-1
14251,Kittik,-1,-1
14252,IS180c287d5c2992de9b752,-1,-1
14253,IS185f2a087864badfdc202,-1,-1
14254,IS156fd7b53f8f6b186d5e9,-1,-1
14255,Vysuvius,-1,-1
14256,Carric,-1,-1
14257,Mista,-1,-1
14258,9am5Y8VRlp,-1,-1
14259,IS138da0c6835ef457b5878,-1,-1
14260,king of the sing,-1,-1
14261,IS163444e5711c7a5584832,-1,-1
14262,Galain,-1,-1
14263,IS1ddc8e27aa550f0b806b1,-1,-1
14264,Stilgar,-1,-1
14265,VonOpewitz,-1,-1
14266,sbaleno,-1,-1
14267,IS1fd9c3cd91a41ddb1ac45,-1,-1
14268,axc,-1,-1
14269,droopy64,-1,-1
14270,JAzW0znaO8,-1,-1
14271,IS177ac619657ec2eb3adac,-1,-1
14272,IS17d4f97c3bd5d37d32868,-1,-1
14273,Odinson,-1,-1
14274,Failatdeath,-1,-1
14275,IS100525d3f8de4200173bd,-1,-1
14276,IS11ccaea7cac4b42b2ee5f,-1,-1
14277,IS1658ac976a063527c4292,-1,-1
14278,Griefbot,-1,-1
14279,Kanbi Nguyen,-1,-1
14280,IS11cd7bcd704d83b0391f9,-1,-1
14281,IS1b76cdd88db6e7b2734da,-1,-1
14282,Bahkra,-1,-1
14283,IS1310b86589bd1aeaa2cd7,-1,-1
14284,Losthae,-1,-1
14285,IS13d8ee8e39ff5d2bb3f96,-1,-1
14286,IS1b55ff9cdb144a3ba5cc3,-1,-1
14287,RyKNoW,-1,-1
14288,Orain,-1,-1
14289,IS1922b8ab8875c429c0a72,-1,-1
14290,ggwpapparel,-1,-1
14291,IS1714ba2923f1bb3f1ffa1,-1,-1
14292,IS1ab179742bd3af495f407,-1,-1
14293,ktFPV66XTc,-1,-1
14294,Deadego,-1,-1
14295,MMaddox,-1,-1
14296,IS157e5ae1e430034ad1a21,-1,-1
14297,IS1f22a58598d1e0583ece9,-1,-1
14298,Bilun,-1,-1
14299,IS1b411b56805200085e4c2,-1,-1
14300,Master Kirru,-1,-1
14301,IS1c616caa6337421abe4ae,-1,-1
14302,IS1566069cc3bef454174a7,-1,-1
14303,kidicarus271,-1,-1
14304,Izusa,-1,-1
14305,Shinta,-1,-1
14306,IS1289ce2b6a46c42e30424,-1,-1
14307,IS1d50c0c9dfc7e4d8be9f7,-1,-1
14308,MasTo,-1,-1
14309,IS1f4d8a13c960b970b9f24,-1,-1
14310,Neil Patrick Harris,-1,-1
14311,IS156de12a6add92c83b4d9,-1,-1
14312,uVs3KpyRuG,-1,-1
14313,RWilliams,-1,-1
14314,IS12be1fe1e8bf4043d385f,-1,-1
14315,IS157a0f21ad30dda4d4088,-1,-1
14316,IS15fb0a71a96308e567bde,-1,-1
14317,IS1f788b77b7cfe39200ba3,-1,-1
14318,IS12e7adc7d0232afb30816,-1,-1
14319,IS13570fb7147311365a5eb,-1,-1
14320,IS1d0d57c35c4e27276617b,-1,-1
14321,rillipiisami,-1,-1
14322,Apze,-1,-1
14323,IS12b79134fe80f69f5b6ca,-1,-1
14324,7Am37e64Ad,-1,-1
14325,IS1fabc440d74ac51b91d87,-1,-1
14326,IS16cb726b412b7059223ff,-1,-1
14327,IS183ca146cbf93e37b1ab7,-1,-1
14328,IS139821b678bd52ff26428,-1,-1
14329,IS11c61d4073ef0f9923420,-1,-1
14330,DefeatTower,-1,-1
14331,IS1acf2e75aa8cbc0d8323b,-1,-1
14332,maligare,-1,-1
14333,IS1c1c60305b7d3d9a420a6,-1,-1
14334,IS1429bba105c048a7ea1b6,-1,-1
14335,Tuebob,-1,-1
14336,IS1368ff7ceef7731ccf024,-1,-1
14337,IS17a6c92e317daae0e7131,-1,-1
14338,IS1e44482240713d709930e,-1,-1
14339,NLd8nwU8hM,-1,-1
14340,IS1f426e62b19597322920a,-1,-1
14341,IS184350308429f4fc60451,-1,-1
14342,IS19f52277f07e84a2775f3,-1,-1
14343,reIiquary,-1,-1
14344,Leite,-1,-1
14345,IS1940e2739e06072855b95,-1,-1
14346,IS1221e15fde04690b18acd,-1,-1
14347,IS16ffdf75850044c595725,-1,-1
14348,IS12688a42174679b8e5bbd,-1,-1
14349,IS13842e60d83295368cdff,-1,-1
14350,IS13f47f49c740581fb1854,-1,-1
14351,bobyahoo,-1,-1
14352,IS1a91fffadbdb5a3a9db15,-1,-1
14353,Krensher,-1,-1
14354,9M0gM59BNq,-1,-1
14355,IS1965b4bc26d8c9958b518,-1,-1
14356,IS12c458d20e3b35633733a,-1,-1
14357,evilion,-1,-1
14358,IS1b94e3229ec29f675c19d,-1,-1
14359,IS1db89f8eed4d75b5f5eef,-1,-1
14360,IS1b9bd76a6d1f024a3a8c6,-1,-1
14361,Bejjeg Pbwed,-1,-1
14362,IS1e36ad2085b7a1a02c5cc,-1,-1
14363,Lacky,-1,-1
14364,Snowz1n,-1,-1
14365,RaginAzN,-1,-1
14366,IS1ce5cc084d231d24d20e5,-1,-1
14367,IS1085d0f9fec9e49f6790c,-1,-1
14368,IS13d4c09d2a88121860841,-1,-1
14369,IS1495716434a3ba797c6f2,-1,-1
14370,Black Sheep,-1,-1
14371,hexxd,-1,-1
14372,IS16345e5d404c61c5b5081,-1,-1
14373,THL GingaSpice,-1,-1
14374,IS11c0953cd80bbac2e50f0,-1,-1
14375,IS1d14572fa13eb4f2e7fe0,-1,-1
14376,Jabe,-1,-1
14377,IS17304a7ceebd83c64fba1,-1,-1
14378,IS16e3a1bfcc0fe0d687bb1,-1,-1
14379,smeckhoff,-1,-1
14380,IS1153ca68fdf211c8836a7,-1,-1
14381,Limecoconut,-1,-1
14382,ToastieMuffins,-1,-1
14383,IS12a227480d2929c6f8a04,-1,-1
14384,IS1ee0255325e2865d6b503,-1,-1
14385,Psai,-1,-1
14386,IS1edb8c302ed31b0bafa1f,-1,-1
14387,Maximum Can,-1,-1
14388,ODB SundayMang,-1,-1
14389,Pootie T,-1,-1
14390,winnsical,-1,-1
14391,NoV67uKT33,-1,-1
14392,AshlerZ,-1,-1
14393,dercatto,-1,-1
14394,IS1019149a2807337f4a0f8,-1,-1
14395,Orbi,-1,-1
14396,14396_DEL,-1,-1
14397,saop,-1,-1
14398,Sorgon,-1,-1
14399,IS102436862912970737eda,-1,-1
14400,IS1a5b4fe10062ae06a137b,-1,-1
14401,IS134ee7ca5c2405235661c,-1,-1
14402,Prec0cious,-1,-1
14403,v65G8CZUUc,-1,-1
14404,TakashiX,-1,-1
14405,itaite,-1,-1
14406,Aliel,-1,-1
14407,IS1e43c8f6bd64fd09e3852,-1,-1
14408,IS1dee3267dcd929f6703ac,-1,-1
14409,IS1c80c08bdf440226b462a,-1,-1
14410,lorenftw,-1,-1
14411,HandsomeDevil,-1,-1
14412,IS1b07d9183081b059dd0d2,-1,-1
14413,IS1164a13b2d64a8b917105,-1,-1
14414,kakikitsune,-1,-1
14415,IS15cdbe363ae0b4b2eb262,-1,-1
14416,IS1acd21cb7a6a758ca8697,-1,-1
14417,IS13af222b5e231e3b23791,-1,-1
14418,firebrand37,-1,-1
14419,BoneDry,-1,-1
14420,NadalKenlyl,-1,-1
14421,IS1bf3a4b3be35b137bcbb8,-1,-1
14422,TurboGFF,-1,-1
14423,Grogelin,-1,-1
14424,IS1afdb63e571b873e419f6,-1,-1
14425,IS1bc6b6e2724b6ec44efda,-1,-1
14426,Dark Knight,-1,-1
14427,IS17011e49166d9d4ddbc48,-1,-1
14428,IS14b257db60ed066b6d3cb,-1,-1
14429,IS132b07dd7f645153ee35c,-1,-1
14430,Vetroz,-1,-1
14431,IS19b1da4206a0c5d7da31e,-1,-1
14432,IS12d0a1276efc5e6c1d6c8,-1,-1
14433,v4buBrVM68,-1,-1
14434,HohenSuxBawlz,-1,-1
14435,IS1a6a8d61bc64a2d333e8a,-1,-1
14436,Schipsy,-1,-1
14437,IS1d51f3d0c612d5a373414,-1,-1
14438,Koondagg,-1,-1
14439,Splinter,-1,-1
14440,IS1693840fa1f2c327b51b5,-1,-1
14441,Snubbs,-1,-1
14442,Nìco,-1,-1
14443,Gh1V4mjvLG,-1,-1
14444,Icarris,-1,-1
14445,IS1b9996e556b05ddf72357,-1,-1
14446,Zoah,-1,-1
14447,IS112b4647b9b8a64967f71,-1,-1
14448,phrenik,-1,-1
14449,Danedov,-1,-1
14450,Retica,-1,-1
14451,IS139b2876f663bba098c83,-1,-1
14452,Eljefazo,-1,-1
14453,IS1f73d6f2c485d89296d1d,-1,-1
14454,Krootox,-1,-1
14455,Kjellsvik,-1,-1
14456,IS147e821ad2a2c690e296e,-1,-1
14457,IS1641f092e77acc9bf468c,-1,-1
14458,Lombar,-1,-1
14459,Buchanan,-1,-1
14460,IS19c03bc2c4e06023c5b99,-1,-1
14461,Shiva451,-1,-1
14462,IS1460a00cbb8ed5dee299c,-1,-1
14463,IS138643a0b41b981c01f60,-1,-1
14464,IS1fbe40c49a20e4c0aaa6f,-1,-1
14465,yfN5VyvjxB,-1,-1
14466,Stealthippo,-1,-1
14467,Nautilak,-1,-1
14468,Trixiy,-1,-1
14469,IS14f42bc7ebe8a0ea0edc6,-1,-1
14470,PutItInTheBank,-1,-1
14471,Z5 Velimirius,-1,-1
14472,IS1fd4c09f3e0102f1dfd14,-1,-1
14473,AUDJOXFltu,-1,-1
14474,InnoBystander,-1,-1
14475,Ippoz,-1,-1
14476,IS1833196044a79151ccba3,-1,-1
14477,IS1e227da89bcf52043f32c,-1,-1
14478,DarkestNight,-1,-1
14479,IS1c188a6c41cafd9400a30,-1,-1
14480,IS1cd17ceafd0fe127f3176,-1,-1
14481,IS15b8dacb0c8e01546b2b4,-1,-1
14482,IS1b244a06800304fb423f0,-1,-1
14483,IS1df0025a5a78b0fc517c0,-1,-1
14484,TROLLmECHA,-1,-1
14485,Roffy,-1,-1
14486,DerangedMind,-1,-1
14487,Hook87,-1,-1
14488,Stylish,-1,-1
14489,Soggywaffles,-1,-1
14490,OneManWar,-1,-1
14491,Zaine,-1,-1
14492,SD Kakashi,-1,-1
14493,IS15c56684ab9f6e7a9995a,-1,-1
14494,IS126c9e2682813fff354a8,-1,-1
14495,vS6Qe3i2QQ,-1,-1
14496,IS19fa21a7b898150f02368,-1,-1
14497,omfgdommy,-1,-1
14498,IS15196314fc5e5873e4dc5,-1,-1
14499,Zaxun,-1,-1
14500,johnny3144,-1,-1
14501,IS10de7ffb46447f0fe687c,-1,-1
14502,IS1bffd0a598a7ed621fc93,-1,-1
14503,FMl6ZeLgur,-1,-1
14504,IS1969b78a091ff51ac6566,-1,-1
14505,kTsbqIFs0c,-1,-1
14506,vizuina,-1,-1
14507,IS170d633ff04c9b7f7cdd4,-1,-1
14508,Hey im Tony,-1,-1
14509,1uCRxxlrq0,-1,-1
14510,MyLilFeeder,-1,-1
14511,Triptomyballs,-1,-1
14512,WYXLRC3MMp,-1,-1
14513,IS1e4501d867451048a5cf9,-1,-1
14514,IS1498a93ec82d228135c00,-1,-1
14515,Leoto,-1,-1
14516,Bedroom,-1,-1
14517,IS129e0d0d7a715d26041bd,-1,-1
14518,IS11bb322e9ae46a462ef4a,-1,-1
14519,Soulmyr,-1,-1
14520,CNr7qDi4Vj,-1,-1
14521,Mighty Thor,-1,-1
14522,IS174d27adc98e6d165ef29,-1,-1
14523,Collisionc,-1,-1
14524,IS1c77a193d0057aab8fa11,-1,-1
14525,Taiga,-1,-1
14526,BKkGijvEvr,-1,-1
14527,IS1b83e1356be1ac5724c50,-1,-1
14528,Leagueisterribru,-1,-1
14529,netdefilr,-1,-1
14530,Parallelogramist,-1,-1
14531,HsITjTdOFl,-1,-1
14532,MjwviuJqCF,-1,-1
14533,Bluangutang,-1,-1
14534,IS1fd3b12105ec17a67dbac,-1,-1
14535,Gimptastic,-1,-1
14536,Gondeezy,-1,-1
14537,IS1ce63c24dc80f6f1ffe9f,-1,-1
14538,mcawesome,-1,-1
14539,Magnious,-1,-1
14540,IS1534f207261f9217afb73,-1,-1
14541,Thelis,-1,-1
14542,IS1280437b02591573d6e03,-1,-1
14543,IS130af54b08e3551fe1693,-1,-1
14544,IS170447056fc00bf792427,-1,-1
14545,HDImputwildlife,-1,-1
14546,IS124859b3f38aa9378f949,-1,-1
14547,VpAeGnIiNsA,-1,-1
14548,IS148ac55080b306cfd0590,-1,-1
14549,IS1a545d48291f9b0a72b2d,-1,-1
14550,Eniatnof,-1,-1
14551,IS1fc9eebbe7a8202c95c26,-1,-1
14552,IS12fd21b85566ec54361d2,-1,-1
14553,IS1008d185e1775549ec2d2,-1,-1
14554,TheIronPirate,-1,-1
14555,Technocracy,-1,-1
14556,Deathstupy,-1,-1
14557,TKilla,-1,-1
14558,soap is noob,-1,-1
14559,IS1cf4a5e33c252fa396512,-1,-1
14560,Jizzmo,-1,-1
14561,munakdoll,-1,-1
14562,IS18c7b23be3976965dd543,-1,-1
14563,IS1f75932acafcd57d5142c,-1,-1
14564,IS149a5e84fc678fddbaf14,-1,-1
14565,Chuf,-1,-1
14566,IS1e501f9f0d7a1c75c584d,-1,-1
14567,Redkazi,-1,-1
14568,IS1f7dab481a16152f60c43,-1,-1
14569,Squints1318,-1,-1
14570,IS13c888090fb81c2869c63,-1,-1
14571,Sylariss,-1,-1
14572,IS14e2633e85d81cc3cab92,-1,-1
14573,nightghost99,-1,-1
14574,IS156f0ffb1a1726451a901,-1,-1
14575,AzhelJinn1985,-1,-1
14576,IS1d1ef509fedb677fcea5a,-1,-1
14577,Rize,-1,-1
14578,IS1aa0b6b452d0f894c2621,-1,-1
14579,IS184b74513d61b80da5953,-1,-1
14580,IS12174b938f4bd140e19c6,-1,-1
14581,Tapalatakettle,-1,-1
14582,Armitis,-1,-1
14583,IS1b64f9036fc53cbfd4c2e,-1,-1
14584,Psyke,-1,-1
14585,ComradeBad,-1,-1
14586,Sinner,-1,-1
14587,IS16460e350cefe4714b380,-1,-1
14588,IS1b9842fd23d6cf95c4b38,-1,-1
14589,Blitzmaster7,-1,-1
14590,Maniac2000,-1,-1
14591,hughbicus,-1,-1
14592,IS14dd833f192a7895b378c,-1,-1
14593,IS12184301b06f3f609ead7,-1,-1
14594,QuickSilver,-1,-1
14595,RandomNumbers,-1,-1
14596,IS1063f512f76ebc5409d42,-1,-1
14597,IS128653a0361e776a48733,-1,-1
14598,ElementalCronos,-1,-1
14599,ricecrispyking,-1,-1
14600,AccuracyByVolume0331,-1,-1
14601,Guardian,-1,-1
14602,fDMgvxEomD,-1,-1
14603,IS1484a3983d1678cec094f,-1,-1
14604,King Ramm,-1,-1
14605,pillz,-1,-1
14606,PpmUup1m7z,-1,-1
14607,Attica,-1,-1
14608,IS1be7ede3c705c4cc11513,-1,-1
14609,Kutt,-1,-1
14610,Hingo,-1,-1
14611,OffConstantly,-1,-1
14612,Kalarix,-1,-1
14613,IS1a09ccdceaf216a7afc13,-1,-1
14614,IS1c1e0f8043a132bbf1af3,-1,-1
14615,IS1727c7dd0f9434cbd2bba,-1,-1
14616,IS11c2ec33ab9366feb2862,-1,-1
14617,Ozymandias,-1,-1
14618,Toesie,-1,-1
14619,IS1d39be5e02dbfd8730469,-1,-1
14620,IS1368b3491c0c473da19f1,-1,-1
14621,fatandpale,-1,-1
14622,IS1d7f7ff00f488874a8d43,-1,-1
14623,IS1a7c999b9c8381185ae4e,-1,-1
14624,pusseidon l,-1,-1
14625,IS1dcd4fb5f47801d97b9a7,-1,-1
14626,IS1157a3f50c5c8d0d3086b,-1,-1
14627,IS1b4ffb60a39768e381097,-1,-1
14628,IS1e34fd5705f92a5cebe79,-1,-1
14629,Greensamo,-1,-1
14630,IS16fd5f491e6b6521c7510,-1,-1
14631,IS161a5aae9588726d18edc,-1,-1
14632,marios,-1,-1
14633,wegetarian,-1,-1
14634,IS154728b5c2fd9b5cfeca9,-1,-1
14635,IS14ea787ba9f9e8396a26e,-1,-1
14636,IS102285102771ad64b3dac,-1,-1
14637,IS1ebf04bc03e38e48e3ffc,-1,-1
14638,KaiWeezy,-1,-1
14639,IS1d55fb312dd0ce8afa76e,-1,-1
14640,IS103201076a9fade1b72d8,-1,-1
14641,IS17759c230664c4dc905f8,-1,-1
14642,IS135cd5be1e191f44e09f8,-1,-1
14643,nightsever,-1,-1
14644,IS1b4c106bca8015477757e,-1,-1
14645,gnl9RvCVtZ,-1,-1
14646,Purple Nim,-1,-1
14647,flame is bae,-1,-1
14648,IS107a918f0a7670496d1ab,-1,-1
14649,IS1c79ee0536b932f6e76b3,-1,-1
14650,IS180fd8e20e3d6dc00b11c,-1,-1
14651,IS117043965f9e1889224e7,-1,-1
14652,IS13bf4548f302a46d9932d,-1,-1
14653,IS1909bb1649e27087db4af,-1,-1
14654,IS14154590d05ce68da8b63,-1,-1
14655,IS18c531b6bfce6c41f3bf6,-1,-1
14656,IS1acb4ef8081b4657d1813,-1,-1
14657,IS130a37e43118c0eca208b,-1,-1
14658,Haplicity,-1,-1
14659,IS15559011426ec5d9c42f9,-1,-1
14660,IS142f7cf7ea1dc7db4f93a,-1,-1
14661,IS101bca32abadcf9030c6b,-1,-1
14662,I want kebab,-1,-1
14663,IS11b3f029f11ce9b3eba43,-1,-1
14664,IS15b46ec30bb860eea84a4,-1,-1
14665,SomySam,-1,-1
14666,IS1c2259dc0bb045e9bf6d2,-1,-1
14667,Seiryuuin,-1,-1
14668,Werra,-1,-1
14669,IS1b47f13a4ebb4c8d00628,-1,-1
14670,IS15bebcb35e0054d7384fe,-1,-1
14671,IS134d2ce312263653c5594,-1,-1
14672,DiShanTheRage,-1,-1
14673,IS1c744d4e204a6c0f330cd,-1,-1
14674,IS18edea4ad8a2ddfdbbe17,-1,-1
14675,IS17507fc1236f156c5b816,-1,-1
14676,Skybocker,-1,-1
14677,IS1671d1cd77ef51c041b83,-1,-1
14678,IS18552d1b7c42a4c3f2418,-1,-1
14679,SonOfASpartan,-1,-1
14680,IS1dd6d172c786a1bffe4a7,-1,-1
14681,IS1e974c046a6b5e89246fc,-1,-1
14682,SmaWXhmSZw,-1,-1
14683,Eyja,-1,-1
14684,IS1d5c3c343d9b06ca9db05,-1,-1
14685,IS112c56595a230615f2250,-1,-1
14686,Ternis,-1,-1
14687,IS128f981127b71861de113,-1,-1
14688,IS18c6304b84ec6b018a965,-1,-1
14689,IS11a6f35d61a82415468d7,-1,-1
14690,coxamon,-1,-1
14691,IS1cd8af9598274f4b3c5c0,-1,-1
14692,IS12ef5146fb11f73f93b0b,-1,-1
14693,IS18dd89e7134affeca8697,-1,-1
14694,IS166094ab2652bef28a251,-1,-1
14695,IS1f1b42bb1097a941393ef,-1,-1
14696,asw06,-1,-1
14697,Cyclol,-1,-1
14698,IS134bd10c0f2fb2c8eef03,-1,-1
14699,HOU YaphetS,-1,-1
14700,IS11de9d8ded6ff7ade4b7a,-1,-1
14701,IS1f3e512a0b7a7ee60b645,-1,-1
14702,IS13bbb809e516cecc658e9,-1,-1
14703,IS14f1e057b6417e1c7eab5,-1,-1
14704,Agamenon,-1,-1
14705,IS1cccf0f624d935a57898d,-1,-1
14706,hamalander,-1,-1
14707,IS1fbcc7d780f571e5974ec,-1,-1
14708,CIE0Kl6qDV,-1,-1
14709,IS177efa5eba575c41e8688,-1,-1
14710,IS122c72993e744add7ed20,-1,-1
14711,inRareform,-1,-1
14712,Noobraham Lincoln,-1,-1
14713,dump n sprout,-1,-1
14714,IS1dc28699435eca8bd6486,-1,-1
14715,4J9tiGddiS,-1,-1
14716,LIfeIsGood,-1,-1
14717,IS1fc198dee8690630e475a,-1,-1
14718,IS1669208bc39bdcbaf4eda,-1,-1
14719,IS19b14796ac009553b3451,-1,-1
14720,zeroskillz,-1,-1
14721,Hardstyle,-1,-1
14722,hutt,-1,-1
14723,futukka,-1,-1
14724,IS1372a8facfe462868ebf1,-1,-1
14725,iPlayer,-1,-1
14726,DamageInq,-1,-1
14727,Aeoz,-1,-1
14728,xned,-1,-1
14729,IS1ae9841eecac2a9e8c503,-1,-1
14730,Sintro,-1,-1
14731,Limiti,-1,-1
14732,IS19cf615c146330c591ba9,-1,-1
14733,watercliff,-1,-1
14734,JbzoqX1cHh,-1,-1
14735,FatSteveIrwin,-1,-1
14736,Decepticle,-1,-1
14737,Omegon,-1,-1
14738,Nuah,-1,-1
14739,IS1d28ad1c2ae7d0aee496a,-1,-1
14740,IS1e8912996d65c1cf09761,-1,-1
14741,silvo,-1,-1
14742,IS16202eb5bd42f2f2e8ecc,-1,-1
14743,IS11d5f37fe3bb0e1762499,-1,-1
14744,IS1db3a41dc1734e04ce44e,-1,-1
14745,IS10d5cae3a2ea3a91adc1c,-1,-1
14746,Momesso,-1,-1
14747,IS138d2ccc6c2bdd0341a1a,-1,-1
14748,IS1294459adb07e02fc03e4,-1,-1
14749,IS1c88ccd8100451384c97a,-1,-1
14750,IS109808a40cb163b6d9d8d,-1,-1
14751,IS1ed64a74417c531cdca0f,-1,-1
14752,bton,-1,-1
14753,IS12458a9ae48883b7dc655,-1,-1
14754,IS17b7a5c968956b1ecf1e3,-1,-1
14755,IS138bde7744b4109446c07,-1,-1
14756,An orange fox,-1,-1
14757,IS1d8e8f7326a6adc1a7c1e,-1,-1
14758,IS15e5e95938c1439ba385d,-1,-1
14759,IS19911788adb13ba65022f,-1,-1
14760,DsOrc,-1,-1
14761,IS109081d942836af421f86,-1,-1
14762,IS1ed9c09b650c9234be21a,-1,-1
14763,IS1870f5a38563dd25b1d05,-1,-1
14764,IS15f509a2aa0130e8bf64f,-1,-1
14765,Kerobearos,-1,-1
14766,IS1e15a07a36b9987b70858,-1,-1
14767,IS1a66236542d1166b01780,-1,-1
14768,Sarnek Bloodstar,-1,-1
14769,IS1a8b5883b7134fcf8d558,-1,-1
14770,IS132318af0c2a474b9eb34,-1,-1
14771,IS14bc783e063d7182bc3fd,-1,-1
14772,metahugger,-1,-1
14773,IS1554c5348f78f8f2cd45b,-1,-1
14774,IS10702319961bcae84d87b,-1,-1
14775,Brigog,-1,-1
14776,IS1a953ae3c361e5de97048,-1,-1
14777,IS1578a87e46f33dfdc78b1,-1,-1
14778,Jaymes,-1,-1
14779,pboard,-1,-1
14780,Tinithor,-1,-1
14781,IS10af1573311d289a0e6a9,-1,-1
14782,HoggishGreedly,-1,-1
14783,Mechdragon,-1,-1
14784,BajaBlood,-1,-1
14785,xoEj6QZERu,-1,-1
14786,Luxnoir,-1,-1
14787,IS1c2e134a0c02d21acfb64,-1,-1
14788,IS1fd00cf24101223265689,-1,-1
14789,IS15459085a6bb82be271c0,-1,-1
14790,DG4L,-1,-1
14791,IS106d9aaca0cb5ac550812,-1,-1
14792,Lost Soul,-1,-1
14793,IS11e5bfd8ba600f026eb55,-1,-1
14794,DoucheKing,-1,-1
14795,superrobert2,-1,-1
14796,Escaflowne,-1,-1
14797,EHMj9Q8gzo,-1,-1
14798,IS1c413658ecf4326d42b57,-1,-1
14799,Texonater,-1,-1
14800,IS197827da9fdaadc060d69,-1,-1
14801,IS11292ff2a1b0bdfbbc52e,-1,-1
14802,IS131a83205fe7195aff159,-1,-1
14803,IS11a5caa4127a0ce4bd7fd,-1,-1
14804,Bass Hunter,-1,-1
14805,Atamisk,-1,-1
14806,IS1ff14541029aceefc54de,-1,-1
14807,IS1a18499e136f075403f75,-1,-1
14808,IS1d21c664a2404d553029b,-1,-1
14809,IS121c64c6406c8921c9139,-1,-1
14810,Mingal,-1,-1
14811,IS1207b7f069d6477a41368,-1,-1
14812,IS196a3999321da05dfde8c,-1,-1
14813,Oerik,-1,-1
14814,Redtah,-1,-1
14815,IS12c130b29656613850cf8,-1,-1
14816,Woodifer,-1,-1
14817,IS106857d4fd54fa2f334bc,-1,-1
14818,IS106c3c85934ea84bcccc0,-1,-1
14819,danishhh,-1,-1
14820,Possum Erotica,-1,-1
14821,DaDeepz,-1,-1
14822,IS19de85c416551c10368e2,-1,-1
14823,IS139950780dfb8f91e53ed,-1,-1
14824,grebnev,-1,-1
14825,Tootboots,-1,-1
14826,Dargenec,-1,-1
14827,IS1ff9dd6322cbb5489bcbc,-1,-1
14828,NaxSloan,-1,-1
14829,Bsrseyghers,-1,-1
14830,IS11ef441815910d5943598,-1,-1
14831,nHAroYiEK1,-1,-1
14832,Deepz,-1,-1
14833,IS1a6a4258a6373af2d137d,-1,-1
14834,badimo,-1,-1
14835,IS1bedd98f6868c6accf1c2,-1,-1
14836,w7xOfOsDzz,-1,-1
14837,IS1fdaf1eb92ed22a80914a,-1,-1
14838,Nooooooooodles,-1,-1
14839,krispykrem,-1,-1
14840,fantajin,-1,-1
14841,IS12bde4cd02805118de503,-1,-1
14842,colshroomz,-1,-1
14843,IS11d7036f983b85de910b0,-1,-1
14844,kylek,-1,-1
14845,DocDemento,-1,-1
14846,IS1534bcebc28c845dafccd,-1,-1
14847,IS198f2a3ba4d0666b4468f,-1,-1
14848,IS1d9890a1a1d40a11edbe8,-1,-1
14849,IS1996124bfb5cb65201434,-1,-1
14850,IS189b0cc76ffd6aaacf002,-1,-1
14851,IS1aa5c2172b40beaf5bdb1,-1,-1
14852,IS1f4a879c4a5d4e5f6d88b,-1,-1
14853,IS1c9fcc028dd14f4c074ce,-1,-1
14854,IS1001ad2c2d009707f61d9,-1,-1
14855,IS15a94e4941c890a8ed1d1,-1,-1
14856,IS1bdc271a775f5b4639258,-1,-1
14857,Mr Zoma,-1,-1
14858,IS138cac5455d928f2b021b,-1,-1
14859,IS1adbee465c50f05bda944,-1,-1
14860,congojack,-1,-1
14861,Synergyst,-1,-1
14862,IS1a8110c0241a0882023d0,-1,-1
14863,IS1e4775951399035e00841,-1,-1
14864,ContingencyPl4n,-1,-1
14865,IS1fcbb74f06fef40c9a4ac,-1,-1
14866,IS1ceb8afde02dd6cae9ddf,-1,-1
14867,Calcifer,-1,-1
14868,IS14885798095b94a3d0bc8,-1,-1
14869,Rageplant,-1,-1
14870,WeakGrim00,-1,-1
14871,SG GodFlow,-1,-1
14872,wesleet,-1,-1
14873,Jessios,-1,-1
14874,Vilevous,-1,-1
14875,qD9hkK53JJ,-1,-1
14876,spreadfred,-1,-1
14877,IS1ae210a1b2c0ae4a21c7a,-1,-1
14878,ROARIMCOOL,-1,-1
14879,IS1369fb6dbb48ab0b6e018,-1,-1
14880,Deadhead,-1,-1
14881,IS1a6e19583432967917da9,-1,-1
14882,lixanu,-1,-1
14883,IS192468fbc9485e31d062f,-1,-1
14884,Crazyadz,-1,-1
14885,IS1a2e6e35b9c555500b1e8,-1,-1
14886,Zxero,-1,-1
14887,Drayen,-1,-1
14888,IS13a4a4574e97002734900,-1,-1
14889,MasturBac0n91,-1,-1
14890,IS10835824b898ef16a0de7,-1,-1
14891,IS182295abd34ba63761291,-1,-1
14892,IS16759a713064bbec1b25c,-1,-1
14893,IS13c83f1d5b398e5c470b6,-1,-1
14894,IS10911ae33948d0d688b6a,-1,-1
14895,IS1e82ff6a62662b62a0fbc,-1,-1
14896,IS1fa69087afa4ffe9955e7,-1,-1
14897,IS113fb0504b6ea3e79d354,-1,-1
14898,Elated,-1,-1
14899,IS1dfa6ce9660a1738c8306,-1,-1
14900,Imphat,-1,-1
14901,SkullBunny,-1,-1
14902,tiffanyan,-1,-1
14903,IS1ba905d18092ba0815c6c,-1,-1
14904,Tamic,-1,-1
14905,Camasi,-1,-1
14906,IS14066e2110e5a07209d8b,-1,-1
14907,6boos7t6Rf,-1,-1
14908,sufTAU0hGk,-1,-1
14909,RoMedeiros,-1,-1
14910,IS115ffe346e353e950850f,-1,-1
14911,IS166c05c2dbf9df27510eb,-1,-1
14912,IS14517c1c7b5ca5e72c412,-1,-1
14913,Mattzilla,-1,-1
14914,IS134d123006225fd1d3484,-1,-1
14915,IS173aa256696c06cc9e785,-1,-1
14916,1NF3RNO,-1,-1
14917,Dawa,-1,-1
14918,wbFz7AZeEz,-1,-1
14919,IS1235767f769b5c8617399,-1,-1
14920,devinbaer,-1,-1
14921,IS100eeba6633fa4c003b6b,-1,-1
14922,IS1528108dc9da3d3745f88,-1,-1
14923,IS112bff1eb921d2275e042,-1,-1
14924,Kentatsu,-1,-1
14925,IS159a142fcb0b3e47b1cd4,-1,-1
14926,Turbo,-1,-1
14927,IS1f7622b92810ab0449276,-1,-1
14928,IS103ae6c54b55ff7a39803,-1,-1
14929,IS163341dc82d2bbf0f5f33,-1,-1
14930,IS10c5528aa56705516f364,-1,-1
14931,IS15da95ca6c4d230800d44,-1,-1
14932,ChaosGeneral,-1,-1
14933,Dimnos,-1,-1
14934,Cpt Awesome,-1,-1
14935,IS1de3fd1fdd77c4d3b9762,-1,-1
14936,IS1fe03447c9d3545e6b376,-1,-1
14937,IS1d64ffafd9406ea6c450d,-1,-1
14938,Jezzy,-1,-1
14939,Anubarox,-1,-1
14940,xzile,-1,-1
14941,ZR L1ghT Sh4d3,-1,-1
14942,Eri Sawachika,-1,-1
14943,3R0QDyjIRn,-1,-1
14944,IS1fb39c91d4f3dad7085a4,-1,-1
14945,IS171cd8188ab5642988a60,-1,-1
14946,Pandora,-1,-1
14947,Dietz,-1,-1
14948,fearcast,-1,-1
14949,datwunguy,-1,-1
14950,IS14f0e0f166ee3f5b7d8ca,-1,-1
14951,Gangofmonkeys,-1,-1
14952,IS16394074c832abeed07a7,-1,-1
14953,IS14aa48c5dd56f16e6f2de,-1,-1
14954,Zakenna,-1,-1
14955,IS1fffc0b06d5f7a7ab3f40,-1,-1
14956,IS125326605bcf75f3eb130,-1,-1
14957,Roflerto,-1,-1
14958,Locky,-1,-1
14959,IS18fa2636f26c869f66e98,-1,-1
14960,Rabidant,-1,-1
14961,IS1f2a064c2b35d3564e075,-1,-1
14962,K1ngP1n,-1,-1
14963,Yugî,-1,-1
14964,IS1a61e5da7d2d2b54d7b51,-1,-1
14965,IS12675b9066169a93091c8,-1,-1
14966,IS1e92f2be1e7ba42a0be01,-1,-1
14967,Fantajim,-1,-1
14968,KSnKing,-1,-1
14969,IS12d19bfc5ad11bbfaf093,-1,-1
14970,Acewh,-1,-1
14971,EternalOne,-1,-1
14972,max86362,-1,-1
14973,IS11c3ebfc35c9dad7da921,-1,-1
14974,IS15dfea07bdab31d600223,-1,-1
14975,IS1ec7008b77d10ff08f14c,-1,-1
14976,Phaiyle,-1,-1
14977,Catalive,-1,-1
14978,Zelthar,-1,-1
14979,IS172ff5776e20d07c28732,-1,-1
14980,Vanik,-1,-1
14981,rud3y,-1,-1
14982,IS1c0b5cd5c4109d01ad589,-1,-1
14983,Harkoni,-1,-1
14984,Peppers,-1,-1
14985,bunniegodd,-1,-1
14986,IS10a83673a822206f5062e,-1,-1
14987,CaptainBlacksox,-1,-1
14988,Aknar,-1,-1
14989,IS1ecbdb73f50496c084a1e,-1,-1
14990,Graggy Nice,-1,-1
14991,IS19a7a0a2e576f833c755a,-1,-1
14992,sL1ck7,-1,-1
14993,IS1bbfd06d5df223179d175,-1,-1
14994,rarestuffomg,-1,-1
14995,clancypants,-1,-1
14996,Korgath,-1,-1
14997,Skirn,-1,-1
14998,IS1dd4ed2836bdb521bea78,-1,-1
14999,IS116313a77ecfd294734c9,-1,-1
