15000,Kalaro,-1,-1
15001,IS185605e58d7fec40ecae6,-1,-1
15002,IS1ded20411a2266e86f523,-1,-1
15003,IS1b2f78ea7d9267b7908c2,-1,-1
15004,Light x124x,-1,-1
15005,IS1b54cf83734362a8ced38,-1,-1
15006,IS19733209e941c61ee6524,-1,-1
15007,IS1f4a633ea0b404e2b4a0a,-1,-1
15008,IS17441e18ad91ea71ed19a,-1,-1
15009,Cr4ppen0g,-1,-1
15010,IS1feeb11aa462c44169894,-1,-1
15011,Jetscream,-1,-1
15012,IS12753a39b21de69259fd6,-1,-1
15013,IS1cb50e983baa5673ea92a,-1,-1
15014,IS1bffd71c0709ba9654212,-1,-1
15015,Beta Shorts,-1,-1
15016,ALCie,-1,-1
15017,Thatguyyouknow7,-1,-1
15018,Stoids,-1,-1
15019,IS1c5563c4b060ff5370e72,-1,-1
15020,IS197ed3171d2ff455b71ba,-1,-1
15021,IS188b74d8791b61f8ef271,-1,-1
15022,IS12968bc1d225a5a7802bb,-1,-1
15023,sarcedotreal,-1,-1
15024,IS15f6dd4fd22a5c644d3e5,-1,-1
15025,mickzerofive,-1,-1
15026,WhiteWolf64,-1,-1
15027,ck0pcEdOhn,-1,-1
15028,Kaeman,-1,-1
15029,Sereph,-1,-1
15030,Scarf,-1,-1
15031,HiroHiro,-1,-1
15032,Stunigz,-1,-1
15033,IS1b5c22d5f5271b5494381,-1,-1
15034,UberFarmer,-1,-1
15035,IS18361fda1f625ce3ff26a,-1,-1
15036,Studmuffin,-1,-1
15037,IS1974567e67d4036c3c044,-1,-1
15038,IS181781bcbfb849b003a1a,-1,-1
15039,IS1106ec1bcf7a70ad25ffd,-1,-1
15040,IS193645e7c32173220b90c,-1,-1
15041,IS1e2b6a273a258dd0b6f17,-1,-1
15042,IS114c2c94549d6b8ca0375,-1,-1
15043,PhantomLancer,-1,-1
15044,PECAeNEhZd,-1,-1
15045,IS1b9767ddd95a239552434,-1,-1
15046,IS17c85d78d64f4ded5cdcb,-1,-1
15047,Madfred69,-1,-1
15048,IS15b3545d61aa742268c9b,-1,-1
15049,Bandrews,-1,-1
15050,IS170907f4f367c647e075e,-1,-1
15051,ThetaStar,-1,-1
15052,IS1065c0f86b43e9abf6d40,-1,-1
15053,J2D14aOXsX,-1,-1
15054,IS1cb8a75faa6faadb62507,-1,-1
15055,IS1b32ad744c88113c7e83a,-1,-1
15056,IS1484d041594a3faa2e13d,-1,-1
15057,IS1ec9196ab338818d5e5fb,-1,-1
15058,EUHqJlvxxC,-1,-1
15059,Lalondz,-1,-1
15060,IS1b7cafc1afda7ba96a535,-1,-1
15061,IS1f52f9df7d90d92bf5239,-1,-1
15062,IS116864efd4f4965fe6b91,-1,-1
15063,IS1c68d91eb7443932a64ad,-1,-1
15064,IS18ca2f496527b75081f86,-1,-1
15065,z00ted,-1,-1
15066,Alucard662545,-1,-1
15067,IS1e7cf54968b00cb4ecea5,-1,-1
15068,IS115f6540218d20280232a,-1,-1
15069,U3gHiGDw0R,-1,-1
15070,Ralphus Galkensmelter,-1,-1
15071,PizzaHat,-1,-1
15072,IS12476c3021501c165a937,-1,-1
15073,IS163a8360ca951ef45f98a,-1,-1
15074,IS149f8a278dca777827318,-1,-1
15075,IS1356f5bc4f6aaf9e16cc0,-1,-1
15076,Birdroun,-1,-1
15077,IS1d4b3bede03a525997ca4,-1,-1
15078,Pixelationed,-1,-1
15079,IS18a9f7e66915eb109f4f9,-1,-1
15080,IS172c2a54540e67fc1c856,-1,-1
15081,IS176dc632b66048978e51b,-1,-1
15082,IS129ee643ba6a9d614f79b,-1,-1
15083,Zoushuuwai,-1,-1
15084,IS1f06d61ddb3e5e941de9c,-1,-1
15085,oT535O4Kqr,-1,-1
15086,IS1728f8e257e56820af92c,-1,-1
15087,IS1157c9f362be445a56493,-1,-1
15088,gringo420,-1,-1
15089,IS16acd363fca2b6f391ace,-1,-1
15090,Relapse GG,-1,-1
15091,IS16fdbeade7c9d8bd78aa1,-1,-1
15092,qpplx2cS5N,-1,-1
15093,Volityl,-1,-1
15094,7wtYZdH6Wm,-1,-1
15095,IS12152a6eff6fa40b09353,-1,-1
15096,IS1e8df1f67e96110c2006e,-1,-1
15097,IS15fee701a993776c2fae4,-1,-1
15098,GruenFink,-1,-1
15099,rotcodz,-1,-1
15100,0q7qRAcVp9,-1,-1
15101,edoryu,-1,-1
15102,RichFaceLemons,-1,-1
15103,IS1ea4612b126ae2a30ecbf,-1,-1
15104,Cuchulain,-1,-1
15105,IS1308b5631168203e1c5ec,-1,-1
15106,00Bv1HGo6f,-1,-1
15107,IS12a787bd8a8df8c29c2dc,-1,-1
15108,IS190a8dd307ef9cc698aa9,-1,-1
15109,IS138d1514d4e093f8acf4b,-1,-1
15110,Bergrswcghbyl,-1,-1
15111,IS172cc889d58845b9d23e2,-1,-1
15112,IS179dced6b3d6d2d646fa4,-1,-1
15113,IS1a8401543d8f4d1d80d97,-1,-1
15114,IS1ab94dae50e5974f30ec7,-1,-1
15115,IS15038297df773580f61a6,-1,-1
15116,IS1f0251abecc7a52697854,-1,-1
15117,IS155bb894871aec1815047,-1,-1
15118,SPengwen,-1,-1
15119,IS16188a534fdf0a34b448a,-1,-1
15120,IS1bacc5caaf30b51e91ad3,-1,-1
15121,wzcqOa6gtt,-1,-1
15122,IS188a47317b77fa13ec531,-1,-1
15123,Xsilvia,-1,-1
15124,IS1919ed769f198ebd314c6,-1,-1
15125,MumsigMelon,-1,-1
15126,IS13745c350627f4334a11d,-1,-1
15127,Akidget,-1,-1
15128,IS19e4c14ac285dee4986e8,-1,-1
15129,osrnhbX5zr,-1,-1
15130,IS161f9c6ad74ec7cf4d5c6,-1,-1
15131,IS1210edb9b5d5d622dec61,-1,-1
15132,IS137410a84442d27029c38,-1,-1
15133,IS111d59272b02d08d0dbd7,-1,-1
15134,IS12ab41b559efc58a8ecde,-1,-1
15135,xxiem,-1,-1
15136,IS1a51dadac361bca012417,-1,-1
15137,IS1083a2049bd02b23440ca,-1,-1
15138,IS1306c7be2a55580c0dc73,-1,-1
15139,5b2wZPWw5X,-1,-1
15140,IS15a7ad4297868b069c91f,-1,-1
15141,IS1103dcf9419f38c89f078,-1,-1
15142,IS198cebfa72f5b68546662,-1,-1
15143,MitchyDota,-1,-1
15144,IS11024223255d84da97af5,-1,-1
15145,IS1434f6ba66017a4e5b676,-1,-1
15146,NightDust,-1,-1
15147,G0QqPxcYCH,-1,-1
15148,IS1559dc1d47b4a52d5e40b,-1,-1
15149,IS154aaf56672aab3f644e9,-1,-1
15150,IS151c97d646dc6fce8b1f5,-1,-1
15151,Tarmanydyn,-1,-1
15152,IS15e400d3d800a9fa29f3e,-1,-1
15153,Elated Blowfish,-1,-1
15154,Kakatub,-1,-1
15155,IS14aafeb9e52a68bf568de,-1,-1
15156,IS1a79ab18a4bb3b6d1bb67,-1,-1
15157,IS1773c9932fa54a952bb50,-1,-1
15158,PevinKark,-1,-1
15159,IS1c082034cc28e08000f82,-1,-1
15160,IS12346926d8aca03690f78,-1,-1
15161,Blumoon816,-1,-1
15162,IS1c0125f9b60b1558c6257,-1,-1
15163,IS113282b0ce35f00e51d2c,-1,-1
15164,IS1a7879bf01af8385dbd91,-1,-1
15165,Furiwill,-1,-1
15166,Krethax,-1,-1
15167,IS15f5052ff53af3df8e6eb,-1,-1
15168,IS1e06552ad5e147ae25c49,-1,-1
15169,IS18e0b0d070c66e4719b13,-1,-1
15170,IS1b94728c89acc30c5e141,-1,-1
15171,pineappledrank,-1,-1
15172,Caraszun,-1,-1
15173,C√¢se,-1,-1
15174,Walabie,-1,-1
15175,salejemaster,-1,-1
15176,Demand,-1,-1
15177,Braggadoshis,-1,-1
15178,mojave,-1,-1
15179,Party Cat,-1,-1
15180,Imdesyda,-1,-1
15181,Daxed,-1,-1
15182,Freon,-1,-1
15183,IS1638dca6ef495702dd013,-1,-1
15184,IS1c46523e30782ad31727f,-1,-1
15185,Word Level 2,-1,-1
15186,IS1fa5d7fac4916f8bc0fed,-1,-1
15187,IS1f5cf4ffbf3aefffd56ca,-1,-1
15188,Kion,-1,-1
15189,Aughost,-1,-1
15190,coolguy90000,-1,-1
15191,Mr Mokushiroku,-1,-1
15192,Frawst,-1,-1
15193,IS1a0538e631e7f3605eb12,-1,-1
15194,IS1990fffd61e37d9235acb,-1,-1
15195,IS100daa9ef3a6769bc8c6f,-1,-1
15196,Phlimsy,-1,-1
15197,8J71RCdhYX,-1,-1
15198,Limk,-1,-1
15199,IS1057eb6708e3c4d52faed,-1,-1
15200,Pantsless,-1,-1
15201,IS125da18545758c0917543,-1,-1
15202,IS17f41751b1c0415f03eae,-1,-1
15203,PrayingMantis,-1,-1
15204,anch,-1,-1
15205,Dello,-1,-1
15206,raidil142,-1,-1
15207,IS1f9f5f6542740442d2233,-1,-1
15208,Caladan Brood,-1,-1
15209,GeGnome,-1,-1
15210,Intas,-1,-1
15211,IS1fa94bfe694b604971bf0,-1,-1
15212,IS1879bde961f1be9407327,-1,-1
15213,DreamyCatIKnow,-1,-1
15214,k40t1cduds,-1,-1
15215,Mons,-1,-1
15216,IS12fd1c9909b7cacb885ca,-1,-1
15217,IS1c69dbdbf8a1a544e788f,-1,-1
15218,IS1e7ee621966824bafee23,-1,-1
15219,Kyuubi,-1,-1
15220,Vinter Chaos,-1,-1
15221,Petewh,-1,-1
15222,iUltra Lukasz xX,-1,-1
15223,IS107f8b8ed6d166f96e0c3,-1,-1
15224,IS1563ae8f8d07b9290324f,-1,-1
15225,Kitanii,-1,-1
15226,Hi My Name is Amy,-1,-1
15227,IS1b8d7c596928306161ada,-1,-1
15228,IS14c615fe51282a0b8d9db,-1,-1
15229,Adhoc,-1,-1
15230,Chen,-1,-1
15231,Whiteboard,-1,-1
15232,KR0N0S,-1,-1
15233,Aedinvertus,-1,-1
15234,Anchor Vancleef,-1,-1
15235,G6qkRu1BLJ,-1,-1
15236,IS1eb8ae58bf0b5eca73375,-1,-1
15237,IS18061636fa066e0e5cd33,-1,-1
15238,d94r7g7HSY,-1,-1
15239,aruwen,-1,-1
15240,IS1604da9a0074c7a02d80e,-1,-1
15241,Grumpa,-1,-1
15242,IS17f0aa6ab442e95508de1,-1,-1
15243,Freakout,-1,-1
15244,TheLawinator,-1,-1
15245,Ditschn,-1,-1
15246,IS11167fe27825b47b040de,-1,-1
15247,riskyliquid,-1,-1
15248,IS1c0df3b4a9e2e421dd2a2,-1,-1
15249,IS1d784e8f960be345e8d23,-1,-1
15250,IS196627b43790de867406b,-1,-1
15251,Burntpeanutoil,-1,-1
15252,IS15dfdccb84641fe115680,-1,-1
15253,OnkelDanny,-1,-1
15254,IS1b736b590ff57616afc52,-1,-1
15255,IS186f042b34ec79064b316,-1,-1
15256,knightboat,-1,-1
15257,IS11071eb11d08d99a6048b,-1,-1
15258,HarteZiele,-1,-1
15259,Butter Nut Crab,-1,-1
15260,IS11c81ea45e97aecb24427,-1,-1
15261,Evisceraten,-1,-1
15262,IS1bacf2a6f73b428065821,-1,-1
15263,IS10aa4093c5a37af897fb1,-1,-1
15264,Gameryamen,-1,-1
15265,Gutterballs,-1,-1
15266,IS1b5eca5eaa6de05759928,-1,-1
15267,CommanderJam,-1,-1
15268,Setnarac,-1,-1
15269,IS1d516a04e54a633f05608,-1,-1
15270,Saren,-1,-1
15271,IS16b9b11e6ea5c00a671c5,-1,-1
15272,IS12c771001930af2406bbc,-1,-1
15273,jcQjrBTGCo,-1,-1
15274,Maleficus,-1,-1
15275,cpugeek13,-1,-1
15276,IS1e7d59334e5f4fba95f3b,-1,-1
15277,Shuknight,-1,-1
15278,iAdvertise,-1,-1
15279,IS13ba6e3aab3a8b20bfeb8,-1,-1
15280,IS11a125a2e9872c3dfbca2,-1,-1
15281,IS1d114e79e888e4670634b,-1,-1
15282,xukca,-1,-1
15283,dajja15,-1,-1
15284,bobicuss,-1,-1
15285,Celestya,-1,-1
15286,Terraka,-1,-1
15287,IS1be66f28f85edbbe83e09,-1,-1
15288,MilkWand,-1,-1
15289,IS15ce704300a4ebe7f14bf,-1,-1
15290,IS157b7a3b995ee40c3e242,-1,-1
15291,sluys,-1,-1
15292,IS1b6492345ffa5b9f40f46,-1,-1
15293,IS1294b46c98659a72fe06e,-1,-1
15294,Mizu,-1,-1
15295,HaFtsxom5u,-1,-1
15296,joethorten,-1,-1
15297,DSabfTulkx,-1,-1
15298,66ZIEti7un,-1,-1
15299,BGkKYHniPv,-1,-1
15300,IS16ea8553de20a07f6f4c7,-1,-1
15301,Hakuliu,-1,-1
15302,EggHead,-1,-1
15303,Jyde,-1,-1
15304,IS1d0fb98640cb469497580,-1,-1
15305,pcpzpgll9r,-1,-1
15306,IS1434d7524267dfdd3e668,-1,-1
15307,HandLe iT Case,-1,-1
15308,Gereeezy,-1,-1
15309,Thuk,-1,-1
15310,IS1509312dfb95953407119,-1,-1
15311,BaronTobasco,-1,-1
15312,Interdissectoid,-1,-1
15313,IVishbjrs7,-1,-1
15314,IS192dc53dd2133ebb12837,-1,-1
15315,IS1a7c929a84678b92ed5c0,-1,-1
15316,IS1c54155bf0f806aa1aac2,-1,-1
15317,Kid Kaapa,-1,-1
15318,Rammus Only LOL,-1,-1
15319,Eraelas,-1,-1
15320,K1qM67Q0xQ,-1,-1
15321,IS11c9989e1fe612b2b33ad,-1,-1
15322,IS1986afa6e10163a63a942,-1,-1
15323,IS11922507933d5809b45db,-1,-1
15324,infrb,-1,-1
15325,skeem,-1,-1
15326,IS1b8d11d04ca87453af7b5,-1,-1
15327,Delirium,-1,-1
15328,banemule,-1,-1
15329,IS12b2594084f0da668615d,-1,-1
15330,IS1a316105ce94cee522f5d,-1,-1
15331,IS1580d4e415da345703886,-1,-1
15332,IS12bf01c91b755d70608dc,-1,-1
15333,NothinNice,-1,-1
15334,DNw1WbsITq,-1,-1
15335,7IyhWXb1Ph,-1,-1
15336,alexanderFiasco,-1,-1
15337,IS1530166a70321acfa7b27,-1,-1
15338,Stewapet,-1,-1
15339,Aftershock,-1,-1
15340,Ezcool,-1,-1
15341,IS11005a9e96e80231b0085,-1,-1
15342,Jostle,-1,-1
15343,IS15b4b12be5e44148c344c,-1,-1
15344,IS1821a8fcf98714770bb57,-1,-1
15345,Fikes,-1,-1
15346,Shillen,-1,-1
15347,IS169160c1cc4e0fc72f1ee,-1,-1
15348,vHT6hW1Akk,-1,-1
15349,IS15ed43c70fa82884cc849,-1,-1
15350,Wave,-1,-1
15351,FluffySnuggles7,-1,-1
15352,IS180bcfa7e373dd48b4e2a,-1,-1
15353,PastaChief,-1,-1
15354,Xeonic Ice,-1,-1
15355,IS1db90471f25c3ee4ae9ac,-1,-1
15356,IS1a4f420924a5be0ebcb61,-1,-1
15357,Anghkor,-1,-1
15358,IS1bd0427535354eae235a4,-1,-1
15359,IS1890e036fb9191bcdc324,-1,-1
15360,IS123dd893a420b42b9719a,-1,-1
15361,Altaco,-1,-1
15362,tiD2ruvXrp,-1,-1
15363,IS1e2ef19cc27099204ea18,-1,-1
15364,SeanEffingBean,-1,-1
15365,1AMgGJoPx6,-1,-1
15366,IS171c61e8f755f0ed49da4,-1,-1
15367,IS12f226f1f07cac73a8288,-1,-1
15368,Bosquito,-1,-1
15369,Restora,-1,-1
15370,Tactical,-1,-1
15371,Chaosick,-1,-1
15372,IS1d1cf5d73e8ec7205e7f1,-1,-1
15373,Motas,-1,-1
15374,IS1d30badb8a834a87f7e94,-1,-1
15375,08AJCzdMum,-1,-1
15376,upHOtdgibe,-1,-1
15377,Fijian,-1,-1
15378,IS1570766d15fb2d4e4ccd5,-1,-1
15379,Millo,-1,-1
15380,13rute,-1,-1
15381,Genotin,-1,-1
15382,KFgEgVVMeF,-1,-1
15383,c0nd0r,-1,-1
15384,Bowser Sensei,-1,-1
15385,IS12237cb88718132e9fb7c,-1,-1
15386,SchoolBoyJedd,-1,-1
15387,IS1a794aa0fe7749ed72393,-1,-1
15388,Dranux,-1,-1
15389,IS1d639aac846e8ac1536a2,-1,-1
15390,IS13f6de6b49fb5d8d32838,-1,-1
15391,hvrZ01tYKk,-1,-1
15392,7yzSKn1qMa,-1,-1
15393,Delusion,-1,-1
15394,Yakky,-1,-1
15395,Maester,-1,-1
15396,IS10a27ce2b2abc281064de,-1,-1
15397,IS15671ce2fb6997b73aaf9,-1,-1
15398,IS11876318fb7013a0a8134,-1,-1
15399,IS1bc8a6968c511f44dba04,-1,-1
15400,IS17277f42c498ad7f1c158,-1,-1
15401,Bereft,-1,-1
15402,6CMifQz7SH,-1,-1
15403,bearhug,-1,-1
15404,UKopy3V1Bw,-1,-1
15405,IS1c64dedea0fbac9f3b9fe,-1,-1
15406,Amoney,-1,-1
15407,IS15870b3819617e636ed7d,-1,-1
15408,JHavoK,-1,-1
15409,IS18757f9b45c209ce3b82d,-1,-1
15410,IS1d5b48519da6b0257918f,-1,-1
15411,UvpXRt74xf,-1,-1
15412,Mizerable,-1,-1
15413,IS113bc8df444339bc4aa88,-1,-1
15414,IS15f9a929c7c3a3cb60391,-1,-1
15415,IS1250a16e4fff6367e953e,-1,-1
15416,IS161888d599d8a2799e7a0,-1,-1
15417,fwikipedia,-1,-1
15418,IS1f29ddf8764bf82c1a9c0,-1,-1
15419,Kazooie,-1,-1
15420,05mAecHn3K,-1,-1
15421,killerkrill,-1,-1
15422,IS1bd4859e50a81e701da10,-1,-1
15423,Leafhead,-1,-1
15424,Jungle Things,-1,-1
15425,BomberFD,-1,-1
15426,Cheerio,-1,-1
15427,rp wasted by dvf,-1,-1
15428,ThatMan,-1,-1
15429,IS1393e5a8dfeb7c6e32bae,-1,-1
15430,Voyeur Tortoise,-1,-1
15431,IS185b3324f363a757e4f58,-1,-1
15432,5nnl7zp7IT,-1,-1
15433,IS19c0a74ef4210cfceb5d6,-1,-1
15434,IS1c56dd784f192425658d4,-1,-1
15435,Nunoboko,-1,-1
15436,Madcheddah,-1,-1
15437,IS194c63d06aca54cb1e6e6,-1,-1
15438,Twisted Fater,-1,-1
15439,Dexz,-1,-1
15440,Bimari,-1,-1
15441,IS1430b4ccd1e8309bf19e6,-1,-1
15442,IS192b8d307a8c6943dc0aa,-1,-1
15443,BaneofExistence,-1,-1
15444,DoNtTaZeMehBr0,-1,-1
15445,IS143458dd9f1988644ed6b,-1,-1
15446,Halad,-1,-1
15447,StR33tL1Ght,-1,-1
15448,IS143d1ea241ba414c5b70b,-1,-1
15449,fuyuki,-1,-1
15450,stinkpipe,-1,-1
15451,HPHx1wIS17,-1,-1
15452,Shibbulon 5000,-1,-1
15453,Tennis Baller,-1,-1
15454,3venth,-1,-1
15455,Waddledee,-1,-1
15456,IS176becb80ddc715b63713,-1,-1
15457,Taltos Khan,-1,-1
15458,Motion4Life,-1,-1
15459,Azariel,-1,-1
15460,IS1982d80c780d7a251f6f1,-1,-1
15461,Thebigminion,-1,-1
15462,IS1b8d0b2f42c3821ce0ba6,-1,-1
15463,IS106cd5585f1b3ec2d7bd5,-1,-1
15464,Slinkston,-1,-1
15465,IS12bceb956851f1a45442b,-1,-1
15466,IS121e6903ba5ff2b771fa4,-1,-1
15467,IS1bc1ff3934d44157fd691,-1,-1
15468,Invasian,-1,-1
15469,Alpha IV,-1,-1
15470,2dKpkuSv9C,-1,-1
15471,Silphire,-1,-1
15472,IS1fde01527390d0111a747,-1,-1
15473,chouane,-1,-1
15474,IS10f72879943df86f3742c,-1,-1
15475,Xall,-1,-1
15476,IS1f8ab8e65e94a247918b4,-1,-1
15477,IS185ace553dd756e8e54bb,-1,-1
15478,IS1a6e979bd685b9114bf10,-1,-1
15479,IS190c197212d5c90e60a7b,-1,-1
15480,IS17fef5ebaf9d2eea33dc1,-1,-1
15481,IS1b5d2798c7bad84b1905e,-1,-1
15482,cXfklspRPC,-1,-1
15483,a9o4VfzKaQ,-1,-1
15484,Leefang,-1,-1
15485,dechiro,-1,-1
15486,Bungarm,-1,-1
15487,IS15a7743eca9ad63029fa4,-1,-1
15488,QUpiuO3Rfz,-1,-1
15489,IS1cd944d7041adcc98ff36,-1,-1
15490,IS1cc6dab4a283f8b063cfe,-1,-1
15491,IS146f5e897b6b06fb98a99,-1,-1
15492,IS1fc2ff41914cd1d416b08,-1,-1
15493,IS151e8ba6b3624fbd05e47,-1,-1
15494,IS1f3f6a1c54b1222cd96c2,-1,-1
15495,IS1de15d0244471ae041fdb,-1,-1
15496,IS119851e9eddb19e2c8441,-1,-1
15497,IS1ddaea5d5d60f6e0d6a41,-1,-1
15498,DemMon22,-1,-1
15499,IS1240918c5a4a0ab33e9b3,-1,-1
15500,Bloodslatters,-1,-1
15501,BNj1G95exG,-1,-1
15502,IS117d72275bb38b918913d,-1,-1
15503,IS12483c063b48d7a33b36b,-1,-1
15504,IS194cdb32f8ee05c8485e3,-1,-1
15505,IS1ac4f3a6fb4458ca07c9a,-1,-1
15506,IS1a0d570b2ece2dde83d75,-1,-1
15507,IS1926d97cbc1ae95fc9e20,-1,-1
15508,IS15e5308031c7e97141735,-1,-1
15509,GentleRaven,-1,-1
15510,Unibrownie,-1,-1
15511,IS10e581b8dbcc464637d3f,-1,-1
15512,IS1cd661c407e3847bc2d6f,-1,-1
15513,IS1a5fd488815d60a1ec206,-1,-1
15514,IS128e27b5264d87bc77f36,-1,-1
15515,aRfKgrtpMB,-1,-1
15516,Verio,-1,-1
15517,nswHAIrQZ7,-1,-1
15518,IS1b3c70d446bdcbc6a2715,-1,-1
15519,Guano,-1,-1
15520,IS1adbd118443e92685853e,-1,-1
15521,finalfighter,-1,-1
15522,SuperInSpired,-1,-1
15523,IS1da4358a575aaf571c531,-1,-1
15524,Bizahr,-1,-1
15525,IS13cd86113244ac8a461fc,-1,-1
15526,IS1fa60f2904197ce470d49,-1,-1
15527,Shasta,-1,-1
15528,GriffonZ,-1,-1
15529,Rupture,-1,-1
15530,Zerg,-1,-1
15531,IS191ff392d9d6adc6adbc5,-1,-1
15532,Sly the Yordle,-1,-1
15533,II9dF7Kw70,-1,-1
15534,IS133371f526c5c6eb56150,-1,-1
15535,IS18875191619d70dfe2091,-1,-1
15536,IS19241b3499318bf96f756,-1,-1
15537,Coldfire,-1,-1
15538,DragonsInTheSky,-1,-1
15539,IS14fa93d3ee7bf57b1392c,-1,-1
15540,Phun,-1,-1
15541,IS1defaef52d74d5ea8329d,-1,-1
15542,IS15315bf701aa416576213,-1,-1
15543,IS19aa310d3d5efde279058,-1,-1
15544,IS1635143d172dee1b8c0fe,-1,-1
15545,TazC,-1,-1
15546,IS1882acb363d25dbb6f3c0,-1,-1
15547,IDDQD,-1,-1
15548,Braver,-1,-1
15549,IS173e5cc226cf6effc0fd8,-1,-1
15550,Kioa,-1,-1
15551,KmvuBx3VVt,-1,-1
15552,passionate4one35,-1,-1
15553,Relent,-1,-1
15554,Miyuri,-1,-1
15555,L0L3ZG4m3,-1,-1
15556,MrBiggens,-1,-1
15557,Meran,-1,-1
15558,MrSlayer,-1,-1
15559,Tokshen,-1,-1
15560,sparrakeet,-1,-1
15561,Worminho,-1,-1
15562,Meanone,-1,-1
15563,Monkey Ninja,-1,-1
15564,JustPlay DotATwo,-1,-1
15565,IS1a4d4eee9dfe31cfc5823,-1,-1
15566,Moogeki,-1,-1
15567,stik,-1,-1
15568,IS10799b69b6e57dd227554,-1,-1
15569,ijap,-1,-1
15570,ChiAn,-1,-1
15571,Brooksie5,-1,-1
15572,Teraxe1,-1,-1
15573,IS1acf57657df336e1e0f32,-1,-1
15574,kissdisaxe,-1,-1
15575,Bamboo,-1,-1
15576,IS1cadbcca2335607697701,-1,-1
15577,phaith,-1,-1
15578,PistonSledgeTwo,-1,-1
15579,Dismemberment,-1,-1
15580,Redraf,-1,-1
15581,IS159f742ce0ac8dc72cf63,-1,-1
15582,FabulaExstant,-1,-1
15583,IS1410c72ed8395c03f7f7a,-1,-1
15584,oNoJUxLjRn,-1,-1
15585,Niohogg,-1,-1
15586,IS13f5e712280f0170457d8,-1,-1
15587,sendo,-1,-1
15588,IS1a6aae477d76d101d0c61,-1,-1
15589,IS1680f46362dd24207e254,-1,-1
15590,eljefe,-1,-1
15591,IS1bb9c79f1ebc0eeb15bbd,-1,-1
15592,IS10ecb7f4d00b23ed9a399,-1,-1
15593,loneyeh,-1,-1
15594,IS1ac2d93439db2c736bc8b,-1,-1
15595,IS137ca632a8f17e5815afc,-1,-1
15596,IS18f72bec5c3e3b258f122,-1,-1
15597,IS16fe4c8a797b1ad68d771,-1,-1
15598,Chan Li,-1,-1
15599,IS197f9ac4cd4dce9b06d3b,-1,-1
15600,Congie,-1,-1
15601,Minupla,-1,-1
15602,IS14ad0a24d817d23b75be0,-1,-1
15603,Lyxie,-1,-1
15604,Zikgnot,-1,-1
15605,IS140bc6ba3e71d5d47fbf1,-1,-1
15606,Alph,-1,-1
15607,IS16f4f7dfc284649259195,-1,-1
15608,Khan480,-1,-1
15609,HighContrast,-1,-1
15610,IS1cd89fbb9f665a527591f,-1,-1
15611,IS1989770371191790a772b,-1,-1
15612,ayrsen,-1,-1
15613,Cyruz,-1,-1
15614,IS1fe0c3d8913e717632812,-1,-1
15615,Kingdeuce,-1,-1
15616,eF9PwPuQpY,-1,-1
15617,TimeJoker,-1,-1
15618,IS1970d61abad679da7ae8f,-1,-1
15619,OgC7ou2yUc,-1,-1
15620,Kepp sF,-1,-1
15621,Syrio,-1,-1
15622,IS1b7a4b27ed621c335b19b,-1,-1
15623,asdfsdfsdfsdf,-1,-1
15624,A Blue Pegasus,-1,-1
15625,Zr5AJtadp8,-1,-1
15626,IS19fabb4810562b236488e,-1,-1
15627,JadeKnight,-1,-1
15628,Hiclic,-1,-1
15629,Lyrinoir,-1,-1
15630,Spoonz,-1,-1
15631,Vargoth,-1,-1
15632,IS1e74748bb02907c2409d9,-1,-1
15633,IS1175297a7093dbb8d35dd,-1,-1
15634,IS1eeffca4362f9e364da0f,-1,-1
15635,IS19b49827efa1d74476809,-1,-1
15636,MaximalBeast,-1,-1
15637,Lafali,-1,-1
15638,Kabaaaaaaam,-1,-1
15639,Kazkis,-1,-1
15640,ZvK,-1,-1
15641,DieRL,-1,-1
15642,Thaibo,-1,-1
15643,IS1aa967b5d68fcc482a0a7,-1,-1
15644,gITCt99Bdk,-1,-1
15645,IS1bc0ef6ba504331b9d546,-1,-1
15646,IS173476b7fbcbdf4455955,-1,-1
15647,Animezis,-1,-1
15648,IS13c8c2816d4828b64f560,-1,-1
15649,IS16612b48d0fe109db849b,-1,-1
15650,Epikk,-1,-1
15651,IS14b74600680deca304e97,-1,-1
15652,IS1fbf31dc7b9abf72a9754,-1,-1
15653,IS12bc8a609b09ab8221c4d,-1,-1
15654,thanos,-1,-1
15655,John of Arc,-1,-1
15656,Gymped,-1,-1
15657,IS13625befde27f60809f34,-1,-1
15658,Hetakuso,-1,-1
15659,RAWDOGGNRANDOMS,-1,-1
15660,IS1dd5a9a87e0f348907b59,-1,-1
15661,IS158453d631f18938970c3,-1,-1
15662,Gokias,-1,-1
15663,aussiedoc3r,-1,-1
15664,IS15fb8c4d43f2853552d04,-1,-1
15665,Adoras,-1,-1
15666,SteveTheBarbarian,-1,-1
15667,Dalcrontemp,-1,-1
15668,Jaketeck,-1,-1
15669,Janix,-1,-1
15670,StealthHe,-1,-1
15671,rRmFl5eRf9,-1,-1
15672,Metra1336,-1,-1
15673,idaydjw3FR,-1,-1
15674,IS1c652915c41ef8b879d20,-1,-1
15675,IS1871d6be1e2d058dc0109,-1,-1
15676,IS12b4bba8b713ed83fc68e,-1,-1
15677,IS1f8b0825b4f7e581fea4e,-1,-1
15678,IS1d22979ffb2172a4cff7f,-1,-1
15679,IS142d70a8cf2bcfb548d80,-1,-1
15680,IS12b90383052c29844fcf8,-1,-1
15681,IS1831fefc21b6bd58a012d,-1,-1
15682,Sh√? le zh√å,-1,-1
15683,IS1103533d02d1a9f8c629e,-1,-1
15684,IS137e7a2aec3b1ed11dab3,-1,-1
15685,Ogmario,-1,-1
15686,IS106f6378b24b1114b54df,-1,-1
15687,IS12c7eb9f02786439149d1,-1,-1
15688,whendidimakethis,-1,-1
15689,DdVYuI3lTX,-1,-1
15690,Reiq,-1,-1
15691,IS1926e1944714f747d330d,-1,-1
15692,Black Howling,-1,-1
15693,tallgiraffe3,-1,-1
15694,PabstBlueRibbon,-1,-1
15695,Tanktaco,-1,-1
15696,IS17c9d2d4361c2e002f7f9,-1,-1
15697,Rainear,-1,-1
15698,Gumby,-1,-1
15699,IS1e1fbdfc2a648c943af72,-1,-1
15700,OySDGiUAaw,-1,-1
15701,PolishGerbils,-1,-1
15702,Gronmore,-1,-1
15703,IS1296cf1dd3bf588312c18,-1,-1
15704,mrbamboo,-1,-1
15705,IS1351a9406a9614e147ad3,-1,-1
15706,eMKZ5m1q4K,-1,-1
15707,IS1a7972b2b3c06b0db5542,-1,-1
15708,Psylee,-1,-1
15709,catapl3x,-1,-1
15710,ChipsOnHisLips,-1,-1
15711,IS17f55b40a9c165b39c10b,-1,-1
15712,TR3M0R,-1,-1
15713,IS1feebf2cd3dadd8a704f2,-1,-1
15714,IS18fb95b0a7c8949fedf93,-1,-1
15715,IS1a4c9cd5e8bf33c045d33,-1,-1
15716,Voovanon,-1,-1
15717,Cioci,-1,-1
15718,IS11e055ae3693f6145f298,-1,-1
15719,Bigpro,-1,-1
15720,Heinzy,-1,-1
15721,MeltedSnowGirl,-1,-1
15722,IS1bf7e321df2d89de60aa8,-1,-1
15723,i4MiaqWDPs,-1,-1
15724,IS16d6dee921f3f7a4f9aca,-1,-1
15725,TheBluestIris,-1,-1
15726,Strabery,-1,-1
15727,IS11339d5f720f3d0dfaef0,-1,-1
15728,IS1565d5bd6b27e4c7e747a,-1,-1
15729,IS12ac70f39c506753c7e89,-1,-1
15730,IS16bd0deb6423c92c9d948,-1,-1
15731,IS1e1e3a8e68f505ae6899b,-1,-1
15732,IS13046d0f9a51e5cc51c60,-1,-1
15733,meknomikon,-1,-1
15734,IS1b4c2ae78ecbeeb9d45b0,-1,-1
15735,IS1b638fa4ae81fcd4bd80b,-1,-1
15736,Crystal Shyps,-1,-1
15737,Ilvar,-1,-1
15738,c4Bb0ose,-1,-1
15739,Tyrone Biggens,-1,-1
15740,IS153d6ec1ac4bff30df801,-1,-1
15741,LordTyroneTheFat,-1,-1
15742,IS11fa4ac5414db98f542de,-1,-1
15743,IS1c73c40533b18e15b66e5,-1,-1
15744,IS1e034849e1e1b68ba015e,-1,-1
15745,IS17689b0ee5d49ee0b711d,-1,-1
15746,IS164848d46033274dfe8b4,-1,-1
15747,IS13377211fe8de08e703b8,-1,-1
15748,IS169b71f871883db27a272,-1,-1
15749,IS1f6424852e1520a77e503,-1,-1
15750,IS1f56682b0329c93e651df,-1,-1
15751,IS17b28098bc2b2e,-1,-1
15752,IS197de5d5fa8621625e8b4,-1,-1
15753,IS1934642e8584a58e5e10e,-1,-1
15754,IS17592cc439fce42933ebb,-1,-1
15755,IS19a78686f7973d4c848b1,-1,-1
15756,IS1048656736369d10d6b97,-1,-1
15757,GodricsHollow,-1,-1
15758,IS1a58d0a7dcbe2a88fd856,-1,-1
15759,IS17cbf008a17b8ce77b579,-1,-1
15760,2ArvNlbMZb,-1,-1
15761,buyateepee,-1,-1
15762,IS1d68528525a226797c4d2,-1,-1
15763,IS127ba934f60512d83b95f,-1,-1
15764,FrozenInfernal,-1,-1
15765,IS1ae4f119f278cc1792fc8,-1,-1
15766,IS1becd7023f4f56027cece,-1,-1
15767,IS14c39ac2a02872f8cfcb2,-1,-1
15768,IS13ae36a90f310fc33638c,-1,-1
15769,Kurr,-1,-1
15770,IS1bc4e70a39a229111d6a7,-1,-1
15771,IS16042ea4a532742a51fc8,-1,-1
15772,IS1ebfe99049a8a8e43ea2e,-1,-1
15773,mcKUHn,-1,-1
15774,IS17efeebd787168151bb2d,-1,-1
15775,IS163557c90891deddea6c8,-1,-1
15776,IS1f58b8d918a2f8eac053f,-1,-1
15777,8QfA5mFsZl,-1,-1
15778,IS13768080dd311670f6945,-1,-1
15779,Almona,-1,-1
15780,IS1f685ed8b75c7dacce268,-1,-1
15781,Verondon,-1,-1
15782,IS1f1574271e759b260543f,-1,-1
15783,IS1dd425e91f9917ca104f4,-1,-1
15784,IS1dd25b2c408905b34ff12,-1,-1
15785,IS13d1089ebbfa01e8f7997,-1,-1
15786,IS129071a6836087915b103,-1,-1
15787,Ztonken,-1,-1
15788,Zaughlin,-1,-1
15789,IS1fe74aa037f4b7d262e34,-1,-1
15790,IS158261998d139b3117ef4,-1,-1
15791,IS1e35e6924a432e435e0b1,-1,-1
15792,IS1d1368cf88f9a3da58e01,-1,-1
15793,IS192375f59a4833a95f10a,-1,-1
15794,Unkraut,-1,-1
15795,IS1af3a6e83e4c0cf68431b,-1,-1
15796,Mv9sKQ0wnE,-1,-1
15797,IS1985705a0cc479d221282,-1,-1
15798,chipjai,-1,-1
15799,IS1c07f6a938ef15106c224,-1,-1
15800,IS12f9bcbd0b1f562a8e276,-1,-1
15801,DeathMonger,-1,-1
15802,Hypno,-1,-1
15803,IS1a6e510bfbfeffcb125eb,-1,-1
15804,IS1eed37b65e72639d88850,-1,-1
15805,IS17e595a7c40e615c0da8c,-1,-1
15806,Counter,-1,-1
15807,IS1cb3316dcf4b61e0b198d,-1,-1
15808,IS1c85de7981da4090eb68f,-1,-1
15809,jonoonoj,-1,-1
15810,IS14cb74df76e63f4d7e331,-1,-1
15811,DEJIN,-1,-1
15812,DOGFOODATTACK,-1,-1
15813,GodWasDelicious,-1,-1
15814,nev4r,-1,-1
15815,IS132a7ead15ce6b279cbba,-1,-1
15816,BornSupremacy,-1,-1
15817,IS116819a2961aac8f68a2b,-1,-1
15818,IS1ddc49f8c0c2f4f8852af,-1,-1
15819,IS171dbfdd200ddaf45a34d,-1,-1
15820,5LiC,-1,-1
15821,IS14ad88a7d527b5a8d62ee,-1,-1
15822,IS16e878850c9177f1d5780,-1,-1
15823,Archmage Thrron,-1,-1
15824,IS19243a6b6a3dd8d871114,-1,-1
15825,NpvNegHltZ,-1,-1
15826,IS12b0aa584cd9101ecc07c,-1,-1
15827,ctrl ok,-1,-1
15828,BlazeySusan,-1,-1
15829,IS1391c1b3f8dfdc2fbca04,-1,-1
15830,IS15c4d7ac04765e8095561,-1,-1
15831,IS1735186d6e59d6880abd1,-1,-1
15832,IS11feae2e14566db2e63aa,-1,-1
15833,Percybuttkins,-1,-1
15834,IS1465f6a6630b0ed0199cb,-1,-1
15835,IS12cdd408ccd48a00dfea5,-1,-1
15836,johxy,-1,-1
15837,DeathRequiem,-1,-1
15838,3dge,-1,-1
15839,IS1f6a6450a66b7849aba66,-1,-1
15840,IS1497d66b6bb8850d6a91a,-1,-1
15841,Hanzohattori,-1,-1
15842,IS127c6944f58acae270b81,-1,-1
15843,darfin,-1,-1
15844,IS17609e4c6479d1a4f67c9,-1,-1
15845,IS1a625d946ed56081d9123,-1,-1
15846,Jubeh,-1,-1
15847,IS1058a44be4c0397611909,-1,-1
15848,Nn1AuGwEc1,-1,-1
15849,Taeth,-1,-1
15850,RedepofIdS,-1,-1
15851,IS11de13bf41dac2781af4f,-1,-1
15852,IS1ec23b78912aa04f59d78,-1,-1
15853,CoMmAnD0o,-1,-1
15854,Mazz,-1,-1
15855,2dETWMrDow,-1,-1
15856,IS160de86c222eb56ce843d,-1,-1
15857,IS1e86a570c9b34334cda1c,-1,-1
15858,IS1140ef64ec6ec5c6130b9,-1,-1
15859,IS1ef78e113594795f58b71,-1,-1
15860,IS11e6666833b9b119e822e,-1,-1
15861,IS1355530395015643f8af5,-1,-1
15862,jan4q,-1,-1
15863,Turkish,-1,-1
15864,xtascy,-1,-1
15865,IS144ace63d499838c2b71a,-1,-1
15866,IS1c8779a12ddc58c0b2a8d,-1,-1
15867,Jonesy,-1,-1
15868,IS1ccf5a14627fc9f6cf1b9,-1,-1
15869,zaxismaxis,-1,-1
15870,Ryvick,-1,-1
15871,EmraeF,-1,-1
15872,noflexstx113031,-1,-1
15873,OoThomioO,-1,-1
15874,Assists,-1,-1
15875,IS1c0440eaa1567febda186,-1,-1
15876,deviantAJ,-1,-1
15877,Wra1th,-1,-1
15878,Ethic,-1,-1
15879,Nerzal,-1,-1
15880,AJPancakes,-1,-1
15881,poome,-1,-1
15882,IS16ef608303015cb30403b,-1,-1
15883,IS11f897c05b5f18593354d,-1,-1
15884,qdog,-1,-1
15885,Durendall,-1,-1
15886,Highborne,-1,-1
15887,0XIJJK1DfY,-1,-1
15888,girugameh,-1,-1
15889,IS1bb41f21794e7c676a06a,-1,-1
15890,IS1f1aaac0bc4f12e74d8b1,-1,-1
15891,IS1a23e1665ccd7a4f151d2,-1,-1
15892,Jensocide,-1,-1
15893,lokiseth,-1,-1
15894,Markor,-1,-1
15895,IS1c9d43be7eb83295b0324,-1,-1
15896,Lode,-1,-1
15897,IS1a84b7fd7176f0323d0b6,-1,-1
15898,WeseIeeney,-1,-1
15899,Championoflight,-1,-1
15900,IS1981066d83ad9ea7e7325,-1,-1
15901,IS13e6e7c2c27d15afa4799,-1,-1
15902,Boned,-1,-1
15903,IS1005b82c8d2b5256f2403,-1,-1
15904,GreyPowerVan,-1,-1
15905,IS1b978d52b9e977ef787cc,-1,-1
15906,Inspectah Otter,-1,-1
15907,Memnoch,-1,-1
15908,kFrog,-1,-1
15909,Celiful,-1,-1
15910,ScramblestheDeathDealer,-1,-1
15911,IS176176d6a2d9f72142b72,-1,-1
15912,IS12d5cf9dda1d3a42e089e,-1,-1
15913,Misara Hirama,-1,-1
15914,IS1f25342ab7b005edeb2fa,-1,-1
15915,IS1d0e111edcd4cb276ad02,-1,-1
15916,livedevil,-1,-1
15917,IS1afe739fc99b6f0e9fd97,-1,-1
15918,raxonrax,-1,-1
15919,Bladejr,-1,-1
15920,IS1a9df93a2bafb9232e081,-1,-1
15921,Boogie Mayn,-1,-1
15922,dasGootz,-1,-1
15923,Ramadon,-1,-1
15924,IS12fa10f52faeef3319119,-1,-1
15925,winedark,-1,-1
15926,alcohol,-1,-1
15927,IS1da556ff42338d7f27186,-1,-1
15928,IS146f09535273ef0f126fd,-1,-1
15929,IS159f39c5b4375b336b1d7,-1,-1
15930,IS14ea0c181827c39a2e1b5,-1,-1
15931,lolcatprincess,-1,-1
15932,Navroth,-1,-1
15933,Lanyth,-1,-1
15934,Gangplang,-1,-1
15935,IS19791344837a4478d526e,-1,-1
15936,IS1b7049d1fadda292d23a1,-1,-1
15937,Jahja,-1,-1
15938,IS179c7c77f818cf569050d,-1,-1
15939,carthoris26,-1,-1
15940,Armourine,-1,-1
15941,BulletSponge,-1,-1
15942,SaintAres,-1,-1
15943,Kista,-1,-1
15944,Nd0,-1,-1
15945,germinate,-1,-1
15946,Spleentastic,-1,-1
15947,xslicx,-1,-1
15948,Clueless NiceGuy,-1,-1
15949,IS1c4b559e2723add38e05a,-1,-1
15950,VATOLOCO4LIFE,-1,-1
15951,Kimbaroth,-1,-1
15952,IS170369698bfef9bfb5be7,-1,-1
15953,IS1449185e0a8b510929235,-1,-1
15954,IS17e479ba6e8f53f150d10,-1,-1
15955,BlitzzFrank,-1,-1
15956,The Hachigirl,-1,-1
15957,Lolwut,-1,-1
15958,IS13b7c46fdbbb167b00f2c,-1,-1
15959,IS1b2e01bcf4f253f88c107,-1,-1
15960,IS11345e1b6dc85e9a80405,-1,-1
15961,cherie,-1,-1
15962,Big Pickle,-1,-1
15963,IS10d628855e20736b9aeb6,-1,-1
15964,T4RV,-1,-1
15965,Kusoz,-1,-1
15966,mayfu,-1,-1
15967,snowieham,-1,-1
15968,IS1dbbcfdc0ba1c0fe3442b,-1,-1
15969,Penix2TheMinimum,-1,-1
15970,Zumwanti,-1,-1
15971,Penix2TheMax,-1,-1
15972,IS11177e2dbfa7345b8e6de,-1,-1
15973,Beckz,-1,-1
15974,Siefer,-1,-1
15975,IS1e523fff0e72f8c0fc7b6,-1,-1
15976,Uncleanlydog,-1,-1
15977,IS15284a51f00031fef3034,-1,-1
15978,IS108c014bfd88baaaefbbc,-1,-1
15979,Argondey,-1,-1
15980,Id the Furious,-1,-1
15981,IS11a982b13329a1dc58f95,-1,-1
15982,IS16d51070f92ed4cca90ea,-1,-1
15983,IS1498a6cf0d7d10e732233,-1,-1
15984,magicalmako,-1,-1
15985,IS1a201d73bb9d129bcfc3f,-1,-1
15986,IS17e542d4c03b05a5e6802,-1,-1
15987,IS12b3301d71d83ed3d15b3,-1,-1
15988,daimz,-1,-1
15989,IS1dbd76e12b4229d24deaa,-1,-1
15990,Khoel,-1,-1
15991,meeko,-1,-1
15992,IS1d235c36ceb34b8d3754c,-1,-1
15993,QuanWildFire,-1,-1
15994,IS1c9e22c9b8b51659671e5,-1,-1
15995,IS1eefa24c6b551f68ff559,-1,-1
15996,interimpulse,-1,-1
15997,IS18cc17a717aacd0f0ffb0,-1,-1
15998,IS11618a4db3a6983ee2cd3,-1,-1
15999,Elkinoo,-1,-1
