16000,IS1d17d29a67491c18d138f,-1,-1
16001,IS10ef9139838cfe94fe603,-1,-1
16002,IS128176d466c0aa567e65b,-1,-1
16003,YaKkO94,-1,-1
16004,Thraxy,-1,-1
16005,WfGGm1qZEW,-1,-1
16006,Casino Prizing,-1,-1
16007,IS131badb289376e7354d33,-1,-1
16008,IS1f70c2bab629d3baca2d8,-1,-1
16009,Deathscreech,-1,-1
16010,IS1041ddbbd0f78e010f78b,-1,-1
16011,yOrdLeMeIstEr,-1,-1
16012,Torraque,-1,-1
16013,Laudani,-1,-1
16014,Indy Memoriam,-1,-1
16015,IS13a163167e2fce5c48770,-1,-1
16016,IS16f2fc1cf8e345e2f1349,-1,-1
16017,Lifas,-1,-1
16018,firstnamenathan,-1,-1
16019,Lv100 Kaido,-1,-1
16020,Wigum,-1,-1
16021,Rial,-1,-1
16022,1337Flash,-1,-1
16023,Puffy,-1,-1
16024,b6O0RYECp7,-1,-1
16025,IS177d1a3911b012d7db02a,-1,-1
16026,IS17c1af10d4b8dc1624460,-1,-1
16027,IS1694cd0fd49e71249d610,-1,-1
16028,SirGray7,-1,-1
16029,Kilaa,-1,-1
16030,Augustus Hill,-1,-1
16031,Cobretti,-1,-1
16032,IS16e422a61ca6eea9c146b,-1,-1
16033,Bananuh,-1,-1
16034,IS1db5870a5b3ffe438e485,-1,-1
16035,SuiSid3l,-1,-1
16036,IS14720c8436dc1ab6e6f58,-1,-1
16037,IS12f96153d2e43b791d4ea,-1,-1
16038,IS1741083d35b0137af1be0,-1,-1
16039,IS186815e7b825382d73af5,-1,-1
16040,traumaaa,-1,-1
16041,Contrabot,-1,-1
16042,Wadoku,-1,-1
16043,IS18a8f7fd9b0cd2e7b3416,-1,-1
16044,Slider,-1,-1
16045,IS1dca7fa453e0dca5204b7,-1,-1
16046,pantspantspants,-1,-1
16047,IS129947bb7b22a678e67af,-1,-1
16048,IS17e1760cb0dc170db7436,-1,-1
16049,IS1d901bce129d5bcdfde63,-1,-1
16050,IS1aadcdf0b2cd608ac8f72,-1,-1
16051,IS1babef8034f5e95cd8db2,-1,-1
16052,IS10d3bf7a1b8c432b535cf,-1,-1
16053,Pepperyucky,-1,-1
16054,Rice,-1,-1
16055,IS11cafb846ac3bbe5bc643,-1,-1
16056,IS1ef171a7d4509b3f35f36,-1,-1
16057,oUYQokyrHF,-1,-1
16058,Fantazm,-1,-1
16059,EroticSummoner,-1,-1
16060,ZCK7udICGH,-1,-1
16061,TRIBUNAL PRO,-1,-1
16062,Dealok,-1,-1
16063,IS154f3a17a309729c167fa,-1,-1
16064,sainthero,-1,-1
16065,IS17c8dcf9cddb02def51b8,-1,-1
16066,SESnut,-1,-1
16067,Spectoron,-1,-1
16068,eastsidemagsTHBS,-1,-1
16069,IS1c885b0478b67113fdbb1,-1,-1
16070,IS19e391fa285c4147095fd,-1,-1
16071,Defrath,-1,-1
16072,IS1e4b3d5aec55ba88a6019,-1,-1
16073,IS1ef930b7774a2eff4aa26,-1,-1
16074,Ahhpple,-1,-1
16075,Opodomus,-1,-1
16076,IS170a679e7b314ba139a95,-1,-1
16077,IS1637c23ad60186310cd4d,-1,-1
16078,IS15268f7589ea4017e9b82,-1,-1
16079,TopSecret,-1,-1
16080,IS16b5ab177a181f802c920,-1,-1
16081,ReallyAttractive,-1,-1
16082,Onezuka,-1,-1
16083,IS1b4fc1064800673f5b833,-1,-1
16084,IS1714c62ddc2291be2fd49,-1,-1
16085,IS1cc3883230cb5b2b417bb,-1,-1
16086,tempname1991,-1,-1
16087,IS10d8b02748bb61f3a1dc5,-1,-1
16088,IS16561ad6c22bbf8d57463,-1,-1
16089,Zygi,-1,-1
16090,IS15977e9085785158dac19,-1,-1
16091,CanIKissYourLips,-1,-1
16092,IS1a51922de69604322ff08,-1,-1
16093,IS10614616467f596075f14,-1,-1
16094,IS10b1ce58564e8955cab72,-1,-1
16095,Flash222,-1,-1
16096,IS1a36490fbd262cefdba89,-1,-1
16097,Mr Monday,-1,-1
16098,Boyd,-1,-1
16099,IS1ba52ec8eb9c77a1ebd5b,-1,-1
16100,FlipAko,-1,-1
16101,OmfgWtfIsThisShi,-1,-1
16102,YouSmokeMidz,-1,-1
16103,IS1dca6425ee6f028fc2ffa,-1,-1
16104,IS1a2e623d4f0beac82b4c8,-1,-1
16105,IS188dc7e6a214c8b89e3f8,-1,-1
16106,IS1f17f3795d82388e9204b,-1,-1
16107,IS1832959345270ad54024f,-1,-1
16108,IS143fe7d658ce1c92c4b40,-1,-1
16109,IS1695870b49aee039f9148,-1,-1
16110,Lechiro,-1,-1
16111,IS1839ccc5a6ec630e7578c,-1,-1
16112,IS1c622851a50e02d48e19c,-1,-1
16113,APFetus,-1,-1
16114,IS1a3641f69bc0d49cbb969,-1,-1
16115,IS18ff7bccc19acd47be4ff,-1,-1
16116,IS1ad17e491a0bc426dbb71,-1,-1
16117,EgoTerrorist,-1,-1
16118,GoPed,-1,-1
16119,BTS Hest,-1,-1
16120,EonFox,-1,-1
16121,workey,-1,-1
16122,ttox23,-1,-1
16123,Arsenal FC,-1,-1
16124,NeoFantasy,-1,-1
16125,Pookypook,-1,-1
16126,IS1337cc42f051774ac49d4,-1,-1
16127,HiroProtagonist,-1,-1
16128,Dustbowl,-1,-1
16129,AAGabriel,-1,-1
16130,HoBGoBLiN666,-1,-1
16131,Beyond Oasis,-1,-1
16132,rshi00,-1,-1
16133,Yaachii,-1,-1
16134,FreshMeatFTW,-1,-1
16135,Siveal,-1,-1
16136,benzy54n,-1,-1
16137,IS1e6cf7deeffcc6a8c2c48,-1,-1
16138,Valoris,-1,-1
16139,IS1370f826593c47595ab11,-1,-1
16140,IS1cfa3ed9b1d0a4a8938e4,-1,-1
16141,Zaximus,-1,-1
16142,Diamond Donger,-1,-1
16143,IS1ae8261c5035efb3191a8,-1,-1
16144,Aesyr,-1,-1
16145,Obitusx,-1,-1
16146,Celetrium,-1,-1
16147,redraider971,-1,-1
16148,TeleEnt,-1,-1
16149,IS10c6659ce30405508c39d,-1,-1
16150,Rivercityransom,-1,-1
16151,Sammyk,-1,-1
16152,Pigpen,-1,-1
16153,velocityraptor,-1,-1
16154,offdozer,-1,-1
16155,junkst3r,-1,-1
16156,Rockzorrr,-1,-1
16157,IS1f3f09ad11db31d7d18ce,-1,-1
16158,IS1a085436ac4011b6a86e5,-1,-1
16159,garadius,-1,-1
16160,IS1ec6e5e9c6ccb9a9032be,-1,-1
16161,hitsauce,-1,-1
16162,Loanerstrife,-1,-1
16163,IS1597d4e38f56c674ecf0e,-1,-1
16164,Arai Kitsune,-1,-1
16165,IS1d14078a9f41f0a702cb6,-1,-1
16166,Technobabel,-1,-1
16167,Hazaro,-1,-1
16168,IS158ba07b0fade172590cc,-1,-1
16169,SpaceJamOnDVD xD,-1,-1
16170,SaintSora,-1,-1
16171,Spazz,-1,-1
16172,IS1235f93ac885532dbdf14,-1,-1
16173,ÆtherRaven,-1,-1
16174,Eishu,-1,-1
16175,sloja,-1,-1
16176,IS15f402aa2ac051b02c24b,-1,-1
16177,Zyphe,-1,-1
16178,Stalinsnorlax,-1,-1
16179,Shadowgmo,-1,-1
16180,IS174038bbea5e2a0bffa40,-1,-1
16181,Gobblecoque,-1,-1
16182,SooSooSenSei,-1,-1
16183,IS1341cd30584ae1cfd98d8,-1,-1
16184,XxPriestxX,-1,-1
16185,beefy,-1,-1
16186,Elandroth,-1,-1
16187,lIluminati,-1,-1
16188,IS198b7866afc9cb4437328,-1,-1
16189,Nous,-1,-1
16190,IS1537f5359cdd66941196d,-1,-1
16191,blackcore1337,-1,-1
16192,IS1835d673694584f971244,-1,-1
16193,IS1fe5019309e1a056a15c2,-1,-1
16194,murdoc,-1,-1
16195,Han Solo Mission,-1,-1
16196,AgentFire00,-1,-1
16197,Paizuri,-1,-1
16198,IS118774b5efc274bb36461,-1,-1
16199,IS16d556c59c55e2853d22e,-1,-1
16200,Deuce23,-1,-1
16201,PXtZwHtogC,-1,-1
16202,magicmarkers12,-1,-1
16203,Sinnyil,-1,-1
16204,IS18b5e1ba66f5e2f554796,-1,-1
16205,Justincrediblev,-1,-1
16206,IS187742b79740e316cd96b,-1,-1
16207,IS100dd6f6e86e918ebf5aa,-1,-1
16208,WaywardMan,-1,-1
16209,Dipinator,-1,-1
16210,Normal Line,-1,-1
16211,Red Headed GOD,-1,-1
16212,SerenityPyre,-1,-1
16213,Neatlyplaced,-1,-1
16214,IS157763ce3b07201e4003e,-1,-1
16215,IS182a522a10504b2c90dc9,-1,-1
16216,Hothtrooper,-1,-1
16217,IS17246d0de7aaba7ca05cc,-1,-1
16218,Hahael,-1,-1
16219,IS182ea09ac933d4abebea6,-1,-1
16220,swissmeatroll,-1,-1
16221,iGrLhMOcTM,-1,-1
16222,Lelouch,-1,-1
16223,Forhigher,-1,-1
16224,IS140be3ab2eca6d5a0c442,-1,-1
16225,Cynderous,-1,-1
16226,BestMaoKamloops,-1,-1
16227,GNw27lWrmd,-1,-1
16228,IS1e61f790dc8e6e138dd42,-1,-1
16229,Rockyx,-1,-1
16230,IS1f45847c702bfd05b2a80,-1,-1
16231,chuckmate,-1,-1
16232,Admiral Akbar,-1,-1
16233,IS13e0c795c4c7960b66e5d,-1,-1
16234,Quadman,-1,-1
16235,IS157cb255bc897ac3254a2,-1,-1
16236,ephem,-1,-1
16237,atleast0,-1,-1
16238,IS1cc63f4c0bdbc9903e636,-1,-1
16239,Presto,-1,-1
16240,IS12086136c94bcf195f51b,-1,-1
16241,IS101814f85b28d030738ab,-1,-1
16242,Daroth,-1,-1
16243,Splitz,-1,-1
16244,Wyglet,-1,-1
16245,DATNINJA,-1,-1
16246,FaL Foxx,-1,-1
16247,IS1e65de260962ea7db1ae8,-1,-1
16248,IS132043cd4b7094789e930,-1,-1
16249,IS108f047a200df0c0a7af0,-1,-1
16250,FPS Jessica,-1,-1
16251,IS1dfa9cadbd5d2dfb933e7,-1,-1
16252,IS12935e5b058f3e0d0f093,-1,-1
16253,ConanTrout,-1,-1
16254,IS1f9d1590f037f0972dd0b,-1,-1
16255,Jeb0r,-1,-1
16256,IS17ab1995f0b584808e856,-1,-1
16257,Tunisiano,-1,-1
16258,t7ZRdBY0PD,-1,-1
16259,IS1a321cc03859b0bd0b5fb,-1,-1
16260,Genotox,-1,-1
16261,IS1c7031867d3f9fe9f4dc5,-1,-1
16262,TreesAreFood,-1,-1
16263,IS1aced8969bf90a6c8b0d5,-1,-1
16264,LeVern,-1,-1
16265,IS15ee6c844a04374bde7fb,-1,-1
16266,Selomorbos,-1,-1
16267,IS1676b92b963addecbfeb9,-1,-1
16268,DMTHC,-1,-1
16269,IS1f04c9ef47bcab8952517,-1,-1
16270,fritzhoven,-1,-1
16271,b0n,-1,-1
16272,IS1842cfed6457d8490bfdc,-1,-1
16273,DreadFire,-1,-1
16274,duckyJuJu,-1,-1
16275,ProbablyReal,-1,-1
16276,Tanzern,-1,-1
16277,Yeorwned,-1,-1
16278,Trheepwood,-1,-1
16279,Zaffo,-1,-1
16280,hammerdwarf,-1,-1
16281,pZkwYFhlVa,-1,-1
16282,Bearx,-1,-1
16283,Grotsnik,-1,-1
16284,Blubbartron,-1,-1
16285,Juiced Fetus,-1,-1
16286,Dejke,-1,-1
16287,IS1387d77ec6e9d243154a4,-1,-1
16288,IS18e25a7388a090d0ee80b,-1,-1
16289,pirTz,-1,-1
16290,IS138f9b3223162af4fb973,-1,-1
16291,Phothenatureboy,-1,-1
16292,Gobbles,-1,-1
16293,Snookie,-1,-1
16294,RenoFox,-1,-1
16295,Elsauce,-1,-1
16296,IS18b417afb5c6eba635b4a,-1,-1
16297,IS1bc70b6714a2f4915e413,-1,-1
16298,IS1bbf3e94a5c49c5749349,-1,-1
16299,IS18aabc106672929f0a16b,-1,-1
16300,omg dad no,-1,-1
16301,JBird,-1,-1
16302,IS1458d3fc8146ac7df4c71,-1,-1
16303,IS186124defe8c615147077,-1,-1
16304,IS194b30315453f4c8833fc,-1,-1
16305,Grafted,-1,-1
16306,Mister Cyne,-1,-1
16307,IS12fc05f3a76c581a36fe7,-1,-1
16308,BoxmanFTW,-1,-1
16309,IS1e011c87b797513095a20,-1,-1
16310,6VBG6qKLzI,-1,-1
16311,IS1c3932464c27c412ccab1,-1,-1
16312,Wheelchair Stud,-1,-1
16313,ImTheWorstYo,-1,-1
16314,IS133fe33a2bcdc954aacee,-1,-1
16315,IS13e4fce2f6c8ebde83e61,-1,-1
16316,Mygraine,-1,-1
16317,HateZEmo,-1,-1
16318,foobz,-1,-1
16319,akarond,-1,-1
16320,IS1fcd714e71aefe10b13d0,-1,-1
16321,IS19c0cdd744d4538e07518,-1,-1
16322,IS1db79f0ee5a7ac78572e6,-1,-1
16323,IS175d4fc7d970b6bce4893,-1,-1
16324,IS1afdb6d16b155d2421b77,-1,-1
16325,IS1b8f8b43068ec4c6c6e4c,-1,-1
16326,IS1ca8e4a3468f832fa2a06,-1,-1
16327,IS19fce0d160a9353b00021,-1,-1
16328,IS1530aedd9cb7794e32ed9,-1,-1
16329,IS1fb1525ceef6ae22b8893,-1,-1
16330,IS155153ec02c23b87b31a9,-1,-1
16331,IS1a9a893f498cf1f74c5e8,-1,-1
16332,Benjamin Rush,-1,-1
16333,Allattos,-1,-1
16334,TJdKC2uDLa,-1,-1
16335,Snatch Morsel,-1,-1
16336,IS1fc6cbe4dada249230970,-1,-1
16337,IS118e1f598d6bfc0234948,-1,-1
16338,IS1c3e8c22886df1d4e31d5,-1,-1
16339,SnuggleBur,-1,-1
16340,iiPhysics,-1,-1
16341,IS14bb1c1cfc6a8f9e0f857,-1,-1
16342,holySpork,-1,-1
16343,IS1c47c94488e653838c810,-1,-1
16344,IS115ec733f9b4b09d83765,-1,-1
16345,w3G9o2t47y,-1,-1
16346,IS1bcdda5032be2c5bb4a03,-1,-1
16347,IS1e6c4e2de52b48699b058,-1,-1
16348,IS107cf5177e2b6fed5f7a5,-1,-1
16349,laszmosis,-1,-1
16350,Oglocs,-1,-1
16351,alcN7w73gP,-1,-1
16352,IS164975f1e62b898ef0a0d,-1,-1
16353,Zinyr,-1,-1
16354,IS1269665b151d6f263b2b3,-1,-1
16355,Talkingwhale,-1,-1
16356,zf5KOFQcgS,-1,-1
16357,UkpeaZkR5L,-1,-1
16358,MtnDew,-1,-1
16359,IS1249ebb88234399473bbc,-1,-1
16360,Harune,-1,-1
16361,Trophias,-1,-1
16362,IS131f00d829e58b5891ead,-1,-1
16363,Y3rFkwo9a1,-1,-1
16364,Bp4uy39u7x,-1,-1
16365,Logan21385,-1,-1
16366,IS159c63dc80b31554ed473,-1,-1
16367,kamfoo,-1,-1
16368,GWsCYckHPT,-1,-1
16369,Arozisama,-1,-1
16370,IS1c60d7578466a16659bd4,-1,-1
16371,IS1e246a1e28f0abb588345,-1,-1
16372,pernie,-1,-1
16373,Murbe,-1,-1
16374,Scyfer33,-1,-1
16375,nibblez,-1,-1
16376,IS1c9dbf52ea6645d16fb6b,-1,-1
16377,IS12f33faca4a2d1ab78dfc,-1,-1
16378,Klisk,-1,-1
16379,Cyn,-1,-1
16380,IS1e8c06f6fa77f97430d89,-1,-1
16381,IS1dcdd9687dd95f09ab64c,-1,-1
16382,DrFromGallifrey,-1,-1
16383,Aelch,-1,-1
16384,IS162434d800487585be217,-1,-1
16385,Vergeltung,-1,-1
16386,WopWopWopWopWop,-1,-1
16387,N0S3NS3,-1,-1
16388,IS1650dbf1b2532aa11f646,-1,-1
16389,IS160a3aba8332e10260c93,-1,-1
16390,Batzi,-1,-1
16391,IS1cfa31025c8a9299ec401,-1,-1
16392,Kelsennel,-1,-1
16393,Collett,-1,-1
16394,IS1ac17417e27915180616f,-1,-1
16395,Choesu,-1,-1
16396,kwatz,-1,-1
16397,cheedalicious,-1,-1
16398,BigBoss928,-1,-1
16399,IS1598c8a5e3f9aaae10358,-1,-1
16400,0OaOSAl4Un,-1,-1
16401,Y407iKveEj,-1,-1
16402,ParadiZzL,-1,-1
16403,fattylocs,-1,-1
16404,Ezio,-1,-1
16405,IS1219138eed6daa4beee0f,-1,-1
16406,IS1a9a67efe63169ce94037,-1,-1
16407,IS11c276ffcc43627f6e891,-1,-1
16408,QYOk10iRNP,-1,-1
16409,IS13c2273b9328861b8792c,-1,-1
16410,Zonac,-1,-1
16411,Keydo,-1,-1
16412,Die Vecna Die,-1,-1
16413,Geranhin,-1,-1
16414,Mr Long,-1,-1
16415,9kCmIP9WMj,-1,-1
16416,Retch,-1,-1
16417,SBFCKlenZade,-1,-1
16418,G3pJmj3HrZ,-1,-1
16419,Dymoxide,-1,-1
16420,0megaCookie,-1,-1
16421,IS192209325d76e3f4b6f12,-1,-1
16422,IS12aa0ad8df4230aca4590,-1,-1
16423,IS13e6ce245028a7260b585,-1,-1
16424,IS11a0368d390f555c42933,-1,-1
16425,glashopa,-1,-1
16426,IS1c4bedee945d0896d2351,-1,-1
16427,IS1de7ac254ec3a525d1f85,-1,-1
16428,IS15f4695971b375b69354f,-1,-1
16429,IS1aebc7c4fe6119599d0e0,-1,-1
16430,thumbprint,-1,-1
16431,WeezingEd,-1,-1
16432,Korovin,-1,-1
16433,J33z,-1,-1
16434,IS145835f27ecee7f826604,-1,-1
16435,IS18acd68d4dc8530460309,-1,-1
16436,Keknar,-1,-1
16437,Falthen,-1,-1
16438,IS187654cd19c642ac2dc09,-1,-1
16439,IS14a632d70b6b83fd6719a,-1,-1
16440,KTFB ZeaLouS,-1,-1
16441,IS1442f10ff8a8be0973604,-1,-1
16442,IS14c8faa986194ba2bfc58,-1,-1
16443,IS128e293a6afa008a09f0a,-1,-1
16444,Penfamous,-1,-1
16445,Oz K Fodrotski,-1,-1
16446,MrBucko,-1,-1
16447,OsoVigilante,-1,-1
16448,IS1cd111d778791085b1eb3,-1,-1
16449,IS119a2b3dfe2730abe3226,-1,-1
16450,lmaonnaise,-1,-1
16451,amMsUcjqEU,-1,-1
16452,invadersko0dge,-1,-1
16453,IS11712a43cfa12a517ae5c,-1,-1
16454,IS1af8927900f014ccc031f,-1,-1
16455,IS18ce376d32b7792d94f05,-1,-1
16456,William Kawai,-1,-1
16457,Ambiguity,-1,-1
16458,TheZug,-1,-1
16459,0MG Im 0n Fire,-1,-1
16460,Monogamous,-1,-1
16461,IS1aa8bb35176d7c25b7b5e,-1,-1
16462,IS1dcc3853ab5bd852a9832,-1,-1
16463,Gorun,-1,-1
16464,Fina1 Evolution,-1,-1
16465,IS10aec2af6121f4df8def6,-1,-1
16466,IS1dc341142bec853c4700f,-1,-1
16467,Dirk Setyer,-1,-1
16468,IS131090ef7f9b55eaa2759,-1,-1
16469,Ahrid,-1,-1
16470,IS1331f1ad1f93fd7859f92,-1,-1
16471,Misandu,-1,-1
16472,IS14e4ff57b77bbff4f7f9d,-1,-1
16473,IS16dc1aac2af24ea88fc52,-1,-1
16474,uxDvdrOE5O,-1,-1
16475,Espe,-1,-1
16476,Thyrandaal,-1,-1
16477,IS1a7f4ee164855c22b1efe,-1,-1
16478,Hurts When I Pee,-1,-1
16479,IS1d579b7f41bb0a4d5e1e3,-1,-1
16480,Discipl3,-1,-1
16481,pheonixfenix,-1,-1
16482,IS15534ba7691cdc074c2a5,-1,-1
16483,IS11d6af13da9b91b4a0d17,-1,-1
16484,IS185009ab78ae46b08ec5a,-1,-1
16485,Ashwind,-1,-1
16486,IS13668d28db999db7decbb,-1,-1
16487,IS1f2e3653ec93a36ba5784,-1,-1
16488,Flynn,-1,-1
16489,Boita,-1,-1
16490,IS145fe066d839e3e072adb,-1,-1
16491,HalfBakedFroYo,-1,-1
16492,IS16edee2cea5ae4d7eb634,-1,-1
16493,IS181dafde56a1aef8f627e,-1,-1
16494,IS14ce1cff3853ee2b357b2,-1,-1
16495,JustProEskimø,-1,-1
16496,IS16a731135f96e130c652a,-1,-1
16497,IS1b08130e713187a51d44f,-1,-1
16498,IS1e64a18523c8c26a38ea3,-1,-1
16499,IS1401c7c6f01c65185b872,-1,-1
16500,Vareta,-1,-1
16501,sukert,-1,-1
16502,IS198959d12547e395e2933,-1,-1
16503,IS115be3be6e96c9bc0d85f,-1,-1
16504,Mare Bello Fiore,-1,-1
16505,Awesotastic,-1,-1
16506,Eejcloud,-1,-1
16507,IS1d56e79f6545ee7c75f50,-1,-1
16508,IS11613fc28430f37c43143,-1,-1
16509,IS1bc6824378f3411bbfa34,-1,-1
16510,IS1b9cfd47465af4a508953,-1,-1
16511,SjPJWgGhKm,-1,-1
16512,dl7i0hgv3S,-1,-1
16513,Skoozoomeroo,-1,-1
16514,Valefik,-1,-1
16515,Thrice,-1,-1
16516,IS16a412b936924e97085d1,-1,-1
16517,IS19d5933f0abd36ca835fa,-1,-1
16518,Dake,-1,-1
16519,PlaySumLoL,-1,-1
16520,IS10be6858a16c4656119bf,-1,-1
16521,LLVYQZQD1,-1,-1
16522,theSlapStick,-1,-1
16523,Danmontster,-1,-1
16524,Vulfe,-1,-1
16525,IS12bcd342be6c34f4ac0d8,-1,-1
16526,WarHamster40k,-1,-1
16527,IS15b3edc49bc7a6b2d4fab,-1,-1
16528,IS13f129eb1aa664ec80a80,-1,-1
16529,IS1f949c11c916309ae17b7,-1,-1
16530,Ty4Koinz,-1,-1
16531,Magna Mentula,-1,-1
16532,QNqChQBzSJ,-1,-1
16533,Lude,-1,-1
16534,Creativename,-1,-1
16535,Chunicorn,-1,-1
16536,N70VqqBkY3,-1,-1
16537,IS1a12bdfb6285f6286a3be,-1,-1
16538,Lennalf,-1,-1
16539,IS1ad3db6736247f14f00e6,-1,-1
16540,Multisingularity,-1,-1
16541,Kabwar,-1,-1
16542,IS17697419719dfa9f33e36,-1,-1
16543,Tyrandus,-1,-1
16544,AL1nN,-1,-1
16545,daazn9iant,-1,-1
16546,IS129c937e7a329f19a5eb7,-1,-1
16547,IS1fa0c8e4a93c17cd0f963,-1,-1
16548,Gabimbo,-1,-1
16549,IS15b0b3b3c7d090209e6ee,-1,-1
16550,Tojara,-1,-1
16551,Ragehoof,-1,-1
16552,Tatsumaki,-1,-1
16553,IS1799bdecee0dc43b5f2e9,-1,-1
16554,qCtdBJVg6O,-1,-1
16555,Khalaq,-1,-1
16556,joiboi,-1,-1
16557,IS15b6a41a6cc61fc0d18c7,-1,-1
16558,Captain Dank,-1,-1
16559,Myrmi,-1,-1
16560,IS162a0f0b7077a05af681e,-1,-1
16561,roberthamoore,-1,-1
16562,Jaeza,-1,-1
16563,IS13807e91be30b3fa0c2de,-1,-1
16564,IS1d7434b53c92030928a84,-1,-1
16565,IS1347b4504b01683c985f0,-1,-1
16566,Wayloll,-1,-1
16567,IS1b4bad31391ffe00009c4,-1,-1
16568,IS1b4359cdabed6e3e6936b,-1,-1
16569,IS175e5fc7f60bc079a65a0,-1,-1
16570,IS196433ba17e57e8a227c9,-1,-1
16571,IS1f5b90a184d5264d47342,-1,-1
16572,VC26,-1,-1
16573,IS11c08316607cde0dbb8a4,-1,-1
16574,IS16d9b920e0ee486ed99c3,-1,-1
16575,IS19f9c061e6d052ee60de7,-1,-1
16576,NoCrying,-1,-1
16577,Cael Thya,-1,-1
16578,IS1229a1d80bccce69afcaf,-1,-1
16579,Pallid Pallas,-1,-1
16580,ReconGoose,-1,-1
16581,IS1dddc02d46f94bc0d43c5,-1,-1
16582,IS1cfd095aa76d8fd46e80f,-1,-1
16583,Butch,-1,-1
16584,P4K suffix,-1,-1
16585,IS193ae0c276fa9b1690ba7,-1,-1
16586,IS1d355453ce49273d591c6,-1,-1
16587,IS13cbce1166759bcb7fc0f,-1,-1
16588,Braethias,-1,-1
16589,IS10410aabb04bab13ca37e,-1,-1
16590,IS1fbe4a52606c013348650,-1,-1
16591,IS10857dea8eed6cfc241de,-1,-1
16592,libpcfrak,-1,-1
16593,bobbybob12,-1,-1
16594,IS1ce30f829cd3c757a1a7f,-1,-1
16595,IS1748449b852688c46ee5a,-1,-1
16596,IS119bcd12e88813692f0e0,-1,-1
16597,IS1832e1f2a2f2f5e7de7d6,-1,-1
16598,IS1e488e3b631d6a4c62bc7,-1,-1
16599,IS1dcd45c0cb824f35255e9,-1,-1
16600,Gwanzan,-1,-1
16601,IS1f228e3cddf264e9ecb0d,-1,-1
16602,Excuses,-1,-1
16603,Rentyr,-1,-1
16604,Ub5j6J8d9L,-1,-1
16605,LouGaHou604,-1,-1
16606,sosmage,-1,-1
16607,ingloriousdeviant,-1,-1
16608,IS1bbb7e3a31d8b1f2fc901,-1,-1
16609,IS1c3b1e0edb8a96cbe4c06,-1,-1
16610,bJeKuDrOdX,-1,-1
16611,7empest,-1,-1
16612,JakedGr8,-1,-1
16613,Manydics2I,-1,-1
16614,IS14f2c11e9d6cd27c5f9f7,-1,-1
16615,SickKiller,-1,-1
16616,dosquared,-1,-1
16617,Vanquisher,-1,-1
16618,IS1e2b99b4999f34133a1d2,-1,-1
16619,Jackelo,-1,-1
16620,canadiazn,-1,-1
16621,IS13deb105e03f4bc5be351,-1,-1
16622,IS12120bb9f2e00b05d7ca3,-1,-1
16623,JWA5bPLume,-1,-1
16624,B Ferret,-1,-1
16625,Nubcakes4u,-1,-1
16626,IS1cc06579759bbdf12a39b,-1,-1
16627,Deadajes,-1,-1
16628,quitlife,-1,-1
16629,IS11460a25680acc00f8b57,-1,-1
16630,Mystwalker,-1,-1
16631,IS14ce00a5867fc85840757,-1,-1
16632,IS16f173eff1fc8dac04d63,-1,-1
16633,ClRCLE,-1,-1
16634,Kremath,-1,-1
16635,IS1ffeea8bd9f57d652cc34,-1,-1
16636,IS1f4e76f6d15d3dc22e9dd,-1,-1
16637,IS1f6973a67a702d7b799fe,-1,-1
16638,IS11632a24fc96b3d1c71ef,-1,-1
16639,IS1cab18512f3db1a414ddf,-1,-1
16640,kbox,-1,-1
16641,Sukima,-1,-1
16642,IS197a865cb29220f8158d1,-1,-1
16643,Ugmo,-1,-1
16644,F0b1us,-1,-1
16645,IS18e5575ab0ab87b38d2a5,-1,-1
16646,IS1ae5f4b421592cf6ca2de,-1,-1
16647,IS1ca0892d2f528f6ae2ae4,-1,-1
16648,TubeSteve,-1,-1
16649,IS1b0042625fbf0a8ab8b3a,-1,-1
16650,IS1ca1191308e9adc6792cd,-1,-1
16651,JesusHadAegis,-1,-1
16652,ALieu,-1,-1
16653,IS1d819ce132431c0b928db,-1,-1
16654,xlCEMANx,-1,-1
16655,omglolowned,-1,-1
16656,IS138b3558bd127ad5c6696,-1,-1
16657,Enguarde,-1,-1
16658,TayHN,-1,-1
16659,e1hSPLgTgd,-1,-1
16660,skyblade,-1,-1
16661,IS114c5553f04d12df29e6a,-1,-1
16662,IS121fe9b1cd695464554a2,-1,-1
16663,PacNay,-1,-1
16664,StarLaughter,-1,-1
16665,Oooi,-1,-1
16666,IS14baba1aedcb963e91211,-1,-1
16667,IS1fb05d7ad125986ddbf2d,-1,-1
16668,WyrmSaint,-1,-1
16669,reks,-1,-1
16670,IS12783aea4b1aa4a894d8a,-1,-1
16671,Roadkill,-1,-1
16672,Kasuki,-1,-1
16673,RaMDeMiZeR,-1,-1
16674,Nest,-1,-1
16675,IS1cadb0486a71293cb6e31,-1,-1
16676,IS12d96a0015872541956c3,-1,-1
16677,IS12db4295e8b7327fbbbf1,-1,-1
16678,shuranomon,-1,-1
16679,IS1be2f7830d1c8701c5a54,-1,-1
16680,IS1b98b3a5eb4d11c81d974,-1,-1
16681,Neaan,-1,-1
16682,sabel,-1,-1
16683,IS12b8b3fb3fbd1bad32141,-1,-1
16684,IS141bea3aeaf7af2a12e29,-1,-1
16685,Man Dinh,-1,-1
16686,IS103b55ec7be2c6a6e5691,-1,-1
16687,IS1f39bda204840c316a6ed,-1,-1
16688,Awesometaro,-1,-1
16689,Purple Space Cow,-1,-1
16690,IS19f7efcaabde5c946c10e,-1,-1
16691,Upgrayedd428,-1,-1
16692,BlTCH BOI,-1,-1
16693,IS12805d8be0cc8a73f770f,-1,-1
16694,killmaster84,-1,-1
16695,IS1e0a89a5f78ce1725a7eb,-1,-1
16696,IS1bcf402dfe35fa8d9b010,-1,-1
16697,XXJucjf7Pq,-1,-1
16698,Levin 3D,-1,-1
16699,3uph0riac,-1,-1
16700,IS175d9c26d7ad4868b8727,-1,-1
16701,Squitter,-1,-1
16702,IS193b2c04ece22f1f685df,-1,-1
16703,IS1c6a62f01999a180e764b,-1,-1
16704,IS197ec03d1e428c7f15687,-1,-1
16705,IS17542cee83f65004cfba6,-1,-1
16706,maviel,-1,-1
16707,IS19feb074947fb019cc6b4,-1,-1
16708,IS13210f476777d37953134,-1,-1
16709,IS1970b774c467f1c1c521e,-1,-1
16710,IS1965f6c2fb42887d3df0f,-1,-1
16711,Smokeset,-1,-1
16712,IS17edf2d22f574cf23dc8f,-1,-1
16713,IS16fe586716e732df9fb0d,-1,-1
16714,IS16d9d056662a38a11392d,-1,-1
16715,BolducTryndMain,-1,-1
16716,Tehnin,-1,-1
16717,Booze,-1,-1
16718,Partisan,-1,-1
16719,IS1373bd967813620ba0417,-1,-1
16720,IS131153f16b3e86e3263fd,-1,-1
16721,IS1b68f3dee542ab5c34545,-1,-1
16722,doWLo,-1,-1
16723,IS119b18533206bed2ef83f,-1,-1
16724,IS1d4fc685e4b065326e68e,-1,-1
16725,IS14558c6f448a9cd313b08,-1,-1
16726,honestly,-1,-1
16727,IS100b04d29c8cb3427d8da,-1,-1
16728,Ice Globe,-1,-1
16729,UseMeUp,-1,-1
16730,IS1446759da7bf81c4a1b1e,-1,-1
16731,PhoenixDown,-1,-1
16732,General,-1,-1
16733,IS1dc64724360831ff04bf8,-1,-1
16734,gbs3DpJSi3,-1,-1
16735,The Cyras,-1,-1
16736,IS1c359e5e7bf6db01b3a15,-1,-1
16737,IS188126ede9cee289b6661,-1,-1
16738,IS17e93b70a79f59d7424cb,-1,-1
16739,IS156860e72d1993e30ed6a,-1,-1
16740,DemonHunter,-1,-1
16741,IS1c0a326431ea788874774,-1,-1
16742,IS178a7b622b2b1f30d8bae,-1,-1
16743,IS18247daca8dd2fecd844c,-1,-1
16744,IS1707a02489fd5e3b882bd,-1,-1
16745,hala55,-1,-1
16746,IS1dffeeb33a85d95c52316,-1,-1
16747,IS115691c260eedf190347a,-1,-1
16748,FFVCkilla1991,-1,-1
16749,IS18f731092bdf0a2b4bb35,-1,-1
16750,Vayne is Not OP,-1,-1
16751,IS10ec78204af05f421a699,-1,-1
16752,IS18b2b5955cea85954d669,-1,-1
16753,IS1f5fea7ec297c0d4adc36,-1,-1
16754,IS1bb5d374f4be72690ca7e,-1,-1
16755,camcoaMilo,-1,-1
16756,GetALIFE,-1,-1
16757,IS1b627e1c2d22b92d048f6,-1,-1
16758,IS1426c470e8e9bdf44df13,-1,-1
16759,Manway,-1,-1
16760,IS1b6b7c3517cd63eea2325,-1,-1
16761,IS1a1d81110ab53c6ba700b,-1,-1
16762,Delwhen,-1,-1
16763,IS1c575506bbd1e7e5cf02d,-1,-1
16764,IS1dbd875c814b46928ad7f,-1,-1
16765,IS1b2268d13e1b8b8301e43,-1,-1
16766,NiloCP,-1,-1
16767,IS10f8f5d9223a28907d7ba,-1,-1
16768,IS15dd1346c3d2b2ba251c5,-1,-1
16769,IS128151e40bda429d8e182,-1,-1
16770,Wence,-1,-1
16771,IS104c760a6987e5704db04,-1,-1
16772,IS13f361e310860d06dc790,-1,-1
16773,IS1cc4f921a76933e45bbb5,-1,-1
16774,Nareg,-1,-1
16775,IS12b91fbbe0cf16b19f573,-1,-1
16776,Saracen,-1,-1
16777,IS1ac8f363f7a22e50eb95b,-1,-1
16778,IS1ba28394ebc44158dae8a,-1,-1
16779,IS1f0854e19c297cf95df35,-1,-1
16780,Kaldir,-1,-1
16781,IS11ea5a317521425d5c206,-1,-1
16782,IS14715608f21292313ab25,-1,-1
16783,IS1e90fd9e2698db2d22362,-1,-1
16784,IS17ea9082b991ab2556d9d,-1,-1
16785,IS1fea2764ea1c0a3de2939,-1,-1
16786,IS1584fcec3e7dcc531d836,-1,-1
16787,IS16e36c06132ddb9cd53d9,-1,-1
16788,Valria,-1,-1
16789,Katschanka,-1,-1
16790,yChdIkH4xW,-1,-1
16791,IS119de5ae8d014512350c2,-1,-1
16792,Dracor,-1,-1
16793,Progle,-1,-1
16794,IS13018e70d0ffe8e50e86a,-1,-1
16795,IS19128410e7a0c88360139,-1,-1
16796,IS1945a5ac992029145141c,-1,-1
16797,IS12fa45fdb3e4a8e378ad1,-1,-1
16798,eason,-1,-1
16799,IS1b98771d97a9828db1d73,-1,-1
16800,IS154a8f2d508db44adb6dc,-1,-1
16801,BabyBillionaire,-1,-1
16802,IS10131764711e5f1f4e47d,-1,-1
16803,IS1f4b9a24d37790828effb,-1,-1
16804,IS1c94d00999635f7599f25,-1,-1
16805,thehellbinder13,-1,-1
16806,IS1b247f4a607bae48f69d1,-1,-1
16807,Arsus,-1,-1
16808,IS1b669b329c2926d32839f,-1,-1
16809,IS113e88b2014574d209255,-1,-1
16810,IS1f92458c85ad52a644b1e,-1,-1
16811,IS1213ac6967df00e1e1e06,-1,-1
16812,IS19847a91c22e69d5036f1,-1,-1
16813,IS1ac357ad7d9073a2c1665,-1,-1
16814,I Boosted You,-1,-1
16815,Yoo Shi Jin,-1,-1
16816,IS1b1c49ce2b4124cdcecda,-1,-1
16817,RaeNO,-1,-1
16818,IS14e8672bda38f9a7ddad3,-1,-1
16819,DjOli,-1,-1
16820,IS1454f9335f3f1a17e0aa9,-1,-1
16821,IS19a4e49e0b43c0f0d28d0,-1,-1
16822,IS10ed7e123db392f076fa1,-1,-1
16823,mitru,-1,-1
16824,IS1eace553b6869205e0172,-1,-1
16825,IS12cadb8a09909f3731c35,-1,-1
16826,IS1b326436757a0b5266088,-1,-1
16827,IS13a3275d039fa93ca5a1e,-1,-1
16828,IS1ee034181e8a54b4c0b49,-1,-1
16829,IS14d6f775973d6d723d17b,-1,-1
16830,Amperture,-1,-1
16831,IS149617466e56d7b8e74ef,-1,-1
16832,Hiiro Hisame,-1,-1
16833,IS11055807a8058fe1f8d99,-1,-1
16834,konstanz,-1,-1
16835,Wario7,-1,-1
16836,g7XTokqoE2,-1,-1
16837,IS1f1e1044249e7efc5b17f,-1,-1
16838,IS145ac0c266fb32e497918,-1,-1
16839,BishoPXL,-1,-1
16840,Munyao,-1,-1
16841,IS13a1eb1dab16597789c02,-1,-1
16842,Pantheron,-1,-1
16843,IS1c34699a6427622186cdc,-1,-1
16844,IS1307cfa88f78e037eed17,-1,-1
16845,ntUjDF8oon,-1,-1
16846,IS17db0be5cd65a00bf6405,-1,-1
16847,IS1b2b92b75baac5ed3c40a,-1,-1
16848,ritz,-1,-1
16849,ppphehe,-1,-1
16850,Xamarim,-1,-1
16851,Murasume,-1,-1
16852,IS1d28edac152bdb47193e0,-1,-1
16853,IS19ce5548db66cc249435c,-1,-1
16854,IS1a89df6a5a64da2f933b4,-1,-1
16855,Acocylo,-1,-1
16856,SolidMage,-1,-1
16857,Bagzli,-1,-1
16858,IS174718e2b3fabfcb8e2b1,-1,-1
16859,IS192c0acf83ea618010e16,-1,-1
16860,KayZircon,-1,-1
16861,Silverbeak,-1,-1
16862,IS175eae68335f00870aaab,-1,-1
16863,IS1d6118f8859c27426e45b,-1,-1
16864,IS1b012c01edbd3bdffdae0,-1,-1
16865,IS1b06734cd36adead79115,-1,-1
16866,IS1ab55eefc878446dbf891,-1,-1
16867,IS15e5b1d4c52910d106734,-1,-1
16868,The Knight,-1,-1
16869,clownfish0326,-1,-1
16870,IS131d1d5205a2e5429f603,-1,-1
16871,IS1c4d0c584523e580653b4,-1,-1
16872,IS112cf9866fed9492a93ba,-1,-1
16873,Eitrunix,-1,-1
16874,IS1f97ecba56d60c049b52d,-1,-1
16875,IS1dab018f526948437d3d6,-1,-1
16876,BurritoBushido,-1,-1
16877,yeliw,-1,-1
16878,lefteris,-1,-1
16879,IS1a514ef8340e01c2e1af4,-1,-1
16880,Steelborn,-1,-1
16881,I can Handle it,-1,-1
16882,ToxicSn,-1,-1
16883,AIbeZW1wRq,-1,-1
16884,IS152547e2b998e85bd2628,-1,-1
16885,Bosinchi,-1,-1
16886,IS14433c16b3855ae3cb9b6,-1,-1
16887,IS19eb63b5316cd73aa3229,-1,-1
16888,IS15a243f0c50fa6a5f36a7,-1,-1
16889,Nerion,-1,-1
16890,IS1082b83443b3dfccedffb,-1,-1
16891,barichnikov,-1,-1
16892,oMRRrfadJO,-1,-1
16893,Thordanos,-1,-1
16894,IS144b6222b029f97a1d5b4,-1,-1
16895,silent player,-1,-1
16896,IS195f65aa9f6d649c5f49f,-1,-1
16897,mZ2EpVoRN6,-1,-1
16898,Harfle,-1,-1
16899,IS10daacfccda01dcb95604,-1,-1
16900,Roughly 9 Lamps,-1,-1
16901,IS1f670bbe50f984967f358,-1,-1
16902,IS15e2a52ade5516d359e52,-1,-1
16903,IS1690e970068c85ca78c49,-1,-1
16904,onex1,-1,-1
16905,IS1278cbf483067765be069,-1,-1
16906,HoboBob,-1,-1
16907,IS1d8c1d9fe325b11e0287e,-1,-1
16908,IS1c218eb63b3addbdd1693,-1,-1
16909,IS1b6e483ae2e3ace29e419,-1,-1
16910,IS1c9e8a3ec8d116da3b40a,-1,-1
16911,IS13e72161c712f87005a6a,-1,-1
16912,Mirodir,-1,-1
16913,IS191269cfaf51aedb6e83b,-1,-1
16914,JDM420DRAGONWEED,-1,-1
16915,c5LjsHhYqC,-1,-1
16916,IS1f1655de4ae0484a7bcaf,-1,-1
16917,Planky,-1,-1
16918,freeofme,-1,-1
16919,6CSg2JQcKV,-1,-1
16920,IS11a99dc59620ac92a54c3,-1,-1
16921,IS10375dd946728e2f4e51a,-1,-1
16922,IS1a757a165fbc2984ae42f,-1,-1
16923,UCZ6KnMj5F,-1,-1
16924,Ubersoldat,-1,-1
16925,IS1d3346cda66d24bc0cbd5,-1,-1
16926,Meball,-1,-1
16927,playboy0912,-1,-1
16928,IS142a80c9cb8ffc652d914,-1,-1
16929,IS1bbd7f8a510d3bda60c66,-1,-1
16930,IS19ccf1bb85607bb6e7a13,-1,-1
16931,Boombaya,-1,-1
16932,IS1dbd88efcad6d4619ace4,-1,-1
16933,GoodTo3SigFigs,-1,-1
16934,IS1ad5195342b2412f525f4,-1,-1
16935,IS1441a259b1e14538ec466,-1,-1
16936,q2CTpBKfT4,-1,-1
16937,Tyrannokh,-1,-1
16938,IS132e5452294826783a54b,-1,-1
16939,Owanan,-1,-1
16940,Z3 Mudkipz,-1,-1
16941,IS1277f190bc74c566ffd7a,-1,-1
16942,Linich,-1,-1
16943,IS1b208773459fa9249205f,-1,-1
16944,babykicker,-1,-1
16945,IS10ceb7e814018273aec86,-1,-1
16946,IS1352ca993cc25cc334c10,-1,-1
16947,QmKUy7eT6u,-1,-1
16948,AtFhdl4XDn,-1,-1
16949,Chease,-1,-1
16950,IS1f30afacadcf23fe145fa,-1,-1
16951,Watson,-1,-1
16952,Tripping Tuna,-1,-1
16953,Kanonds,-1,-1
16954,IS1342462e15c4cfdf8039e,-1,-1
16955,IS1b0204a2c0e1988aafe75,-1,-1
16956,IS1df4eecc676fba0c3c6b8,-1,-1
16957,IS1c49c3f4c80588829282a,-1,-1
16958,Suetekh,-1,-1
16959,Eminence,-1,-1
16960,IS1b9f8468c02ee8c81ed89,-1,-1
16961,Sarunoske,-1,-1
16962,IS16be8515a432051fe4e5c,-1,-1
16963,f5gu6qFa5w,-1,-1
16964,Bridget FF,-1,-1
16965,761G0XUoPs,-1,-1
16966,IS1fef9ecabb1b91a8a6b88,-1,-1
16967,IS1086f1835d993448cd3a4,-1,-1
16968,IS1b31cb398801cc1cb4e2e,-1,-1
16969,IS18894b8ea294e4f23b41e,-1,-1
16970,U nvr had Ur car,-1,-1
16971,IS1ba01040150173e461bbb,-1,-1
16972,IneedNOS2ofthem,-1,-1
16973,Hazer,-1,-1
16974,orunin,-1,-1
16975,yQFwmbz57B,-1,-1
16976,IS11f4ecbe4fa148968a31f,-1,-1
16977,Eyeofmetal,-1,-1
16978,Joonster,-1,-1
16979,IS167892768ed6f52cf9e7b,-1,-1
16980,KSI4FOgJ5w,-1,-1
16981,IS15dc4a033c53cb9a89646,-1,-1
16982,Zrekthall,-1,-1
16983,Kilinar,-1,-1
16984,IS17f70ed815daebf4aaac6,-1,-1
16985,Techno,-1,-1
16986,IS1e533abfa505b4c7551d1,-1,-1
16987,IS1b327013934c5b0d17ae4,-1,-1
16988,IS1c53da48b0e5a77a5c48c,-1,-1
16989,IS131123c8782279320a0a5,-1,-1
16990,IS1468fa69ceca248253b17,-1,-1
16991,PacifismNay,-1,-1
16992,IS19a165d40f04c78399463,-1,-1
16993,Buddha Belly,-1,-1
16994,IS1ee088aca6e081ccc3882,-1,-1
16995,9qvfEWbKrL,-1,-1
16996,IS178bec25f25c9b705d228,-1,-1
16997,IS16d2f693bc7b5fdca969d,-1,-1
16998,IS1de22d8a268303051be75,-1,-1
16999,skooten,-1,-1
