17000,IS1d64ccbfe7f20fca7843c,-1,-1
17001,lEDPnPTIpY,-1,-1
17002,Schift Key,-1,-1
17003,IS1539260779d34aa1a6944,-1,-1
17004,AtlasSound,-1,-1
17005,Dolamighty,-1,-1
17006,IS109d7311d26d2e8bb47ed,-1,-1
17007,scrooberz,-1,-1
17008,IS1be3642ec79a8e2c0bc87,-1,-1
17009,IS1f643f7f7913edc2a8434,-1,-1
17010,IS15a97ce4bddd35cad74b8,-1,-1
17011,IS1033cc89bafa6a16cdd04,-1,-1
17012,hitmo,-1,-1
17013,IS10715fac7a587a62fab46,-1,-1
17014,IS1ebd3f6818359b0f8f6e6,-1,-1
17015,IS104b195becdf8dce82890,-1,-1
17016,Malkav,-1,-1
17017,IS188560cba360c18001932,-1,-1
17018,zBmnluJ0Ek,-1,-1
17019,IS10ec4f1861d6397a2fcdf,-1,-1
17020,LordHunter,-1,-1
17021,MaXbchW4CQ,-1,-1
17022,Vladimir5151,-1,-1
17023,IS136ae86da54a779b72766,-1,-1
17024,IS1218c418ef9580692af22,-1,-1
17025,IS124b92ffd355f5e9c5fda,-1,-1
17026,IS1e308cfeeca3f1d0bc3af,-1,-1
17027,IS13e82fe8c551341057388,-1,-1
17028,Ms Serious Business,-1,-1
17029,IS14b0371189e8e84b6a576,-1,-1
17030,IS1e375d2ee3a7d9e4e1354,-1,-1
17031,IS1f3b985fa8efd30a54391,-1,-1
17032,Zeodan,-1,-1
17033,NotATowel,-1,-1
17034,IS1b181e3ce81a57d62f5b8,-1,-1
17035,Dodoman89,-1,-1
17036,IS1bc33e8f1bfd2ba26e6c8,-1,-1
17037,IS13495484f106535d1932a,-1,-1
17038,IS192e32a8b9d57c293b349,-1,-1
17039,IS15a1f8f8f5d8af8a1ea25,-1,-1
17040,aYf3Uqe3IW,-1,-1
17041,IS1cbcaefe1fb3a7e36327d,-1,-1
17042,IS1c861921aaa4c88ddcf85,-1,-1
17043,IS1e0115312196ee8231b5b,-1,-1
17044,Kaash,-1,-1
17045,IS1e6550ef7ef27d4000177,-1,-1
17046,Rufei,-1,-1
17047,IS1f403187a078f3a06f866,-1,-1
17048,Wheatbread,-1,-1
17049,Zimzulu,-1,-1
17050,IS1e574de598c611e410eed,-1,-1
17051,IS1fb383b6258d37ed444dc,-1,-1
17052,saber07clint,-1,-1
17053,IS1daef2ca06d4b3c4e59b1,-1,-1
17054,DrCoke,-1,-1
17055,IS18700cf812f18d9920017,-1,-1
17056,Jorgio The Swift,-1,-1
17057,HoRhUUb9op,-1,-1
17058,Chrispy,-1,-1
17059,IS15b5a99515b9bf87cb41d,-1,-1
17060,ALABAMAxMAN,-1,-1
17061,Stimutax,-1,-1
17062,Atticus,-1,-1
17063,IS18319c2b45c900031c7c7,-1,-1
17064,IS17dd09cf8990cd0a2df2e,-1,-1
17065,Terokk,-1,-1
17066,mVHd3G6qVm,-1,-1
17067,IS18c42b5846f5f06094dc3,-1,-1
17068,IS123889ed2969c9148d248,-1,-1
17069,IS18c052062fd25e2b2f6de,-1,-1
17070,rajkit,-1,-1
17071,PixxiStixx,-1,-1
17072,IS13dfdaf3c13fe0e08c02a,-1,-1
17073,IS15aba0896676f9f3b994f,-1,-1
17074,IS17edf1c75e4fa492ff7d2,-1,-1
17075,IS166be75165c45a66ae3c6,-1,-1
17076,IS1a00bec1b729a56321cd3,-1,-1
17077,IS19bcb5b2f5b5f5724406c,-1,-1
17078,Lytheaded,-1,-1
17079,IS1e8d402e5dba26664fa32,-1,-1
17080,IS175a8ebbb7c8fe80896b8,-1,-1
17081,ultrakrang,-1,-1
17082,Dersios,-1,-1
17083,IS138e32bc76ac9117f724a,-1,-1
17084,IS1ae4576bdeb904445458a,-1,-1
17085,IS1a78469e4c2c1fbceb8dd,-1,-1
17086,Stepn,-1,-1
17087,IS1715541a6a87d1d4d319a,-1,-1
17088,offbrand cereal,-1,-1
17089,Tacosauce,-1,-1
17090,IS11cca309a344d26207649,-1,-1
17091,yourbuddypal,-1,-1
17092,IS133eacf713f4f8e08caf6,-1,-1
17093,Amputechture,-1,-1
17094,Telcius,-1,-1
17095,Rintin,-1,-1
17096,Huntbobbicus,-1,-1
17097,Legendaryhero,-1,-1
17098,IS1b4cfb6d3620c429de433,-1,-1
17099,ravenxii,-1,-1
17100,vanindo,-1,-1
17101,IS1a034d76f39a71fb4ed4d,-1,-1
17102,IS1beb358777ceabc4a2e4c,-1,-1
17103,IS1da67259a21b278670614,-1,-1
17104,FeyLynn,-1,-1
17105,IS1161e7774ba5a3abe865b,-1,-1
17106,IS1aa47deaf9ededb5233ba,-1,-1
17107,IS1d24f2a476a6d7a9dbd16,-1,-1
17108,IS15a18a7b564d8872f1ff6,-1,-1
17109,IS1a5ec30b5e7d8a4bbd627,-1,-1
17110,AzNPhoenix258,-1,-1
17111,Dark0ne,-1,-1
17112,IS1d8745558c6f9f6a2f9f1,-1,-1
17113,IS194473e88c23d6bfc4be3,-1,-1
17114,Mad Warren,-1,-1
17115,IS17358dbdf405aeac44c5b,-1,-1
17116,Gavvy,-1,-1
17117,Comie,-1,-1
17118,IS1930e88b760c5fd493336,-1,-1
17119,WHATAWOOKIE,-1,-1
17120,IS1864790fe25f2bd64a8ab,-1,-1
17121,IS1651f97a1490a46616132,-1,-1
17122,Sorry,-1,-1
17123,IS1d1633b36fec9a01ea51e,-1,-1
17124,Apostolova,-1,-1
17125,WhiteRabbit,-1,-1
17126,doctorBuNz,-1,-1
17127,IS19446de9ac5eac1ce9d9c,-1,-1
17128,IS1ab05db85d5aa0a199255,-1,-1
17129,Toxic,-1,-1
17130,realy hate,-1,-1
17131,Persson,-1,-1
17132,pUsGxI2Lce,-1,-1
17133,IS1645e4451f748dc85ef7a,-1,-1
17134,IS1e6b77a676fc545f325dd,-1,-1
17135,IS17c93e8fba1bc0ab49276,-1,-1
17136,Dhaenon,-1,-1
17137,IS16d40cef6f1629e2c3721,-1,-1
17138,IS1a650c3a9cb7ff6e64c91,-1,-1
17139,numbnuttz,-1,-1
17140,IS1d58cfa74922e2fe228b7,-1,-1
17141,IS1fead9eac3fe8eca4e8f4,-1,-1
17142,IS1ac45a1e8b7a834578ac6,-1,-1
17143,VeryFaster,-1,-1
17144,Cochise,-1,-1
17145,Keilun,-1,-1
17146,Ilbwxq8w3u,-1,-1
17147,IS1824d47a6a00843416c45,-1,-1
17148,IS104eff25ce5e783135902,-1,-1
17149,IS11f3fe9352ea81623d826,-1,-1
17150,GlobalSilent,-1,-1
17151,BGPS2zcc6d,-1,-1
17152,IS1d24976a94ce7e5e10939,-1,-1
17153,frawd,-1,-1
17154,DRlFpwsfmO,-1,-1
17155,IS1b4c28b31fcbb15df5837,-1,-1
17156,IS1b3d37a0573e8a24c9e43,-1,-1
17157,Cosmo Kram3r,-1,-1
17158,IS13debd98f73111705738a,-1,-1
17159,IS13c1c474674751f941082,-1,-1
17160,IS114a0e66d79946b28219a,-1,-1
17161,Yoofy,-1,-1
17162,hTZwBckSMd,-1,-1
17163,Poosailao,-1,-1
17164,Jyaki,-1,-1
17165,dieinafire,-1,-1
17166,IS1a608f6216314a9df63a2,-1,-1
17167,Walo,-1,-1
17168,IS167d7d2548e964e799496,-1,-1
17169,IS1a8a32ac5a3b5161ee19c,-1,-1
17170,Ariavel,-1,-1
17171,TXP4hOKzOY,-1,-1
17172,IS18de752dfb41cfa835a37,-1,-1
17173,IS14eb6110ada4a0ac56917,-1,-1
17174,AsoSako,-1,-1
17175,Bookston,-1,-1
17176,IS1cda9030b6b0990efc033,-1,-1
17177,IS1d71886c6124f0013c92e,-1,-1
17178,j00tzilla,-1,-1
17179,Haoushoku,-1,-1
17180,IS11c4ec1c8efe173a94845,-1,-1
17181,Pablomagno,-1,-1
17182,pC1WD7zfzU,-1,-1
17183,snafs,-1,-1
17184,a5YRYjjBZr,-1,-1
17185,RaskVann,-1,-1
17186,IS1bf78748d4d51529610b8,-1,-1
17187,IS1e983c9a4bb1f5ed640cc,-1,-1
17188,IS161b2e49b1ee625cf4d03,-1,-1
17189,HeAt,-1,-1
17190,IS1731eea182845891e6cc8,-1,-1
17191,Gothic Plague,-1,-1
17192,IS13358420d88a9c6d37b91,-1,-1
17193,IS1a09230853dbe6f581c27,-1,-1
17194,IS13d2eeb657069071b2f9b,-1,-1
17195,Psudo,-1,-1
17196,IS12ec3499f265928cac1d8,-1,-1
17197,IS1494b6a2be4dbd1dcdf32,-1,-1
17198,IS1906c2145acc6840b29ff,-1,-1
17199,FapGalore,-1,-1
17200,ouchiesss,-1,-1
17201,airken,-1,-1
17202,IS1b399dfd0b62606f39d9b,-1,-1
17203,One Trick Mummy,-1,-1
17204,Luminez,-1,-1
17205,IS103ae3c50e49f013d47f6,-1,-1
17206,SpaceCowboy,-1,-1
17207,IS1ec1acf2b370c56e8baf4,-1,-1
17208,Moriaco,-1,-1
17209,IS120312a876e0bfbe95abb,-1,-1
17210,IS14a814f80a12e703d7c34,-1,-1
17211,Pawner,-1,-1
17212,Marchinsonn,-1,-1
17213,IS1aaa73c357600ce574db8,-1,-1
17214,Zyleeh,-1,-1
17215,IS1a657230cf930de854408,-1,-1
17216,IS1b8a8d15bdd480f1c4c3f,-1,-1
17217,QinsQogzdJ,-1,-1
17218,2ylJCaNhaa,-1,-1
17219,IS1f2e244298402feaf16e8,-1,-1
17220,IS1665946b0a88c7632e311,-1,-1
17221,IS140ae2aa2a88ae96a4a79,-1,-1
17222,IS1a3f5fa249828e8f1548a,-1,-1
17223,Cider,-1,-1
17224,IS1a58984bf0a2e32807381,-1,-1
17225,IS1803bffef3f83439ba2b4,-1,-1
17226,IS129a450fccda70056e127,-1,-1
17227,IS132b441c0cc1d87caa76d,-1,-1
17228,gathmoon,-1,-1
17229,IS1b2070f93b815e5e11b6d,-1,-1
17230,IS1db3aa1d9f76b2c893882,-1,-1
17231,25Caj9sSPt,-1,-1
17232,Nevreen,-1,-1
17233,IS1cce9d88b388edddb35ef,-1,-1
17234,Gannon,-1,-1
17235,cloudyak,-1,-1
17236,IS1ba5843915685a2a1f90d,-1,-1
17237,Mithris,-1,-1
17238,Jaira,-1,-1
17239,darksmurf,-1,-1
17240,Trashcan,-1,-1
17241,IS13f92ef26e1a311998f5d,-1,-1
17242,IS1c5c3ac2a3bb118a09b2f,-1,-1
17243,qV4nzsRCSU,-1,-1
17244,IS116d5b48392f1862c3089,-1,-1
17245,IS142c839cdf4cf7311beea,-1,-1
17246,AlexeiX,-1,-1
17247,Dranoan,-1,-1
17248,Akagis,-1,-1
17249,IS1bacb0c9bfc0481364d1a,-1,-1
17250,IS1b11b3ec4ef5c4e6abfe6,-1,-1
17251,Jw9qG992BD,-1,-1
17252,IS1f28ce17175d1c3907cfc,-1,-1
17253,itakenocrud,-1,-1
17254,IS189708e786b75b0b61748,-1,-1
17255,Pop n Freshh,-1,-1
17256,IS1b9d5674ef9ab826d7979,-1,-1
17257,IS1a4ace2863798fece05ac,-1,-1
17258,RaTukt,-1,-1
17259,IS19df5a41b67e8365203f5,-1,-1
17260,Vincent4,-1,-1
17261,IS100e65dea6b55d0c8e158,-1,-1
17262,temp234973,-1,-1
17263,IS1965f300247b4b43a879b,-1,-1
17264,GarbageCollect,-1,-1
17265,Motortiki,-1,-1
17266,5ojEFBz4cZ,-1,-1
17267,IS195d016f91d90ea301bcc,-1,-1
17268,IS17c69d67c273af438f3a9,-1,-1
17269,MayorMcCheese,-1,-1
17270,Whompinator,-1,-1
17271,Kasshern,-1,-1
17272,Antepenultimate,-1,-1
17273,IS1168cca96db47d865cd89,-1,-1
17274,KSnOwnage,-1,-1
17275,c8egilmnp,-1,-1
17276,IS1c6357b9d89d6bdc1f2af,-1,-1
17277,SarcasmAppreciated,-1,-1
17278,IS10bc3d4e5b0ed68639eee,-1,-1
17279,IS1f70a6361d0492957b9cc,-1,-1
17280,IS13c1cd1beae2582203b54,-1,-1
17281,Falonar,-1,-1
17282,IS15eb9cdd687fb6303a2f0,-1,-1
17283,Imortalis,-1,-1
17284,talk2tc,-1,-1
17285,Dayvik,-1,-1
17286,MiekeyB,-1,-1
17287,prezb11,-1,-1
17288,IS196ce3f642aa3a332e792,-1,-1
17289,WildeHindu,-1,-1
17290,Kale,-1,-1
17291,Meek,-1,-1
17292,LAN0iD,-1,-1
17293,Fastlikecheetah,-1,-1
17294,IS16ac6197ba7f4018bf006,-1,-1
17295,IS144bc655dcb4c69f5a3c2,-1,-1
17296,Bofirial,-1,-1
17297,DrJones,-1,-1
17298,IS1899ff7f25d00077c3fff,-1,-1
17299,Bustamove,-1,-1
17300,BlinkBlink9,-1,-1
17301,IS162dec75e006a97770e6c,-1,-1
17302,IS15f3720d5943351717fa3,-1,-1
17303,IS1a28a756d3f8cf4e2a537,-1,-1
17304,IS1d551ca832b9b6800749c,-1,-1
17305,IS15fc1add054b412a87714,-1,-1
17306,Shinaka,-1,-1
17307,IS1b902f8053efa57918bd3,-1,-1
17308,IS180f23b75af20495b8d50,-1,-1
17309,IS1e276f2b422475d8fa5be,-1,-1
17310,IS1f51ceee399e5dea42598,-1,-1
17311,IS16dcf2b05982bdccb484b,-1,-1
17312,IS14cbbae8858760e4a22fa,-1,-1
17313,KITT1,-1,-1
17314,Notchy,-1,-1
17315,IS1d30a1b0f358ab79cf115,-1,-1
17316,IS18793048bde740a3c9e60,-1,-1
17317,IS13aacdd59dd74587bc0b2,-1,-1
17318,IS165f551a8ceee258c8e5e,-1,-1
17319,IS1a8fdfcfafa0f545139e0,-1,-1
17320,cZZi02pshl,-1,-1
17321,Lumadar,-1,-1
17322,IS15fbd2889b907e203aa32,-1,-1
17323,IS13a2b6e9944368512bb9b,-1,-1
17324,xox pink n sparkly xox,-1,-1
17325,IS16088e57821bdb90f77f2,-1,-1
17326,IS14f84410705a41b7d90ea,-1,-1
17327,bxguru,-1,-1
17328,Scoop Em Up,-1,-1
17329,Fausterion,-1,-1
17330,BaoYun,-1,-1
17331,IS174ddee376b6eb425975a,-1,-1
17332,Tekmech,-1,-1
17333,IS1b6c14b4420f557b60608,-1,-1
17334,IS10313aa636ba29c1b1fa9,-1,-1
17335,Chile Picante,-1,-1
17336,IS1268e3182123407fda545,-1,-1
17337,IS156847a6b36e85cccfd71,-1,-1
17338,IS19bcf67db4c5172c27f96,-1,-1
17339,dreamenddischarger,-1,-1
17340,IS15dfe7da45330e57d3f61,-1,-1
17341,dcm619,-1,-1
17342,IS196f03c9037d67fabd286,-1,-1
17343,5ftAccelerator,-1,-1
17344,IS1e4617cc72ab9cf456380,-1,-1
17345,IS108703db9f7f66fcaf8c3,-1,-1
17346,IS1b6ae4fca0c05c154e3a7,-1,-1
17347,TrickEDevil,-1,-1
17348,IS11f698bfb59b54d5e6369,-1,-1
17349,IS15ee27b72deef7972375a,-1,-1
17350,IS102d562821460d7d4c72b,-1,-1
17351,SchmittySchmitt,-1,-1
17352,IS1bb4d17a04dbd34b10751,-1,-1
17353,IS1c14063391edd38df9910,-1,-1
17354,IS18d931e34e03e032f4e72,-1,-1
17355,WeedelyWaaa,-1,-1
17356,TrundIeTheGreat,-1,-1
17357,IS1953787e65276dfa65404,-1,-1
17358,IS1e70f9263a9975441c473,-1,-1
17359,IS1a15664ad3c3cfb4d9453,-1,-1
17360,Scave,-1,-1
17361,IS1e49ace5a5dcef6c784eb,-1,-1
17362,BITB Sanae,-1,-1
17363,IS143f34ea23a2b279c4992,-1,-1
17364,IS1d46ce18affae5e455c82,-1,-1
17365,Theocide,-1,-1
17366,IS14e125d0f8efc144bc2c6,-1,-1
17367,Shemp,-1,-1
17368,IS1c0b03466667b67d58982,-1,-1
17369,jam643d,-1,-1
17370,Noxitrious,-1,-1
17371,JacePro,-1,-1
17372,DiabloHimself,-1,-1
17373,bristay,-1,-1
17374,IS13612473b9ddfc6d5fd22,-1,-1
17375,Calamaity Crash,-1,-1
17376,IS142a9caa07a07aea0ccac,-1,-1
17377,IS185fc7fcc0012344e6c36,-1,-1
17378,Glockwaffle,-1,-1
17379,MaximumTacolord,-1,-1
17380,CEWHynG2Nr,-1,-1
17381,TatsuyaSuou,-1,-1
17382,Doomrazer,-1,-1
17383,IS1e556331c1407a7491c7d,-1,-1
17384,IS12fbc3cc87331f5bf56cd,-1,-1
17385,IS17263a88f27075bd6eb49,-1,-1
17386,IS1f75e46fec31a10de2c0e,-1,-1
17387,TheBunnySlayer,-1,-1
17388,13alls0f5teelzz,-1,-1
17389,IS103cd7debf20548fc6888,-1,-1
17390,Baluu,-1,-1
17391,IS1e563a23341c8a0707de6,-1,-1
17392,Mack10K,-1,-1
17393,koopakoom,-1,-1
17394,Feweo,-1,-1
17395,acc3ss,-1,-1
17396,blindedguardian,-1,-1
17397,IS1d67ff2e38e5952abfd25,-1,-1
17398,IS1de553a95e394d0045909,-1,-1
17399,Ceramic Panda,-1,-1
17400,IS14dc2c99d0850ee16c13a,-1,-1
17401,HgPnwdmWEg,-1,-1
17402,fundamental,-1,-1
17403,IS1a87ac6a94277e841b7f4,-1,-1
17404,IS13dca13d0ceaf3d614ea0,-1,-1
17405,MrSexyAZN,-1,-1
17406,Vaalon,-1,-1
17407,Vanrin,-1,-1
17408,IS130504cb0ddcb4f756763,-1,-1
17409,BoUnCe,-1,-1
17410,IS1f6e4a44073eb22ee2edb,-1,-1
17411,Greo,-1,-1
17412,MPod,-1,-1
17413,Jocker,-1,-1
17414,Shalidar,-1,-1
17415,kurpi,-1,-1
17416,Ultima Spaz,-1,-1
17417,Piett,-1,-1
17418,IS1d1ec3465c9728f7d7d2e,-1,-1
17419,Taco Panther,-1,-1
17420,IS119969ccab0080ddd8e2f,-1,-1
17421,IS1498dac2fbcf27de46d34,-1,-1
17422,Killer4Ramenz,-1,-1
17423,Nickeyblaze,-1,-1
17424,Zifna,-1,-1
17425,MrBlimpY,-1,-1
17426,IS1f77dbb5a098e014fad40,-1,-1
17427,IS1ba2f4d521940e45d0be4,-1,-1
17428,skittle,-1,-1
17429,IS1c908c23e1cd87286e254,-1,-1
17430,IS15c5d64f2ccb8f73cea5c,-1,-1
17431,FrosZ,-1,-1
17432,dxeCQ7UsTd,-1,-1
17433,roisy,-1,-1
17434,tr4656,-1,-1
17435,DekuDeku,-1,-1
17436,TNVOSPSiBF,-1,-1
17437,IS1465d1234e70714324850,-1,-1
17438,Hoopla,-1,-1
17439,IS17170ecc38a7487295dbb,-1,-1
17440,IS19dafafb2761be5c197c5,-1,-1
17441,MrCygnus,-1,-1
17442,IS13d047c16ede5947fc64d,-1,-1
17443,LejNHks0EO,-1,-1
17444,Saka,-1,-1
17445,IS1ed10b82e6e9b33321897,-1,-1
17446,dbpwnz,-1,-1
17447,IS12307f9cd2ebad8fa114e,-1,-1
17448,IS164491c3b1334c99b25c8,-1,-1
17449,Hassenfeffer,-1,-1
17450,ChewieMelodies,-1,-1
17451,IS1f5777d146d9e0c4ceaaf,-1,-1
17452,IS1e41d825d24714e851659,-1,-1
17453,IS18f52e2d6ee2304db7e95,-1,-1
17454,IS1140427edc0c41e139782,-1,-1
17455,Furlong,-1,-1
17456,IS1a87cccbaebd83ea6ace9,-1,-1
17457,GXYVDPWM1,-1,-1
17458,IS15bc75de09475aed5b3f1,-1,-1
17459,IS1e7aad4f3b6e9f1d9779b,-1,-1
17460,Akinos,-1,-1
17461,w awd aw dwa,-1,-1
17462,GreenSlap,-1,-1
17463,IS1e327a17ccc47cc5c6992,-1,-1
17464,IS173058fd3b2d33a1e5386,-1,-1
17465,Petrolmancer,-1,-1
17466,zArd nWb,-1,-1
17467,IS164c1e143182f37301063,-1,-1
17468,IS168225a105a7cd7f20ec4,-1,-1
17469,ChoppazAndDakka,-1,-1
17470,IS113813aa08719769281ac,-1,-1
17471,IS1db1ce8e65aec173d16e3,-1,-1
17472,Xiatsu,-1,-1
17473,Doomkin,-1,-1
17474,IS19ecb85897611e758433b,-1,-1
17475,IS1d13e837cb8fc849f759d,-1,-1
17476,IS109c75581fb49f3e2cef2,-1,-1
17477,zq0Vn13fIj,-1,-1
17478,RustedApple,-1,-1
17479,IS171b7d75743a2b78b2afe,-1,-1
17480,IS1e920f258fe42b153b199,-1,-1
17481,IS10d124d68dd77901923d6,-1,-1
17482,jongmyuy,-1,-1
17483,SheiN,-1,-1
17484,tjack84,-1,-1
17485,IS1d470f0d9931c4fc7b901,-1,-1
17486,Nakir,-1,-1
17487,IS133e1ece69f1a335c807e,-1,-1
17488,IS1a7f5a5a062d02d85e0ce,-1,-1
17489,IS15d172f55b6f38a40b094,-1,-1
17490,6a5fZdROQZ,-1,-1
17491,IS1cb59818f341fefa94618,-1,-1
17492,lkasoijwe4,-1,-1
17493,IS15ea91e2eb7edf64282a7,-1,-1
17494,IS1d1b82d0efd85a089c499,-1,-1
17495,RandomClown,-1,-1
17496,j3Ai5raiNv,-1,-1
17497,HansPeadot,-1,-1
17498,iFapp,-1,-1
17499,Chac Mol,-1,-1
17500,IS1547c17119dda7d6c057a,-1,-1
17501,IS18c50370b1e15a0157af9,-1,-1
17502,IS15f21481fdc2a07f23129,-1,-1
17503,Bolsjevikjavel,-1,-1
17504,TimTimmyTimothy,-1,-1
17505,IS13242920fc5dbf5e5c6a5,-1,-1
17506,IS1a97f8d4ed5f0408fa838,-1,-1
17507,IS162569752334234a29b50,-1,-1
17508,Inyxia,-1,-1
17509,IS15258e7febd6b52502418,-1,-1
17510,IS1a0632931c06769692cc4,-1,-1
17511,IS1aa5ec44b75d31af69a2a,-1,-1
17512,5fOwTQYdO8,-1,-1
17513,IS1ddf9ae4006a0f03085e0,-1,-1
17514,IS1b1311163fef609949f9c,-1,-1
17515,IS135821c0884d990c62b77,-1,-1
17516,POndash,-1,-1
17517,IS1dcce24ca218b017a5503,-1,-1
17518,HPgahgul17,-1,-1
17519,uWXecR27Fv,-1,-1
17520,MetalicSand,-1,-1
17521,varnn,-1,-1
17522,prezb,-1,-1
17523,IS1e986e2030fc03d2df126,-1,-1
17524,IS1af83f27709d87ab7ab43,-1,-1
17525,IS18aa1e3753650104db82d,-1,-1
17526,IS17063ff3fa8d3bdf661e1,-1,-1
17527,IS1bf1de8ab6530a5f3b287,-1,-1
17528,IS10f29336ab9d0f2af9a10,-1,-1
17529,IS1dc8c3e6126a0b7734d3c,-1,-1
17530,2Moist,-1,-1
17531,Kid Freljord,-1,-1
17532,IS1da7c29b1d761cc3f753d,-1,-1
17533,Orangelight,-1,-1
17534,dptnbi4Az3,-1,-1
17535,Sama,-1,-1
17536,IS1e48104fc44a7838db7f7,-1,-1
17537,IS109a59f214f25e80697d1,-1,-1
17538,IS1494a66a0d5eca39f5418,-1,-1
17539,IS1de4629b8d0887e498195,-1,-1
17540,IS159ce0691aa834cb6e286,-1,-1
17541,imthenightelf,-1,-1
17542,Kanehoku,-1,-1
17543,IS1b3cc423ed91808e53a1d,-1,-1
17544,IS16eafd496d0d0cc424ced,-1,-1
17545,Deviende,-1,-1
17546,Vinh Deezy,-1,-1
17547,Irey,-1,-1
17548,IS18a3fa347ff7db92fa478,-1,-1
17549,IS124d74e62fd51b81a7140,-1,-1
17550,Typhoon52,-1,-1
17551,IS16ee3709a537622dc4f90,-1,-1
17552,Arithmancer,-1,-1
17553,shadowscion,-1,-1
17554,Spoondrift,-1,-1
17555,TheJLogg,-1,-1
17556,IS177a2c309b3ee992a07c5,-1,-1
17557,King Blake,-1,-1
17558,IS127ad7e67675b4f411d2e,-1,-1
17559,hkjok,-1,-1
17560,SilverZ,-1,-1
17561,IS189e7c488a956e7a3676c,-1,-1
17562,Redlion21,-1,-1
17563,IS16ab439fbd2b78f691ba5,-1,-1
17564,sjEBHEO6yp,-1,-1
17565,IS12e23bbed83d67f50e983,-1,-1
17566,IS1d05362e3b602d69775c0,-1,-1
17567,Kuchler,-1,-1
17568,Ovarian Cancer,-1,-1
17569,Homebrewbeer,-1,-1
17570,IS17ef04a5994b82d076bbb,-1,-1
17571,Do Me On It,-1,-1
17572,BestBruceWayneNA,-1,-1
17573,IS19aac19a4ffa80e7ea86d,-1,-1
17574,IS14553b443c5007ad11851,-1,-1
17575,Snowgod,-1,-1
17576,manquail,-1,-1
17577,IS133ba56700de13ae53f36,-1,-1
17578,TheJiveMachine,-1,-1
17579,IS14a2f85c22416c3d3ab36,-1,-1
17580,IS1dd825e7f26a9b6725b25,-1,-1
17581,IS161103e4afdc188914b02,-1,-1
17582,Crovizzle,-1,-1
17583,greenbat,-1,-1
17584,IS151bd2f9ca025f8bb15e0,-1,-1
17585,RKeEdgQVsI,-1,-1
17586,Ali Star Boy,-1,-1
17587,priestmunti,-1,-1
17588,adytm,-1,-1
17589,IS151fff467ff439bbce62e,-1,-1
17590,IS1a1bd232cd88b972438cd,-1,-1
17591,IS18b64a747a2c211da7d83,-1,-1
17592,IS150c0b3f19020048c427b,-1,-1
17593,IS196ee17ddab3dbbc851f5,-1,-1
17594,GMagna,-1,-1
17595,Mandance,-1,-1
17596,RiegelHS,-1,-1
17597,KvZONb0ifo,-1,-1
17598,tu likes waffles,-1,-1
17599,IS1122e67bd777f85f5bfb9,-1,-1
17600,Th3Walrus,-1,-1
17601,NeoRussia,-1,-1
17602,IS1e7623302182c4b4d238f,-1,-1
17603,IS19e733dde6f48e63559cc,-1,-1
17604,IS119c466dee8cb5bc8eb35,-1,-1
17605,IS15c90358cfe8ffee27108,-1,-1
17606,IS1a738569e0908bd7c9656,-1,-1
17607,junyung,-1,-1
17608,Umpi,-1,-1
17609,IS134e93338612d2fcf1ad1,-1,-1
17610,IS1136352134db6652cd034,-1,-1
17611,Grahil,-1,-1
17612,ZODAJHXC1,-1,-1
17613,IS179d52092d5e64fe06f5f,-1,-1
17614,Project Kove,-1,-1
17615,kangming,-1,-1
17616,Rodolphe,-1,-1
17617,Clumzyagent,-1,-1
17618,IS14383c62c98c3ba3e6613,-1,-1
17619,Ness,-1,-1
17620,IS14c1c4a37f46e2ed359fb,-1,-1
17621,IS17b9ad97ebe248806ca70,-1,-1
17622,IS125a7be239b84a9f879d2,-1,-1
17623,IS1bde61cf176ee9e7aecfd,-1,-1
17624,IS136f24bfa8d33ddb87211,-1,-1
17625,IS1ece8ff21b15d1fbe3db3,-1,-1
17626,IS1de6c7ad0bafd578e5f09,-1,-1
17627,IS192b1eb18308677a59ca2,-1,-1
17628,Borkedup,-1,-1
17629,TypicalGamerGuy,-1,-1
17630,Mistressmo,-1,-1
17631,Robstraws,-1,-1
17632,ZangPlank,-1,-1
17633,IS18fc85af0f246352112f7,-1,-1
17634,IS19f66f3fb3416a1995762,-1,-1
17635,IS1483b423d3c591d9972a1,-1,-1
17636,Quackattack,-1,-1
17637,IS1eacaf9fd8748b7fa0698,-1,-1
17638,Zealot6,-1,-1
17639,Atimus,-1,-1
17640,Fakehero,-1,-1
17641,IS13f6e84c19a3a58492b9f,-1,-1
17642,IS13e15bee9713c94b8a6c4,-1,-1
17643,Mayor Th3,-1,-1
17644,Andromalius,-1,-1
17645,Oxrock,-1,-1
17646,IS11701f94d9a90f02adde5,-1,-1
17647,IS180a3c78b0fd949d869af,-1,-1
17648,DO8YzZVygG,-1,-1
17649,IS11c9e0c94d6a3b21398de,-1,-1
17650,IS1d69bcd203d089cbdfc0b,-1,-1
17651,MrZergling,-1,-1
17652,vern103,-1,-1
17653,IS1bbc378503bdb4ca43c27,-1,-1
17654,IS198558e316e76dc5d8c7b,-1,-1
17655,IS1addb7d2d99c79ef76ff3,-1,-1
17656,Neoj1n,-1,-1
17657,IS1502997ce42c9dc82ece2,-1,-1
17658,IS13358084548f3bbd9fdbc,-1,-1
17659,IS1a7635eabf84b086f65fe,-1,-1
17660,IS14af84aa87dd5a4015765,-1,-1
17661,IS1cd27595dfd36bc9db335,-1,-1
17662,Vict,-1,-1
17663,Haizenburg,-1,-1
17664,IS115654200fc3faa058283,-1,-1
17665,TreyB531,-1,-1
17666,IS1f8bed4eeffa52b3ab454,-1,-1
17667,Ustil,-1,-1
17668,Ross08,-1,-1
17669,goosefeathers,-1,-1
17670,IS1a265eb2fd8b9fd067b05,-1,-1
17671,IS16789d1a7658ac27895d1,-1,-1
17672,IS17c648db03e7caca038de,-1,-1
17673,Turtle,-1,-1
17674,IS11ca6b7f292ae1dcf5ec8,-1,-1
17675,Lordavernus,-1,-1
17676,slxlingrush,-1,-1
17677,bboykloud,-1,-1
17678,Padr3 P3d0fil0,-1,-1
17679,EviLore,-1,-1
17680,IS13b882a9ed872a2985dff,-1,-1
17681,IS1508b8829bbecff61f297,-1,-1
17682,DrSmitty,-1,-1
17683,IS12d7e5f0804dcb8b2cd01,-1,-1
17684,Bosstone,-1,-1
17685,Chickentac,-1,-1
17686,IS1e4f4b74a738aef045c30,-1,-1
17687,FinalLast,-1,-1
17688,IS1bc1bb4a396eeef74ca6b,-1,-1
17689,8CotpR3Euh,-1,-1
17690,im geno,-1,-1
17691,robbiesla,-1,-1
17692,Argowin,-1,-1
17693,Lord Ganon,-1,-1
17694,Sonnygeeoku,-1,-1
17695,soulstealer,-1,-1
17696,IS1e569d7ad3d9ee104a1f7,-1,-1
17697,IS1df36bcdc87d53627da29,-1,-1
17698,Nemo,-1,-1
17699,IS1503ae378006c95daa368,-1,-1
17700,Jarend,-1,-1
17701,ITSMI,-1,-1
17702,Nachoo,-1,-1
17703,groundzero,-1,-1
17704,Heartfang,-1,-1
17705,IS1eda7e4adba492c474276,-1,-1
17706,Gettoffme,-1,-1
17707,algnc,-1,-1
17708,IS195e450b880721a3193fc,-1,-1
17709,adrenalyne,-1,-1
17710,Zomek,-1,-1
17711,BillJRJ,-1,-1
17712,buckbomb56,-1,-1
17713,IS14d57f3af6c3bd1368f5e,-1,-1
17714,astronomy,-1,-1
17715,IS15edf3b57ed84b1cfb226,-1,-1
17716,IS1d3bb49edeb9c7a006747,-1,-1
17717,IS1db1c8a7d22b780699fc6,-1,-1
17718,Mauve Thunder Sr,-1,-1
17719,B0rMFhEnx6,-1,-1
17720,Squall L3onhart,-1,-1
17721,snipes,-1,-1
17722,Davisourus,-1,-1
17723,IS1f9413fcab709c6557919,-1,-1
17724,Jake Teal,-1,-1
17725,Nuada Darkhaven,-1,-1
17726,Teirce,-1,-1
17727,gamefreaq,-1,-1
17728,Fezzick,-1,-1
17729,Nakob,-1,-1
17730,Adambomb0,-1,-1
17731,IS1a88a9df3f14dcde95197,-1,-1
17732,IS119d44eab37da12fd1191,-1,-1
17733,LordWalmart,-1,-1
17734,Fantazindy,-1,-1
17735,IS1a576fbf6738854a84a28,-1,-1
17736,IS13d80bfd440a3df5ec395,-1,-1
17737,LteL7vNkD4,-1,-1
17738,3v3bgh,-1,-1
17739,R B,-1,-1
17740,Blind Renderer,-1,-1
17741,IS1574be8397ba850907214,-1,-1
17742,jteam,-1,-1
17743,IS12a76b54dc91c36852ca8,-1,-1
17744,UpDownLeftRightAB,-1,-1
17745,IS1d39373d095ac1e4aab4d,-1,-1
17746,LtKillroy,-1,-1
17747,eJlMIh8Jrz,-1,-1
17748,Maakulol,-1,-1
17749,CriminalDisplay,-1,-1
17750,dfs4df4s5,-1,-1
17751,IS159d4240b47d6746276d7,-1,-1
17752,Tossing,-1,-1
17753,IS14a5cb35bdfbe8fc8088e,-1,-1
17754,Afterdream,-1,-1
17755,jimb0b,-1,-1
17756,IS1361b0a44f57766d15691,-1,-1
17757,Laharel,-1,-1
17758,IS14d51c6def3c960da9a6e,-1,-1
17759,IS1e98a0b01b8364b4bc0af,-1,-1
17760,IS1716f839a622ab65bdf3d,-1,-1
17761,Yoksua,-1,-1
17762,Reconsul,-1,-1
17763,IS1c8601f0e6c0abc389120,-1,-1
17764,IS19e9747d1a54269afafbd,-1,-1
17765,Kingmarley,-1,-1
17766,Blainerz,-1,-1
17767,IS1d083d28c75d74b00518e,-1,-1
17768,IS1ed0de061d2e53a686f1e,-1,-1
17769,AlXSpm8b4y,-1,-1
17770,Blytzkrieg,-1,-1
17771,IS1052170218c0924b51953,-1,-1
17772,ReginaId,-1,-1
17773,IS1d2b807a3e4a6522e8632,-1,-1
17774,IS1c5473157d214fd1dd3e8,-1,-1
17775,Dogan,-1,-1
17776,IS1699ac0cdb94f96acc739,-1,-1
17777,IS13ec1b2afb5057c2d34e8,-1,-1
17778,Orghan,-1,-1
17779,ibdoomed,-1,-1
17780,XoD9Zr0HYO,-1,-1
17781,IS1b5a61dd3c44576b7548a,-1,-1
17782,REblYS1jpa,-1,-1
17783,IS13c6011d5e88834a5ef45,-1,-1
17784,IS133cbd77efc4468d50093,-1,-1
17785,digital devil,-1,-1
17786,OLiHFLx1t3,-1,-1
17787,IS13c24e93850db2f58b88e,-1,-1
17788,IS1ad12a80d06b6218932d8,-1,-1
17789,IS1e02ace550506a9a936de,-1,-1
17790,IS19941a2ae1b1afe343442,-1,-1
17791,DrPurple,-1,-1
17792,CanadasAMyth,-1,-1
17793,Claous,-1,-1
17794,IS1c430849e99573d3f3176,-1,-1
17795,Kennasty,-1,-1
17796,Bssrrersy,-1,-1
17797,7uo76Uflhd,-1,-1
17798,Luvs2spooge1010,-1,-1
17799,UPuxLkZuJO,-1,-1
17800,tyraid,-1,-1
17801,auekard,-1,-1
17802,bFFsQwp7xi,-1,-1
17803,Ruskell,-1,-1
17804,PuZzleS,-1,-1
17805,WhiteSkyRising,-1,-1
17806,mazE187,-1,-1
17807,revek gracie,-1,-1
17808,IS1481f5b01d11a3c574536,-1,-1
17809,Prokalo,-1,-1
17810,Skugmonkey,-1,-1
17811,Skynet,-1,-1
17812,IS12017ee2e734f9387f00e,-1,-1
17813,IS175f539a2d44326694b59,-1,-1
17814,Kittie,-1,-1
17815,Cjchaney,-1,-1
17816,IS16ce27ba1197cb765ee0b,-1,-1
17817,Toast5,-1,-1
17818,Sydney Barringer,-1,-1
17819,Vehementi,-1,-1
17820,xHxvd6v4Ru,-1,-1
17821,IS1b8a16f111e4f943bfe24,-1,-1
17822,IS1b447c35ad12a15fa0260,-1,-1
17823,IS1dff44afa2b1ea71c2c2c,-1,-1
17824,IS15448f4506cfc75009042,-1,-1
17825,IS1f6b2f2a4c16eebfac314,-1,-1
17826,Mungaloid,-1,-1
17827,Mebers33,-1,-1
17828,IS13d400a96043e9ef92461,-1,-1
17829,Oppossuma,-1,-1
17830,IS113ad42e20407ffe4d95d,-1,-1
17831,Running Naked Fat Man,-1,-1
17832,Thyslayer,-1,-1
17833,DragoonsRule,-1,-1
17834,IS1cb2c1628b455dc494b2a,-1,-1
17835,Shadow9510,-1,-1
17836,IS154a3adc2dcbacd64fffc,-1,-1
17837,KingEngine,-1,-1
17838,IS1184a192e1ce38940c5d5,-1,-1
17839,IS1ebc190acca290a8a6540,-1,-1
17840,BubbleBlister,-1,-1
17841,Airoheadkill,-1,-1
17842,VoLdEmOrTxXx,-1,-1
17843,IS1d0f89ac7f1ed43e85f7d,-1,-1
17844,theanimeguy101,-1,-1
17845,IS16812fee92973a43ce0db,-1,-1
17846,OPTIMUS MAXIMUS,-1,-1
17847,TheOldRap4Around,-1,-1
17848,IS124dadbb2f1565c87152f,-1,-1
17849,IS119723b959bbe4edc1104,-1,-1
17850,blarshk,-1,-1
17851,seanflyon,-1,-1
17852,IS165473150ed398d7ebeb8,-1,-1
17853,IS1e2141b4318825669d5a6,-1,-1
17854,IS15b2aa55fe8157c6e5616,-1,-1
17855,IS14e979a44eebcc5adbe1c,-1,-1
17856,IS1518cfedf1a364db02793,-1,-1
17857,Artreas,-1,-1
17858,IS1679009e0e7bfd122b7a9,-1,-1
17859,spyderguydude20,-1,-1
17860,IS1cb74a48e2a0a871be965,-1,-1
17861,PkBbiNnfSF,-1,-1
17862,Deki Stargazer,-1,-1
17863,IS18c93e4e6cf6fda6e09bd,-1,-1
17864,Ztorm,-1,-1
17865,Talek,-1,-1
17866,W4rPig,-1,-1
17867,IS1cd7eb07ad0545701dd16,-1,-1
17868,IS1381d236bd78ab83b84bb,-1,-1
17869,CaoMan,-1,-1
17870,Sìlver Kayle,-1,-1
17871,Buu Bearie,-1,-1
17872,IS1b1491c3d800ff90a1aa1,-1,-1
17873,brandonspikes,-1,-1
17874,IS138b7cb15760cdbc48d0d,-1,-1
17875,rawrbitch,-1,-1
17876,waltz for jazz,-1,-1
17877,IS1f110ab13643eb4ea8536,-1,-1
17878,IS1374bd65a69362493b380,-1,-1
17879,messyhairs,-1,-1
17880,N30Bc1H2m0,-1,-1
17881,IS188d2785387da9dfbe4cf,-1,-1
17882,IS17a29ec859da931ad2f20,-1,-1
17883,BathedInOrange,-1,-1
17884,HWcIbD3RTy,-1,-1
17885,PleaseBe18,-1,-1
17886,monkeyman,-1,-1
17887,IS1560283efc7a6ee751f1b,-1,-1
17888,GMFunk,-1,-1
17889,tonful darkblood,-1,-1
17890,DiabolicalDesk,-1,-1
17891,penguinoo401,-1,-1
17892,kbob,-1,-1
17893,Stevo,-1,-1
17894,IS120227cbdf05cb52f0ae7,-1,-1
17895,weraw112,-1,-1
17896,Hamee,-1,-1
17897,IS1feeed59bece39216bfe9,-1,-1
17898,IS1483968a1af17af7dc0db,-1,-1
17899,Xray,-1,-1
17900,SleepingForest,-1,-1
17901,IS141451b6d20b9a83ed8ff,-1,-1
17902,o2jdppIc82,-1,-1
17903,Teldran,-1,-1
17904,IS1d20f8e089075ae8d976b,-1,-1
17905,Croshere,-1,-1
17906,IS1648886ff348c7a6bbff5,-1,-1
17907,Fixda,-1,-1
17908,Kelephon,-1,-1
17909,Durik,-1,-1
17910,I Wuv Baz,-1,-1
17911,IS1daa17fd50150943d1e06,-1,-1
17912,Daydreamer,-1,-1
17913,Flicto,-1,-1
17914,IS10c2dee067172f139bfe0,-1,-1
17915,IS1df6213e67688ce750090,-1,-1
17916,IS1ee749d068633ddb3535c,-1,-1
17917,IS1e862b36367b92a12104e,-1,-1
17918,IS13e68756adb17cfa9d730,-1,-1
17919,IS1aa71831711a6f05e4232,-1,-1
17920,IS17086faf95544d33a17e0,-1,-1
17921,IS1117f88b3cfd9d84be9c0,-1,-1
17922,IS1b54582fea4dc6ea7b352,-1,-1
17923,IS185c93740e70f493db646,-1,-1
17924,Zhari,-1,-1
17925,Chadwich,-1,-1
17926,IS1c9c11f3200477fb8cc76,-1,-1
17927,Reizin,-1,-1
17928,IS1d565c9976a40b7d3d1d5,-1,-1
17929,IS1a3a84878f270c096d142,-1,-1
17930,ellohem,-1,-1
17931,OwnYouGood,-1,-1
17932,IS181732f0f78c16cbf2b6f,-1,-1
17933,IS196520b55639dbb338345,-1,-1
17934,gimplar,-1,-1
17935,IS17775c9e22e45d0b4635b,-1,-1
17936,Nocturnal,-1,-1
17937,enx7,-1,-1
17938,IS1a79a39918063a1918e44,-1,-1
17939,Ainselie,-1,-1
17940,snugglypuff,-1,-1
17941,Nauret,-1,-1
17942,AniviaModeGG,-1,-1
17943,IS1b69098a5fa566a61b115,-1,-1
17944,IS1de9793e89b7209370c72,-1,-1
17945,whoreofthemedia,-1,-1
17946,IS14499c160ae22d8413116,-1,-1
17947,Airoheadwar,-1,-1
17948,hodge,-1,-1
17949,Jaunty Jackal,-1,-1
17950,Hypnorus,-1,-1
17951,Krakus,-1,-1
17952,Nyte1286,-1,-1
17953,Cross42,-1,-1
17954,Overwheat,-1,-1
17955,IS1aafaf2a70718e94220ac,-1,-1
17956,IS1f6fd9c9a5085f3a75fdd,-1,-1
17957,IS132661a4bb50f4b663bc5,-1,-1
17958,joebears,-1,-1
17959,IS1f8ee84759d0f12ec55fc,-1,-1
17960,IS16251cb0cf3a28f523cb3,-1,-1
17961,gg2u,-1,-1
17962,IS1609c0e4e1b06f2a0bb10,-1,-1
17963,Elayune,-1,-1
17964,IS1ce21172c78e960b3a1ef,-1,-1
17965,IS1b4378d1aa0077176dc3a,-1,-1
17966,Spinnertop,-1,-1
17967,Febronia,-1,-1
17968,Easy as ADC,-1,-1
17969,IS187138516981a77133f0d,-1,-1
17970,Robo,-1,-1
17971,Aranamie,-1,-1
17972,Djrek,-1,-1
17973,IS15152560ae73fb2264006,-1,-1
17974,IS1678ef849da47e7b5c359,-1,-1
17975,Ancient Iron,-1,-1
17976,Klade,-1,-1
17977,Elmon,-1,-1
17978,Remonce,-1,-1
17979,junt,-1,-1
17980,Critical Trickle,-1,-1
17981,IS1b41194729e55ee5cea46,-1,-1
17982,tonythetyga,-1,-1
17983,IS14473f2001f5ca6a1551e,-1,-1
17984,IS1f446d9ccc99322523f3c,-1,-1
17985,IS14a4d16edfebaf7728139,-1,-1
17986,IS1abd395cab03f83945d24,-1,-1
17987,IS1b607d48a0a1b0ae35c89,-1,-1
17988,q2v9FYh3dC,-1,-1
17989,IS18f9e0b33040ff252b481,-1,-1
17990,IS1e03fbb578ac132b6bf02,-1,-1
17991,Greasy Grandpa,-1,-1
17992,IS1c3941618a5f9055840d0,-1,-1
17993,Bbyong,-1,-1
17994,IS12f202bff043f7ae5c504,-1,-1
17995,IS1371787dd265c24d410d6,-1,-1
17996,IS152eeb1b5fe47ab64cf1d,-1,-1
17997,Wolfsaga,-1,-1
17998,Beckwin,-1,-1
17999,Mothscrotch74,-1,-1
