19000,xWOLFPACK,-1,-1
19001,IS1a191fdee5f8d26c3e50e,-1,-1
19002,Av3RAGE,-1,-1
19003,razR rated,-1,-1
19004,Dix For Harambe,-1,-1
19005,IS1ca0bd7748490013cc79b,-1,-1
19006,WolfehSlug,-1,-1
19007,Laila,-1,-1
19008,IS1c8f6a1700123174d614e,-1,-1
19009,SolarCurve,-1,-1
19010,ICritUrJox,-1,-1
19011,Earrath,-1,-1
19012,IS1352db22bfef0e693c2e3,-1,-1
19013,IS14dd932a5c44f282f9b4e,-1,-1
19014,IS1555f9723e2468c19fbe4,-1,-1
19015,UndyingRoar,-1,-1
19016,SlapsMcQuack,-1,-1
19017,IS10122a94f95b809910011,-1,-1
19018,IS12f5900dddd0d16974251,-1,-1
19019,IS1f3015061a7cc7362851c,-1,-1
19020,IS1b8d773d5651ed76c984e,-1,-1
19021,deadpenguins,-1,-1
19022,IS1109e1f24e56e728a5470,-1,-1
19023,Lintho,-1,-1
19024,STATICSISDAPETE,-1,-1
19025,Shagmojo,-1,-1
19026,meryndarkstx1130,-1,-1
19027,PandemicOutbreak,-1,-1
19028,IS14f66de0df4b76f288fe7,-1,-1
19029,TheClockworks,-1,-1
19030,extermineo,-1,-1
19031,Wismarv,-1,-1
19032,Derrios,-1,-1
19033,KrisKaBob,-1,-1
19034,IS12f55c9c37207e46a6415,-1,-1
19035,IS1ef4733b4f88fa19f403e,-1,-1
19036,IS1b23c836dcc7ce34a6a7a,-1,-1
19037,Goomiferous,-1,-1
19038,KEptVi22vj,-1,-1
19039,IS1ed0c3af66ea89567b0bb,-1,-1
19040,IS17efa03c4bbee3fb005b2,-1,-1
19041,IS1918ca2428789005950df,-1,-1
19042,Yatszu,-1,-1
19043,IS118bdc95426f85848c724,-1,-1
19044,IS1f7799ec4a0ad6999924f,-1,-1
19045,IS19c30d1a8a7735bc53b58,-1,-1
19046,Nhazgo,-1,-1
19047,IS172755a8961f03e3580f5,-1,-1
19048,IS1423547e6783add6d7428,-1,-1
19049,IS189b67aa6fb45092eded7,-1,-1
19050,IS1a7634ba35dd446297b7b,-1,-1
19051,sluPS0DbUh,-1,-1
19052,S4vage,-1,-1
19053,CleanHands,-1,-1
19054,miantank,-1,-1
19055,Heterodyne,-1,-1
19056,IS1c536919aef1b00f99915,-1,-1
19057,IS1120a7e12db5b2e51137f,-1,-1
19058,Xoga,-1,-1
19059,ganjabreed,-1,-1
19060,GoogleCardboard,-1,-1
19061,TheNeoMarx,-1,-1
19062,IS183836fe8c1acce9b850a,-1,-1
19063,Tenko,-1,-1
19064,CH0GATHEATW0RLD,-1,-1
19065,abovEskY,-1,-1
19066,IS1c962c1798fe420759807,-1,-1
19067,IS1abe6d0500d56675f41b2,-1,-1
19068,IS1cb06e3e556d22e8d106c,-1,-1
19069,IS1a6dfaac42989e3eed1af,-1,-1
19070,p4rtial,-1,-1
19071,Jakarutu,-1,-1
19072,Cactusgod,-1,-1
19073,Rohnz,-1,-1
19074,Merovinge,-1,-1
19075,IS1f4da55b2e668b73657c3,-1,-1
19076,IS116abccf0163b58ca0543,-1,-1
19077,IS1b8f3c8830c18b8f91ab2,-1,-1
19078,Dalazh,-1,-1
19079,KeitMacheen,-1,-1
19080,IS1d5ee8103c6a11716e9cc,-1,-1
19081,IS1c200647b67e58153a123,-1,-1
19082,DarkWeeble,-1,-1
19083,IS1e937d51a544fd23946a6,-1,-1
19084,IS18f780f842edeee360ddb,-1,-1
19085,IS1fbe397bc5ff44c46133a,-1,-1
19086,Alrio,-1,-1
19087,IS15260e33e1cfcfe37fbb9,-1,-1
19088,Serra Avatar,-1,-1
19089,MVPISME,-1,-1
19090,pseudojew,-1,-1
19091,Carbon,-1,-1
19092,IS10e3d4647dcf08a8b02e4,-1,-1
19093,IS1e9b65de232bcb8dd7e3d,-1,-1
19094,Selberfalke,-1,-1
19095,IS1529bbcd35b3c858e886e,-1,-1
19096,Slimmy,-1,-1
19097,HippieHooligan,-1,-1
19098,IS18dd65d8f7a68feffea54,-1,-1
19099,Pudg3,-1,-1
19100,ncdecay,-1,-1
19101,BumTownn,-1,-1
19102,GeneralGeorges,-1,-1
19103,IS17b39ba303f8d4c950e4a,-1,-1
19104,IS100b9ad87bd008cce0d88,-1,-1
19105,SuhhDudeee,-1,-1
19106,Patton0swalt,-1,-1
19107,IS1340334755089f89bdfeb,-1,-1
19108,Natureman,-1,-1
19109,IS10bd8710a48fef4997a7f,-1,-1
19110,IS14b9ea9b72eda813dce97,-1,-1
19111,IS121e1e222bfb0b2c357ad,-1,-1
19112,IS1076fdc00e649f2c82e1f,-1,-1
19113,Promey,-1,-1
19114,feardragon,-1,-1
19115,gamingonwheels14,-1,-1
19116,IS1176bc2c0c568e1a180fa,-1,-1
19117,IS1407f177ab479a607fdab,-1,-1
19118,IS115226bb56a2d79f3d62c,-1,-1
19119,IS1447e2baa42fbe4fe7918,-1,-1
19120,EzraLizama1,-1,-1
19121,NoLife 3v1nk4r,-1,-1
19122,IS1d44aaf6ddf8c90ae1503,-1,-1
19123,IS1fc7adac9c0a3d313b27d,-1,-1
19124,s4be,-1,-1
19125,IS17f8f19010e2d754e1cb0,-1,-1
19126,IS1157ac0e5e90d1330fe91,-1,-1
19127,IS121b14b970b16579cdf13,-1,-1
19128,Rave,-1,-1
19129,IS148b9d56ece385a6c1950,-1,-1
19130,IS1dc29cbe617ea59b74987,-1,-1
19131,IS113adb2a8164d3cdee573,-1,-1
19132,jdaY8JeMRN,-1,-1
19133,iSuck,-1,-1
19134,IS137a8f6b301a80570dff9,-1,-1
19135,KING RAMUS,-1,-1
19136,Sharp,-1,-1
19137,IS12470fa1ec3771c5fe370,-1,-1
19138,IS15dc9a9c462548446c082,-1,-1
19139,IS1684c9d269395bc3de672,-1,-1
19140,IS1cd16657b72b343cb9595,-1,-1
19141,IS1d9cb860b5969ed5da1db,-1,-1
19142,dowopbamboom,-1,-1
19143,Areiah,-1,-1
19144,fifthrapier,-1,-1
19145,IS1388ec544d70d8a949326,-1,-1
19146,IS154dc9edccb7a14ccbe68,-1,-1
19147,IS1c2fa75a83a3fbdb408d0,-1,-1
19148,IS17f31c4e15111964e161e,-1,-1
19149,IS15dc3b0dd01f757d440f9,-1,-1
19150,Original Baron,-1,-1
19151,Clibhopper,-1,-1
19152,IS1d8ffa69ad522c66b698e,-1,-1
19153,LordSquirlin,-1,-1
19154,dUZMXuiHlB,-1,-1
19155,IS1f2daa4be4172957c458c,-1,-1
19156,Ballcoozy,-1,-1
19157,IS1c7dab192f70ee782dc92,-1,-1
19158,Asycient,-1,-1
19159,IS17d0832b12537d1721618,-1,-1
19160,IS1de904b773669eff12e1d,-1,-1
19161,IS12e50254bd6e0dd993eba,-1,-1
19162,IS178635b00bf448a3dd76b,-1,-1
19163,IS1df155a47e39dcda9b72c,-1,-1
19164,IS154f238235f26ca070247,-1,-1
19165,g5pReOkgcw,-1,-1
19166,NwZs,-1,-1
19167,IS1240bffb403c5ac7f3ef1,-1,-1
19168,Philip Belmont,-1,-1
19169,luckytux,-1,-1
19170,tril12,-1,-1
19171,IS11ad1055432bd598e114e,-1,-1
19172,19172_DEL,-1,-1
19173,IS1021a5f5d682ce5f93ad6,-1,-1
19174,paIRNSXKbB,-1,-1
19175,IS113c2ecd3ec68b071c4a4,-1,-1
19176,waser,-1,-1
19177,Rockshay,-1,-1
19178,pirate0328,-1,-1
19179,wwm0nkey,-1,-1
19180,proxemics,-1,-1
19181,Masamune,-1,-1
19182,IS1dfd89e9d4cb219bca2d5,-1,-1
19183,Kadak,-1,-1
19184,IS150870cb0ed6b7f690a56,-1,-1
19185,Hyaozan,-1,-1
19186,soapbacon,-1,-1
19187,Kyxx,-1,-1
19188,IS1fd6b044b7101c222b6ad,-1,-1
19189,IS1889ec353b13ec6dbda0e,-1,-1
19190,Ragnell,-1,-1
19191,UnknownVBS,-1,-1
19192,IS12bf6b9469a3be9f1d715,-1,-1
19193,Su tre,-1,-1
19194,IS10c535db4f65de1d27041,-1,-1
19195,omegaura,-1,-1
19196,ESmith23,-1,-1
19197,IS135f4bc5b37b01911fd0a,-1,-1
19198,Athaer,-1,-1
19199,IS1811fe91b7980a6192f4a,-1,-1
19200,IS17c9e1de8b6be9371dafb,-1,-1
19201,IS121710d78b44f2cc8a8a3,-1,-1
19202,IS15b58b152a68318581f6b,-1,-1
19203,IS1d7155d1b7739488f9ff1,-1,-1
19204,WOExPwIycZ,-1,-1
19205,IS1e38a04a4109d5456e54a,-1,-1
19206,sabvXrKcx5,-1,-1
19207,IS1ac76ad9215bd0f87c376,-1,-1
19208,IS130f24dfafbf479c92861,-1,-1
19209,IS19e7ffe65f42e3cdf3d34,-1,-1
19210,IS17cbf9e2b7883ce7516bb,-1,-1
19211,IS175a0fa685382abb8b462,-1,-1
19212,IS1473d128eaab4f69f0daf,-1,-1
19213,IS14d0d992c874d4cea766b,-1,-1
19214,vtime,-1,-1
19215,IS1910e68363adb0510adf4,-1,-1
19216,Insignia,-1,-1
19217,IS1687f10b5c099e49ec699,-1,-1
19218,Nexxie,-1,-1
19219,Dealbreaker,-1,-1
19220,IS173300d82df7ede9a0441,-1,-1
19221,p8ng564,-1,-1
19222,lIElesisIl,-1,-1
19223,IS14811b5e8088e1a24e7a5,-1,-1
19224,IS10c12085e3de4954089d2,-1,-1
19225,IS11c39d4480c835ab0b4de,-1,-1
19226,IS119f97ef05cc5753e450b,-1,-1
19227,IS108900484f92ba4c6c51b,-1,-1
19228,IS11dd30dc5bf604a6d23e4,-1,-1
19229,Showtimez,-1,-1
19230,Arigner,-1,-1
19231,Denim,-1,-1
19232,IS1ed27cf3904a0c2ea323c,-1,-1
19233,Sicmonkey7,-1,-1
19234,IS119aa35fe31321adc3100,-1,-1
19235,IS12291e0c49cad09fb1a30,-1,-1
19236,IS1b89b34c972e6aa731423,-1,-1
19237,IS1c686bf837ce0d839a9af,-1,-1
19238,StechHopor,-1,-1
19239,Dethaele,-1,-1
19240,IS1a90cee1f597ce624071a,-1,-1
19241,Not Even Once,-1,-1
19242,modulo7,-1,-1
19243,IS1a7cc082a605634119514,-1,-1
19244,IS1775c4d2633011b210684,-1,-1
19245,MrTubs,-1,-1
19246,IS1cc2a48d2e6e26659138f,-1,-1
19247,adasccww,-1,-1
19248,f1shst1k,-1,-1
19249,Khalanis,-1,-1
19250,vìpér,-1,-1
19251,IS125260bfc8ba46daeed16,-1,-1
19252,IS1d46a8fde33d07167efe5,-1,-1
19253,papawalk,-1,-1
19254,IS1bc1d85a7e32ab1c4359c,-1,-1
19255,backshot,-1,-1
19256,IS10ba8eaae27760bd98c63,-1,-1
19257,IS1d2de4e4713dc37719db8,-1,-1
19258,DigitalNazgul,-1,-1
19259,IS1819027917a58ab573643,-1,-1
19260,IS10fbc17be3547788ad9f3,-1,-1
19261,IS113ab682c3899a3241db1,-1,-1
19262,Jukedlol,-1,-1
19263,IS1969ed7f3b3377605aa8c,-1,-1
19264,IS16c65e0524d65fb737c84,-1,-1
19265,telperionn,-1,-1
19266,IS1eb11f70978d4dc9d3132,-1,-1
19267,Barbiturate,-1,-1
19268,Pe4CeFu1,-1,-1
19269,IS1f757f61f2422169d6f92,-1,-1
19270,IS1acdf7b64836df54b9229,-1,-1
19271,IS174d4abd54466385a2d18,-1,-1
19272,BioFox,-1,-1
19273,IS17e3555153d979bcda9cf,-1,-1
19274,NpG1ovlEoh,-1,-1
19275,IS1c6d00fd481666ec3310e,-1,-1
19276,IS119da3d036690d99c5eda,-1,-1
19277,IS1b5f1db30b039bd629efb,-1,-1
19278,IS1251472222db60d920e6c,-1,-1
19279,jAwpvAVfIm,-1,-1
19280,IS1bfd5b016c00a711f5759,-1,-1
19281,IS10fc60080a6f8a8188817,-1,-1
19282,What Would Jesus Do,-1,-1
19283,Thelne,-1,-1
19284,Vishnoo,-1,-1
19285,IS1df80cf0f5970a80945f7,-1,-1
19286,mxp22,-1,-1
19287,Blakavar,-1,-1
19288,IS138cca3206c48b7098f41,-1,-1
19289,IS1a1682933b9a7a3aa06a8,-1,-1
19290,IS1dc53561c1c70e229d226,-1,-1
19291,IS1cba9a3a903e2443cae69,-1,-1
19292,Yno2lOKU7V,-1,-1
19293,Guaguasi,-1,-1
19294,IS19fa2ad9a6a0cfae58f98,-1,-1
19295,PosterChild,-1,-1
19296,EckoShard,-1,-1
19297,arkwin,-1,-1
19298,IS1ce25cf400559e7f012a0,-1,-1
19299,IS1aefa8bb491d46a432e8c,-1,-1
19300,IS1c27bfdf453dde5d26c3f,-1,-1
19301,IS1e96e3c4975d904d1c6bb,-1,-1
19302,Crazelock,-1,-1
19303,IS10e9607efa44697977f2b,-1,-1
19304,XeaLeShu,-1,-1
19305,IS1619e727b0749502eaccb,-1,-1
19306,IS146d40917ed1c6fdb9de5,-1,-1
19307,qtpMegumi,-1,-1
19308,IS14f690ce7d9a4d37cb677,-1,-1
19309,IS15493677426059495e532,-1,-1
19310,shoshan,-1,-1
19311,Armrad,-1,-1
19312,Kehlsi,-1,-1
19313,Xipa,-1,-1
19314,IS164d44a4b6d66d602e4cd,-1,-1
19315,IS1db6fc3b2948a687f4457,-1,-1
19316,MajiqueSouljer,-1,-1
19317,Khaz,-1,-1
19318,IS16f1db82299d1226553e4,-1,-1
19319,IS113b849ca05bb7799013e,-1,-1
19320,corrin777,-1,-1
19321,IS155b5fc2968c42b1a58fd,-1,-1
19322,Kintomu,-1,-1
19323,IS1f28540ee79b3dca73d19,-1,-1
19324,IS167c44a6cd63bae19903d,-1,-1
19325,ZkJcmZs61D,-1,-1
19326,MajorX17,-1,-1
19327,IS1f8904fe759cff905c38f,-1,-1
19328,IS1c36265899a5c42a98bc1,-1,-1
19329,IS1fc22237f0a599496d326,-1,-1
19330,bxbmilkbxb,-1,-1
19331,Revrned,-1,-1
19332,Brota,-1,-1
19333,IS1240c9abb874a70a5afd2,-1,-1
19334,IS1f1952f1053c65df7a8b6,-1,-1
19335,IS1db8da81cfe0dac39ec0a,-1,-1
19336,adam1095,-1,-1
19337,IS1e001d818604fe1d9a811,-1,-1
19338,IS1cd38773366898f06f3d5,-1,-1
19339,IS15069a12fc62b912c3bdc,-1,-1
19340,Puddincuppz,-1,-1
19341,IS1b26c06e6764f412d2229,-1,-1
19342,IS181537d5be2a524f9b79a,-1,-1
19343,MpC5,-1,-1
19344,IS173f270c150b52d9756f8,-1,-1
19345,xwar,-1,-1
19346,IS19cece10812a019376d12,-1,-1
19347,happymatt,-1,-1
19348,IS143498576fb2bf876a707,-1,-1
19349,Octoderp,-1,-1
19350,yOZcVII5hB,-1,-1
19351,IS10b294afeb0163b5d1d4b,-1,-1
19352,Kailin,-1,-1
19353,IS1fd02235dedfab3beb4ab,-1,-1
19354,Syncness,-1,-1
19355,753U53TJLH,-1,-1
19356,IS19cfd7ef3e584264107d8,-1,-1
19357,uller,-1,-1
19358,IS1eeccf78c6e8bb851b0b3,-1,-1
19359,M3 Ryuuku,-1,-1
19360,IS191fb5cd8724fa1a105ec,-1,-1
19361,IS1a0b220cc3148bdedf4b2,-1,-1
19362,Aioren,-1,-1
19363,therlce,-1,-1
19364,IS1f8847bac902f9dfd5621,-1,-1
19365,Phoenix,-1,-1
19366,IS11cf9b507427e6fd9e9fe,-1,-1
19367,IS1806731fdaa64351fa7a0,-1,-1
19368,DeathToNewbies,-1,-1
19369,IS14751e0ce728f4a6cf9b5,-1,-1
19370,Circio,-1,-1
19371,Enthrall,-1,-1
19372,IS148fc891f02bacbddb48f,-1,-1
19373,IS16ef43dfc5395b5aded78,-1,-1
19374,IS126dbef11e97fedc56f67,-1,-1
19375,Icefiremage,-1,-1
19376,IS13f60d4373862942e52c1,-1,-1
19377,IS1a36bd3b2562a361d9656,-1,-1
19378,IS14058ce178c37c4258c4c,-1,-1
19379,Crazytikiman,-1,-1
19380,IS171c9ae714ee8b6709386,-1,-1
19381,IS1034e14471693862c7434,-1,-1
19382,Cidem,-1,-1
19383,Tustova,-1,-1
19384,IS1bf5e7758671f69152e11,-1,-1
19385,IS1f23e1fbbcb731314f238,-1,-1
19386,IS19c1c304baa4427f8e0a2,-1,-1
19387,IS1065e383296ec167138b7,-1,-1
19388,pcturtle00,-1,-1
19389,IS1a8b004aa22f37189f8c6,-1,-1
19390,IS12d6d454e46770885da04,-1,-1
19391,Quocz,-1,-1
19392,IS1a7c6962c58ed0dd93b0b,-1,-1
19393,IS10deaa9693387b5e701c5,-1,-1
19394,IS16c9893c21506a07c809d,-1,-1
19395,Mirose,-1,-1
19396,invoqwer,-1,-1
19397,IS1c85e3f0715feb5ac05f0,-1,-1
19398,Smitington,-1,-1
19399,imtoosly,-1,-1
19400,trivex,-1,-1
19401,omicron,-1,-1
19402,IS16f235f91655b77ff9cdd,-1,-1
19403,Kadowe1,-1,-1
19404,IS18d07d7e5fd9092e82bdd,-1,-1
19405,Sashine,-1,-1
19406,IS10bc506e316d9225735b0,-1,-1
19407,Minami26,-1,-1
19408,IS130c410b5ff0aa1034a1c,-1,-1
19409,IS147f7c4c3531ed72254b0,-1,-1
19410,Dasfunk,-1,-1
19411,Shadzta,-1,-1
19412,lunchboxjr,-1,-1
19413,IS1e4ff532c02c27dfd143a,-1,-1
19414,Fatsy,-1,-1
19415,IS1c492153ba35b86dcc794,-1,-1
19416,IS1df16318aa3760c9665b3,-1,-1
19417,amurru,-1,-1
19418,xricexmanx,-1,-1
19419,Sniper64,-1,-1
19420,IS1b7c13a36825bdc4abe77,-1,-1
19421,TDude,-1,-1
19422,bearFyte,-1,-1
19423,Brokk,-1,-1
19424,Bsrghdldwewslsgh,-1,-1
19425,IS1cfb78cee4ffa615eb258,-1,-1
19426,IS18c81946ec50cfc95e89d,-1,-1
19427,Desiato,-1,-1
19428,zYIGw8aNjv,-1,-1
19429,IS1d24e61ec87b1507f1bd5,-1,-1
19430,IS1b5464e081274b7e9467b,-1,-1
19431,guang,-1,-1
19432,WarRaider,-1,-1
19433,pcturtle,-1,-1
19434,IS197374518759cab2eb0dc,-1,-1
19435,Magic Toaster,-1,-1
19436,FUAp5SbHwK,-1,-1
19437,IS1f49ace2d62206a820a2a,-1,-1
19438,IS1d3eee3c998951ad344d6,-1,-1
19439,ProxyZero,-1,-1
19440,IS10a2322caf4fa66762d78,-1,-1
19441,IS19a2367a2618a3696cf7e,-1,-1
19442,Dorth,-1,-1
19443,mpn1H5ofJ9,-1,-1
19444,Elandrian,-1,-1
19445,IS1da7f656f33072ad212fe,-1,-1
19446,Z2 Ethereal,-1,-1
19447,IS10d33866aa5a827976256,-1,-1
19448,laggamuffin,-1,-1
19449,ApocX,-1,-1
19450,Nerukad,-1,-1
19451,CainetL,-1,-1
19452,IS10c4cc460ea3e470bb4d4,-1,-1
19453,dataangel,-1,-1
19454,enersion,-1,-1
19455,Hiro,-1,-1
19456,tipolol,-1,-1
19457,IS1de42c0d23a34498a70bd,-1,-1
19458,FACEPLUNGER,-1,-1
19459,IS1f986116b9802a7bfeb19,-1,-1
19460,cstylez1,-1,-1
19461,IS16086250481a79b7bebc4,-1,-1
19462,IS1f3f9c17fadf6ae6b6577,-1,-1
19463,Jingoistic,-1,-1
19464,IS13fbd3adafd42032e2d8a,-1,-1
19465,Zanco,-1,-1
19466,IS1d16095cd0d4fc758b168,-1,-1
19467,Scrubduster,-1,-1
19468,firestarter18x,-1,-1
19469,IS1c7113e031e4ac11bd26a,-1,-1
19470,WxBlaze,-1,-1
19471,IS19b53e9bfb896bedc3db5,-1,-1
19472,IS1193c7d367beb01088420,-1,-1
19473,Pandamancer,-1,-1
19474,IS16582398a6147ae61de59,-1,-1
19475,IS156150d20d49a5e92486c,-1,-1
19476,IS1630ecd3fbcabaaa95189,-1,-1
19477,ZVYt389fhm,-1,-1
19478,IS1fced1efc9f0a29e408e3,-1,-1
19479,InfinityPlusTwo,-1,-1
19480,IS1dc13e6bfc2e2a7337e2a,-1,-1
19481,IS10cfd19974fcf77c3592a,-1,-1
19482,Skaarjonic,-1,-1
19483,IS1d11459a7707ff5c4effe,-1,-1
19484,IS1a4d0870568426f32171e,-1,-1
19485,mejobloggs,-1,-1
19486,Blitzedhits,-1,-1
19487,IS10dcdcd37c0cb3207cf61,-1,-1
19488,IS11b4ea2027e15fc2ed397,-1,-1
19489,AtoDfoDoG,-1,-1
19490,IS1b037c6acf898da036d58,-1,-1
19491,IS11207b9b2af1f51a780aa,-1,-1
19492,IS15c8d592cd9d9000fa931,-1,-1
19493,IS18aaa6d86561226553acb,-1,-1
19494,IS123daab48132b0bb2e4f3,-1,-1
19495,Kingofownag,-1,-1
19496,zeuqram,-1,-1
19497,IS1305f7343b63fce3d3d30,-1,-1
19498,IS1358c7f53fb23d7ce4c9d,-1,-1
19499,I Killed 50 Men,-1,-1
19500,IS1d1b75d69c3ab88041985,-1,-1
19501,IS134d3383b6eeb80246821,-1,-1
19502,IS19e18af35877acc170413,-1,-1
19503,IS110b56b0436313d978dc1,-1,-1
19504,IS102b095827560041da9df,-1,-1
19505,IS1e4c3ab78ba485576fba3,-1,-1
19506,IS1a8959fdfacbe99cd6aa4,-1,-1
19507,Br37zl3,-1,-1
19508,IS1d3d7634fcd104c607e26,-1,-1
19509,IS12de78bf05bd0e87a23df,-1,-1
19510,IS1d2d1d9ebb9d96c423854,-1,-1
19511,IS1a33a948e4cafefc9038e,-1,-1
19512,IS16f75529483d51e31fd49,-1,-1
19513,IS1405c73cff9ffcd5ea953,-1,-1
19514,mor92,-1,-1
19515,IS13f3ef38d65ff4583a19e,-1,-1
19516,IS1bead24ba41f08a0eeb79,-1,-1
19517,Oakwarrior,-1,-1
19518,IS1532bfd2258159f8950e1,-1,-1
19519,DelcranWestril,-1,-1
19520,QurMmH24op,-1,-1
19521,IS149b7610d2607b7e7ee1c,-1,-1
19522,IS1734cf9ce48a9f859b7a7,-1,-1
19523,IS152ecd0daac6d655352cc,-1,-1
19524,IS12d463fd67c8d182f12d0,-1,-1
19525,IS17556b1e5a78e4a386927,-1,-1
19526,Speels,-1,-1
19527,IS1509a3806ee43fe6d3778,-1,-1
19528,IS1fcf09fc8a9369007b56d,-1,-1
19529,IS173e54bbcf190aa5a1bb6,-1,-1
19530,Tukaru,-1,-1
19531,IS1bff785ccbdf2bbc64ef2,-1,-1
19532,IS196c38c7167d4cf471013,-1,-1
19533,IS1f098a35e25ba199b47b5,-1,-1
19534,IS1d55127903f646681c50a,-1,-1
19535,IS1eaf09fff0a778938b52e,-1,-1
19536,IS15c833af02ae23cbc0a65,-1,-1
19537,IS13fbf7930d7e8bc2f3f03,-1,-1
19538,IS1e83a467a2d783f390257,-1,-1
19539,IS1a78b8297421f5a093f24,-1,-1
19540,IS1437420efd16f91c4b932,-1,-1
19541,IS18ae1e7e1f2cd34defd1a,-1,-1
19542,mof0,-1,-1
19543,HdsscgdsRdssld,-1,-1
19544,IS15ad6dae77d4e048d1003,-1,-1
19545,testlol,-1,-1
19546,IS1e9005be0a806bcc5752b,-1,-1
19547,IS1107795126b1e8d803f1a,-1,-1
19548,IS15d4f94428c3a8fc69597,-1,-1
19549,Vagh,-1,-1
19550,IS17b0b4d5d44705f954895,-1,-1
19551,IS1ea413ff9c03b9e09ffb3,-1,-1
19552,IS16eb7f5981a59ab485279,-1,-1
19553,shamgar,-1,-1
19554,Z0kH5uHFq1,-1,-1
19555,IS12668f9c0cbe39cbb2469,-1,-1
19556,IS1e22ed8ea0cd1f10228d0,-1,-1
19557,Plague Dynasty,-1,-1
19558,IS1a1cc25c02e0e0b1bb08c,-1,-1
19559,IS1b3324691055fc4ad8767,-1,-1
19560,IS17b88606ba6a8dd415458,-1,-1
19561,IS185d56a9cefcaa4ac0ee5,-1,-1
19562,IS1f3259fd1fc0239065a3a,-1,-1
19563,IS17211a2c72753dbdece9a,-1,-1
19564,Fiido,-1,-1
19565,IS1348b3b2ac1e3eb26dae0,-1,-1
19566,IS1924c724437288664459f,-1,-1
19567,neglience,-1,-1
19568,ii0uVGbzga,-1,-1
19569,IS1a1cff8a217e68dc79bd3,-1,-1
19570,IS14de429b42187a7bb28eb,-1,-1
19571,IS189e81aebd39ecdecb945,-1,-1
19572,IS14ef5c28e30c8569aa72e,-1,-1
19573,IS1e2f7ad53bc2c71e8447b,-1,-1
19574,IS1b3debf7e05cd7a6d5cf4,-1,-1
19575,IS1984b453968fb9f938cde,-1,-1
19576,IS1447214755c11ca54acb6,-1,-1
19577,Crazy4rms,-1,-1
19578,IS11552d84d4af5f8ba7980,-1,-1
19579,IS15b31c4e89a4ae812499c,-1,-1
19580,IS1c2d3e8c864e9567211af,-1,-1
19581,IS10bf7fe2733a9f943a66e,-1,-1
19582,IS145e66a4a868c83718f6e,-1,-1
19583,Aremis,-1,-1
19584,IS19b8fbb75ab425f6e032f,-1,-1
19585,Milk Hater,-1,-1
19586,aRasakai,-1,-1
19587,IS18036f52a75448b087ca2,-1,-1
19588,IS1412ce8059a0a910a8276,-1,-1
19589,Jinsaku,-1,-1
19590,IS18d52b53fcc2cbd168789,-1,-1
19591,IS1b14cc76159cd3881151b,-1,-1
19592,krazy,-1,-1
19593,IS1fe2d268f4ef11b19542d,-1,-1
19594,IS137e68f3d66a7941b3319,-1,-1
19595,IS1eca07909fcf332a30b2a,-1,-1
19596,IS1b63e08ffc35e56e44242,-1,-1
19597,IS193522acc2c6918150f60,-1,-1
19598,IS1362088755e1f1cb3c4a5,-1,-1
19599,lmorgh,-1,-1
19600,IS1bf0815914273d60312fa,-1,-1
19601,IS1741767e21c8c2216fa77,-1,-1
19602,re4lnk,-1,-1
19603,IS114d6ecab41ff9c083741,-1,-1
19604,anainthehizzle,-1,-1
19605,VIralKitsune,-1,-1
19606,LpdrNDkCAE,-1,-1
19607,IS15030033337074884b7e0,-1,-1
19608,XoDeXx,-1,-1
19609,IS1164a103f995abd07662f,-1,-1
19610,RubinSandwich,-1,-1
19611,Notramagama,-1,-1
19612,IS1fc9fbd14151d2caa8c91,-1,-1
19613,IS18e712aa3d04c9269aea8,-1,-1
19614,Omurice,-1,-1
19615,gnida,-1,-1
19616,IS1cc0b7577fcc340bb99f4,-1,-1
19617,IS1fc596c6cea03fd3e1d24,-1,-1
19618,IS1857d04d7195bc4954b09,-1,-1
19619,IS1ef2dbb46bad3d6ec911f,-1,-1
19620,IS1c4e41d7028334dab7739,-1,-1
19621,Malchik,-1,-1
19622,IS1bd929385745701615190,-1,-1
19623,IS14a78040dbda2d3074737,-1,-1
19624,Gosey,-1,-1
19625,Adac 1,-1,-1
19626,IS15ce0b262e20e29e6d689,-1,-1
19627,KingOfTheKoopas,-1,-1
19628,IS11d526d0f9106f4d01c55,-1,-1
19629,Crylen,-1,-1
19630,IS1e75eb80b4209a23485e3,-1,-1
19631,RevKaboose,-1,-1
19632,Kenshue,-1,-1
19633,IS1c9b96994cea76d690fab,-1,-1
19634,IS1f47c025eecf9b80d5bfe,-1,-1
19635,NainRouge,-1,-1
19636,IS1954107b264332a7ca548,-1,-1
19637,Connacht,-1,-1
19638,IS124b01fd2ce83f7d73ad6,-1,-1
19639,IS15fd6d95ead1c3d735324,-1,-1
19640,IS1eaca1b9ef1cb671fa15d,-1,-1
19641,IS175ee9cf71230947471d8,-1,-1
19642,IS1fccf1eac8adb51da1032,-1,-1
19643,Belumoth,-1,-1
19644,IS13bd3d2d9a888a720ccd9,-1,-1
19645,IS142216e981ddc1c3064b0,-1,-1
19646,IS19583444e250036006e81,-1,-1
19647,IS1f9815964812e831054e5,-1,-1
19648,IS15458369c0529a93086a5,-1,-1
19649,Kumoson,-1,-1
19650,zenethics,-1,-1
19651,IS11f64f6ce1d86c8be87e4,-1,-1
19652,IS16f30835a00e331feb2de,-1,-1
19653,IS1d4b9bdaa3a527707ec39,-1,-1
19654,trailgaze,-1,-1
19655,IS16990e2357eb040e666db,-1,-1
19656,IS1300869b19d91690e8ace,-1,-1
19657,TerrorShaard,-1,-1
19658,IS1c22e218168ab511b86e3,-1,-1
19659,IS1c3e5e486e1b79c281e1e,-1,-1
19660,IS108b7ad5f2405f126429a,-1,-1
19661,IS198819caf142a417dc000,-1,-1
19662,IS176a60c6587ad2b5bbfd4,-1,-1
19663,Bluedragon,-1,-1
19664,IS1019b8d63d803662c47e7,-1,-1
19665,IS12b80925aa342627625e7,-1,-1
19666,IS1b2e6860f88994ac7a265,-1,-1
19667,JockItch,-1,-1
19668,1v3 Carry,-1,-1
19669,IS1d07cd3fd9d3635dbfa60,-1,-1
19670,IS150eb95468fb15c087d8c,-1,-1
19671,IS1053c6d0b0bb201f0d739,-1,-1
19672,IS11ce32c04792f47f56d40,-1,-1
19673,IS1202c123f75f17df800e0,-1,-1
19674,IS1b27798e3792d87b79236,-1,-1
19675,IS11f0c224737be2cbe8661,-1,-1
19676,IS126ba8a6fb4d910e27eff,-1,-1
19677,IS11659288811e9ccf0b47c,-1,-1
19678,Crucify,-1,-1
19679,IS19b421deb14ea942e1667,-1,-1
19680,IS1078ec1df7fe5020bb33e,-1,-1
19681,Brodun,-1,-1
19682,IS144cd7d25e62198a7cb7b,-1,-1
19683,IS1ce7d40687769eb8e0424,-1,-1
19684,Choyboy,-1,-1
19685,Ba5eline,-1,-1
19686,IS12a6dda63cee1f15fb81e,-1,-1
19687,IS11f5e2f17dfe8ae56f85a,-1,-1
19688,IS19e3122c83cf00a8b2e70,-1,-1
19689,Bioku,-1,-1
19690,IS11612d63ef2b271eb1007,-1,-1
19691,IS127cb017d81e32b9831cf,-1,-1
19692,Syndromee,-1,-1
19693,Giddeus,-1,-1
19694,IS1ce72c28648f4adc9d7c1,-1,-1
19695,IS1b919370c4bbd22ce9956,-1,-1
19696,IS163a55544a8f4891798e1,-1,-1
19697,Coozymonster,-1,-1
19698,IS10e9c3fae6c256ba5e5b1,-1,-1
19699,DoomBlade13,-1,-1
19700,IS14a63dc1a118b00bed446,-1,-1
19701,IS13fc68903321ffdbea120,-1,-1
19702,IS1a82c07fccbcbdf61f6bb,-1,-1
19703,LoLWossiky,-1,-1
19704,IS1c56335af6f93697fb258,-1,-1
19705,IS185b374d0cb2e25d7aa4b,-1,-1
19706,IS18a236df0b13608350aa9,-1,-1
19707,IS1102141368e4c51f7dd3e,-1,-1
19708,IS111a0dc105c1fc5388b3c,-1,-1
19709,2xHero,-1,-1
19710,n0UgZ1Ngsk,-1,-1
19711,IS1f7591a0d05f71c8351db,-1,-1
19712,IS195e000ff1a668859e993,-1,-1
19713,Nambian,-1,-1
19714,The Dynasty,-1,-1
19715,IS1f5cf089d4328dc301bc2,-1,-1
19716,Agrimat,-1,-1
19717,NoobMasterChief,-1,-1
19718,IS180f6cdb228012f7bf6fc,-1,-1
19719,Holg,-1,-1
19720,IS156ca6238954ec9599676,-1,-1
19721,IS151253a094e8db24a0567,-1,-1
19722,X8xtUfp5VG,-1,-1
19723,IS147e298cfd44e57bba042,-1,-1
19724,FFKnight,-1,-1
19725,IS1b2482743ef709f5c8d6a,-1,-1
19726,IS1d14c80f85809d8e3b97b,-1,-1
19727,IS1b4fc188b61b3868140d1,-1,-1
19728,mikeface,-1,-1
19729,IS15fb89e675fb0255c8d8e,-1,-1
19730,Kawasumi,-1,-1
19731,IS1953b26eafb935a054ce7,-1,-1
19732,IS18dd1d2a72a8b1c324b6a,-1,-1
19733,ihaveabighead,-1,-1
19734,IS101434b7f82702b14cbc6,-1,-1
19735,IS17c92ed68f0fa57265730,-1,-1
19736,IS170119580c5bf49e90bb4,-1,-1
19737,IS16c92875063b46fd7e3a1,-1,-1
19738,IS15608fc395813fe56afc3,-1,-1
19739,Denonono,-1,-1
19740,IS16fa2bbd050bb6218b3a3,-1,-1
19741,Roofeo,-1,-1
19742,IS1a38bc77d43e2050293d9,-1,-1
19743,IS16131e359f285250948f4,-1,-1
19744,iXkN07SEBv,-1,-1
19745,IS1ca7a31644ee25cc5bdee,-1,-1
19746,IS1fe666b596392d7ffdccf,-1,-1
19747,IS17572471ecb873fd5ebc0,-1,-1
19748,Gutz,-1,-1
19749,triple s,-1,-1
19750,IS146cd35a712f09f38402b,-1,-1
19751,Everardo Garcia,-1,-1
19752,IS1ba772ccbbb20c6c4151b,-1,-1
19753,Nomahd,-1,-1
19754,IS1f809b7e71a53e14a9231,-1,-1
19755,Paradigm Shift,-1,-1
19756,IS115fbc2fad50252666445,-1,-1
19757,IS10f86dc7f8985896bcbb5,-1,-1
19758,BongRipsPalin,-1,-1
19759,Nickoli,-1,-1
19760,coel,-1,-1
19761,IS1101e102e6f91355f5600,-1,-1
19762,madcapable,-1,-1
19763,IS103ced4c9bd7101e8e43a,-1,-1
19764,IS17815cb6b9575512a0171,-1,-1
19765,IS138fea5b360b394fff7d1,-1,-1
19766,PorteAvion,-1,-1
19767,Suspected1,-1,-1
19768,IS1595e045fa603f251e534,-1,-1
19769,IS1214661f26a1ced740688,-1,-1
19770,IS19e59637cf2f6e22431db,-1,-1
19771,IS16eddf65a3b2c12a8f5f6,-1,-1
19772,Sequence,-1,-1
19773,Liketenguys,-1,-1
19774,IS16a76a1f8861c494a2d6c,-1,-1
19775,SubXero,-1,-1
19776,VenDrake,-1,-1
19777,yD6d1hOqMz,-1,-1
19778,IS10125412c8c1e894be590,-1,-1
19779,BaDcHoNiEs,-1,-1
19780,IS1d7595c0e6f4609795265,-1,-1
19781,Gray,-1,-1
19782,IS1e5f8bcd3e58ba0b48584,-1,-1
19783,uU3DkqLQR3,-1,-1
19784,IS13da43661d3087d697c7e,-1,-1
19785,IS16cb9b7bbee08b506ae4a,-1,-1
19786,Z3 Shinzo,-1,-1
19787,Rice151,-1,-1
19788,IS1e28449eae52436a55dfa,-1,-1
19789,IS11f888528a6aed4d9534e,-1,-1
19790,IS1a19afa7b8502edb5f2f1,-1,-1
19791,JelloMonger,-1,-1
19792,IS1a29ef5c4dbee6eb0e8c8,-1,-1
19793,IS1b9a294e4a8bce65e472a,-1,-1
19794,Sneftrup,-1,-1
19795,Nauthiz,-1,-1
19796,Coward,-1,-1
19797,Daizon,-1,-1
19798,IS1d2529a3c938f39b636ab,-1,-1
19799,GVNXLVUOND,-1,-1
19800,IS1752f33faa659f227ac65,-1,-1
19801,IS1e1dc4acc0ca5f427eb4b,-1,-1
19802,IS1705718a75dda26c26614,-1,-1
19803,IS16156584c7317e12914e6,-1,-1
19804,IS1d6075a669dbcb7e7e3ad,-1,-1
19805,EzJWFYOpYP,-1,-1
19806,Gf5sO0mc18,-1,-1
19807,IS1487f72545fa97298bcad,-1,-1
19808,kenangonewild,-1,-1
19809,lol is for derps,-1,-1
19810,Wumpix,-1,-1
19811,IS1a70d949440fd55590ee8,-1,-1
19812,IS1299cda1cc92edb431cbb,-1,-1
19813,Licid,-1,-1
19814,IS11273c9acaf03212060f8,-1,-1
19815,IS14f64850fc3e6b8933ca3,-1,-1
19816,Lemefiuqa,-1,-1
19817,IS1a7c787a6cf9bcbc8c181,-1,-1
19818,IS1f09ca91cd2a2f130900d,-1,-1
19819,IS1a893653c674b2be3865c,-1,-1
19820,Ediiie,-1,-1
19821,Vdash,-1,-1
19822,Prolapse Party,-1,-1
19823,Uncle Remus,-1,-1
19824,IS1f8a1da5fc490022a9f58,-1,-1
19825,IS1e30e53d2b40b58584500,-1,-1
19826,IS1dd1bd22a23f5bc30284d,-1,-1
19827,IS1a1d5e662bbed474f97d5,-1,-1
19828,IS1e0f8b64dd9de391e8b4d,-1,-1
19829,Piercedsun,-1,-1
19830,z3row0rm,-1,-1
19831,CCSarge,-1,-1
19832,iiX,-1,-1
19833,IS1b2b30d8125d7c0701b8a,-1,-1
19834,IS138d2f853a12817e674e9,-1,-1
19835,IS15a8aeb66ff6fbb7f5dd4,-1,-1
19836,IS1163c2843bed9d2bcf5d4,-1,-1
19837,IS1d4b11ec7a342f3a697b1,-1,-1
19838,blacjosh,-1,-1
19839,IS1acc103465e3522f9d2fd,-1,-1
19840,IS122dbd7854e99f6224763,-1,-1
19841,Z2 JoyBoy,-1,-1
19842,Elephent,-1,-1
19843,IS17e1ea5c92075fdd94504,-1,-1
19844,IS18390de6130f52b961e28,-1,-1
19845,IS1c09d92566feaa14320d2,-1,-1
19846,IS1dcc98754d33374db0300,-1,-1
19847,MrEleven,-1,-1
19848,kfLKqMpQWl,-1,-1
19849,IS12501da3ea6d9eb9d5e77,-1,-1
19850,IS15eebae822cc2af5714e2,-1,-1
19851,cheffito,-1,-1
19852,SilenceDoGood,-1,-1
19853,IS1397d0a21e9ac1ce9fb93,-1,-1
19854,IS1108692032dede77ca367,-1,-1
19855,IS173fbb3af2a1803153c92,-1,-1
19856,IS1fb554db14f094b47de9c,-1,-1
19857,Aenoras,-1,-1
19858,IS13610ac91c81b5741c321,-1,-1
19859,IS1ac3d17b703f2a3b3c097,-1,-1
19860,5e1gYGwVLx,-1,-1
19861,IS16915055e3f03d6bc3816,-1,-1
19862,IS1e72b97cb87a354ebfb9f,-1,-1
19863,BillMacaco,-1,-1
19864,IS1d26b8af5561c84f25517,-1,-1
19865,IS155b44cf3443dcf324bd2,-1,-1
19866,IS1127aff09cf6d0d9f5721,-1,-1
19867,Korpz,-1,-1
19868,KingZi0n,-1,-1
19869,Boxer,-1,-1
19870,xCaipirinha,-1,-1
19871,IS171983e61fb0e4d21a6f4,-1,-1
19872,IS1a1cc9fc1e5c8f204f41f,-1,-1
19873,AvunaOs,-1,-1
19874,IS1885b8eb893d58712c1ea,-1,-1
19875,Hollowburn,-1,-1
19876,bINt1inDqo,-1,-1
19877,moyshe,-1,-1
19878,Lylyghsss,-1,-1
19879,IS12c28564fbbb5750575e7,-1,-1
19880,Andres Rios,-1,-1
19881,Plundl,-1,-1
19882,IS184e13ff875b93b9c379d,-1,-1
19883,IS1eb3af63536aecf338234,-1,-1
19884,IS1b9cc901233dd856aa061,-1,-1
19885,IS194fa5a05de2fad9ebddc,-1,-1
19886,IS1f39d14d9f87b31cd1fc4,-1,-1
19887,rancors,-1,-1
19888,TehDwArF,-1,-1
19889,RyE92enEFM,-1,-1
19890,IS1458374f8da29a8e52ee3,-1,-1
19891,CalistoBlade,-1,-1
19892,Dipscom,-1,-1
19893,Jett,-1,-1
19894,TIGERVESPAMON,-1,-1
19895,Mindroth,-1,-1
19896,IS1c23043734592c26ce40e,-1,-1
19897,IS111380e55572cb1d3f0f2,-1,-1
19898,DarkF0rce,-1,-1
19899,Markizzle14,-1,-1
19900,LaQNBG9NmC,-1,-1
19901,IS10710c16983b9eab53641,-1,-1
19902,IS1cc173edea010bd999b98,-1,-1
19903,SundavarWasTaken,-1,-1
19904,Dojinn,-1,-1
19905,IS1361a49dd13a49674b668,-1,-1
19906,IS1ef2542ab838079ec9426,-1,-1
19907,Cohrek,-1,-1
19908,Sogflash,-1,-1
19909,IS18c8ce87d338b8b44c84c,-1,-1
19910,IS1131901b964842dddfbf6,-1,-1
19911,IS1d9ff7e650633660f7817,-1,-1
19912,FMUZYMWH1,-1,-1
19913,YlT93ZqIi6,-1,-1
19914,IS13d498f22e225dbe70bd9,-1,-1
19915,IS16537676c04fbcfca8941,-1,-1
19916,Veril,-1,-1
19917,Fake Q,-1,-1
19918,C S L,-1,-1
19919,Wigsladon,-1,-1
19920,IS18e2e37cf2fcee4dd0844,-1,-1
19921,BeefMonkey,-1,-1
19922,IS13fa7caaf863203a6ce89,-1,-1
19923,Akiosabt,-1,-1
19924,IS1ba2b947a2045336fd83f,-1,-1
19925,IS106136b8121ba68c237b5,-1,-1
19926,IS1e1bec6229cad4006983b,-1,-1
19927,Dace,-1,-1
19928,qinlain,-1,-1
19929,Lafer,-1,-1
19930,IS165edd78adb37d2993d66,-1,-1
19931,CDpIsnQCrh,-1,-1
19932,IS13e21fee1b7f0e9395e89,-1,-1
19933,Darkmo,-1,-1
19934,IS1905ae2b151d1c7fe54ce,-1,-1
19935,IS1029b893bf3f08733aec2,-1,-1
19936,mrofni,-1,-1
19937,IS138d3dee71ea44a8aad74,-1,-1
19938,black Lagoon,-1,-1
19939,Aeonus,-1,-1
19940,IS169e147ec698d9642b2ff,-1,-1
19941,x5jQoG4P68,-1,-1
19942,IS11b0e2111b045201aebc3,-1,-1
19943,IS1a157de9440755f660fd4,-1,-1
19944,IS13d0bde3b1c8b5d10362b,-1,-1
19945,IS15754a8c4219c1b8c905e,-1,-1
19946,IS1e5df8f78a58f7bcf7248,-1,-1
19947,IS1cb6594616ccf3488eac2,-1,-1
19948,IS1afd169d5b7d182266d89,-1,-1
19949,AndrewWigginsNBA,-1,-1
19950,IS15a5fdaa55e579e33c351,-1,-1
19951,IS1147366c2e22170fd08a7,-1,-1
19952,IS1f093e261c8c94d7814c0,-1,-1
19953,IS1750ac5d751c90d9a9ef7,-1,-1
19954,Bigbear,-1,-1
19955,IS16aa58068896ec732b099,-1,-1
19956,IS1c8c26df3ac4a297a215c,-1,-1
19957,IS1768a73c40062ca8eda79,-1,-1
19958,GodLessWarriorTM,-1,-1
19959,DaSpring,-1,-1
19960,Drash,-1,-1
19961,IS1a551296232a9d703c358,-1,-1
19962,IS1e1720ca0588de0840ae0,-1,-1
19963,IS1c847d2217f5c1ff0736d,-1,-1
19964,IS139bbbfc233928f6bf831,-1,-1
19965,IS111e36ca0766cfe2b1b15,-1,-1
19966,IS1ec5b5c02ed242396c2a7,-1,-1
19967,Luclfer,-1,-1
19968,IS1b4896ac2406b4a458d64,-1,-1
19969,7StmHilUil,-1,-1
19970,Cesious,-1,-1
19971,IS18533ee98b921687ad87a,-1,-1
19972,IS11c4ae91008a6a403104e,-1,-1
19973,dunno0828,-1,-1
19974,TechnicolorRaven,-1,-1
19975,IS1432b669e7879e676a70b,-1,-1
19976,Lickwids,-1,-1
19977,IS115941088bda74ddfa8d8,-1,-1
19978,IS1294eb21bd79fd3c8b8f3,-1,-1
19979,spraggeth,-1,-1
19980,Drug Reference,-1,-1
19981,IS118045cb7032edcc74b9f,-1,-1
19982,ippia,-1,-1
19983,Robinson,-1,-1
19984,IS10316fa715602baf5bc05,-1,-1
19985,IS1a07ccc72645ad04f52ff,-1,-1
19986,Miloah,-1,-1
19987,IS15029dc1df40e8f343af1,-1,-1
19988,IS1a7a2b09a5950060f73e5,-1,-1
19989,IS1c7453e5df6f61447ab9a,-1,-1
19990,Nithrak,-1,-1
19991,IS11c33cf6dd9dd5c8045a3,-1,-1
19992,kGold,-1,-1
19993,Beejasmorl,-1,-1
19994,EmoBro,-1,-1
19995,IS11162bd4ae48dd988c01e,-1,-1
19996,Jedi,-1,-1
19997,IS1ea409b6d4a391641f938,-1,-1
19998,IS1730b4efb0e0d51f63e94,-1,-1
19999,IS1e0e3867dea50033e8a29,-1,-1
