20000,Lorathon,-1,-1
20001,IS13c82e6da7741782de416,-1,-1
20002,Noizee,-1,-1
20003,thadarkone,-1,-1
20004,IS1fa53b314c166766ef55e,-1,-1
20005,FrostByte,-1,-1
20006,Daverdoo,-1,-1
20007,IS172bef65651ddb22c5891,-1,-1
20008,IS1810830788e8c68a03a4a,-1,-1
20009,Phanzer,-1,-1
20010,IS1ad76612abec6167046e4,-1,-1
20011,IS1d57bd2d9117485ce3fa7,-1,-1
20012,IS1a83895b2e2d71dc0656e,-1,-1
20013,IS15df240d93ff334f15385,-1,-1
20014,5C4ktOUcKU,-1,-1
20015,IS1040da78744a257a6dc73,-1,-1
20016,IS1079eb3dff759832cb255,-1,-1
20017,IS1d749f2894e6427e68694,-1,-1
20018,Bryk,-1,-1
20019,dasgeist,-1,-1
20020,SolarSpish,-1,-1
20021,IS1486a02fbc7eeeaffba7b,-1,-1
20022,IS11df4f647321c79c993c8,-1,-1
20023,Usurpr,-1,-1
20024,hhuli,-1,-1
20025,xTrepidatioN,-1,-1
20026,Alfurios,-1,-1
20027,IS1c1b21211e3f0ae3bb757,-1,-1
20028,IS1da8b5d37758873c3678d,-1,-1
20029,StompingDorks,-1,-1
20030,IS1f4cbf6eaaa130e9ca10d,-1,-1
20031,Raizetaxus,-1,-1
20032,nonfictionz,-1,-1
20033,IS1762d188a63f89bc1b75f,-1,-1
20034,IS1679395ea9100ae5d0ea3,-1,-1
20035,excruciatus,-1,-1
20036,IS131f5fbea2fb761e30c69,-1,-1
20037,IS1243bf0324b4557ee2fd8,-1,-1
20038,IS18822cc39ac4c62a211af,-1,-1
20039,IS1eb9682e4c6e10cb75b64,-1,-1
20040,IS147cbee37d78cead6552b,-1,-1
20041,spael,-1,-1
20042,519noob,-1,-1
20043,IS129383f916aef863a2dd8,-1,-1
20044,IS1ed13099cc512d5ccaec4,-1,-1
20045,IS102f3105a69845316ff61,-1,-1
20046,Mirrored Atlas,-1,-1
20047,IS125d2d4e7f6a927ce5977,-1,-1
20048,meatb0t,-1,-1
20049,IS191f8df6f03c468fb5cc7,-1,-1
20050,Phelippe Zanotti,-1,-1
20051,Budguy,-1,-1
20052,IS130527f3d2a42f89ca530,-1,-1
20053,Twitzical,-1,-1
20054,chied,-1,-1
20055,IS1ac78a47cc067c4e90353,-1,-1
20056,IS16a9cadba8244c11655ad,-1,-1
20057,Ratify,-1,-1
20058,Oaeca,-1,-1
20059,IS18f26e92a5223b1c7d8a8,-1,-1
20060,IS1a0c83f76dae9c6e06008,-1,-1
20061,KUkSszWkLc,-1,-1
20062,yourmomisnice,-1,-1
20063,IS1910418d900604aa1bf86,-1,-1
20064,IS10e42e9dbb90fa68d9e83,-1,-1
20065,IS11bbea76b82b43d43ea74,-1,-1
20066,IS12a3e3af097af5d27fab5,-1,-1
20067,IS16a3fc2aface42e1c1aff,-1,-1
20068,IS1f79d3909f2f6c41b51c7,-1,-1
20069,Papa Mallard,-1,-1
20070,IS14a24fa63078baa56a8d4,-1,-1
20071,IS12065d63dbae632df5d4a,-1,-1
20072,Zelis,-1,-1
20073,DivideZero,-1,-1
20074,DarkkuTenshi,-1,-1
20075,Jungle K Thanks,-1,-1
20076,IS190d72670d50eb650d42a,-1,-1
20077,IS1842fb7a51bafcab3ffce,-1,-1
20078,IS1d2474e51874dc351bd2b,-1,-1
20079,IS14e341ac06bdb07c62fda,-1,-1
20080,IS10f6112e4780ac6cde319,-1,-1
20081,IS11e010dc02a8f53cec237,-1,-1
20082,phonetrace,-1,-1
20083,UILZAVSJ1,-1,-1
20084,Taul,-1,-1
20085,Freppi,-1,-1
20086,IS16ba90bb1d60913dffddf,-1,-1
20087,Fuccboi6969,-1,-1
20088,IS14b8bca29501e0b26cc2c,-1,-1
20089,PcVelvetHammer,-1,-1
20090,IS1e711854674823a3d3034,-1,-1
20091,alotofspiders,-1,-1
20092,Typeswole,-1,-1
20093,IS1932f037761c6bf9a46db,-1,-1
20094,meatspin953,-1,-1
20095,IS1ea189d9c352217bd3028,-1,-1
20096,IS1ced9cfb32a41b575afa4,-1,-1
20097,bluebottle,-1,-1
20098,IS1b6d0a18533c5975731fd,-1,-1
20099,LyD6eMVQ2h,-1,-1
20100,Gilastomper,-1,-1
20101,IS1b39b8015a7f506a67af2,-1,-1
20102,IS11e8fb824782187fb6b09,-1,-1
20103,IS157ac228b9e2015df4e3a,-1,-1
20104,IS116c9a87d721e301a61a7,-1,-1
20105,IS1fe132a296a3cedc58fd5,-1,-1
20106,IS18aed6c1effd016e3c9d1,-1,-1
20107,rebirth420,-1,-1
20108,IS14c1460557619b293af86,-1,-1
20109,IS1984d72d0d03408d26650,-1,-1
20110,chrono139,-1,-1
20111,IS138cffe3889f532b98b7c,-1,-1
20112,Nasuchi,-1,-1
20113,IS135ce92f245193aa94883,-1,-1
20114,IS10705355ff4fe66dc3731,-1,-1
20115,KzjywpuKf8,-1,-1
20116,DOTA 4 Ever,-1,-1
20117,IS1dd95c4a9b1a972b7f33d,-1,-1
20118,Comrade Laika,-1,-1
20119,Gallador,-1,-1
20120,DobS5gfIyI,-1,-1
20121,Phatkat,-1,-1
20122,Unkn0wN,-1,-1
20123,IS1bcc1a0c5a5b47748c31c,-1,-1
20124,ClicksMcGee,-1,-1
20125,IS1a3d8c3eb5b2840cfe5d2,-1,-1
20126,Elsam,-1,-1
20127,IS1027ee9e6a2d55747f945,-1,-1
20128,D4XY,-1,-1
20129,IS1ff914423f5d1bfba879b,-1,-1
20130,IS11872dd5a886d418f990c,-1,-1
20131,Devilnumber2,-1,-1
20132,IS1c6c4953d358c5fa06815,-1,-1
20133,xDarKnighTx,-1,-1
20134,IS1ebb7c4e5f58a067358ed,-1,-1
20135,IS1116cd9a2274737dc882e,-1,-1
20136,55UgbjtHYU,-1,-1
20137,IS1ccc8e872e601af4f56d1,-1,-1
20138,IS10f55a568774e589ccfcf,-1,-1
20139,Taleraas,-1,-1
20140,NorthKorean,-1,-1
20141,KainHolyDragoon,-1,-1
20142,IS110c9554eacfa196eba3e,-1,-1
20143,IS164591655e73e7c22c540,-1,-1
20144,JuliusII,-1,-1
20145,20145_DEL,-1,-1
20146,sjkTkY5zOD,-1,-1
20147,Hawkwood NHA,-1,-1
20148,Sturge,-1,-1
20149,Nonuss,-1,-1
20150,HLiNiC,-1,-1
20151,The Smak,-1,-1
20152,Silentghost,-1,-1
20153,IS126395c319950de90f0d1,-1,-1
20154,I Am Dx,-1,-1
20155,Zordock,-1,-1
20156,IS11fd3e9a7b54d9ae0e2f1,-1,-1
20157,IS1d1c088f793f2c3647e6f,-1,-1
20158,QuelCalvaire,-1,-1
20159,IS1d931ad8c5cec67f17e9a,-1,-1
20160,colloquial,-1,-1
20161,IS1ca64703dd6d2e920a90b,-1,-1
20162,Mr Grandewang,-1,-1
20163,IS1a9c4300568411fa3a4e6,-1,-1
20164,Nick Calvanese,-1,-1
20165,IS1535745699d05f0481ca4,-1,-1
20166,Failwhale,-1,-1
20167,Giichi,-1,-1
20168,IS1249f745a20da0215e889,-1,-1
20169,IS1c34de95c9a2655e48586,-1,-1
20170,IS1e3a0a794364791a4cd13,-1,-1
20171,IS112ef0303603a1c3faea8,-1,-1
20172,Not Sure What Do,-1,-1
20173,hibiki,-1,-1
20174,IS1caa97a193cb00302ed8b,-1,-1
20175,sharksdreamofblueskies,-1,-1
20176,IS1eb26a22db5421e92c405,-1,-1
20177,IS13744d3c724aed6c09830,-1,-1
20178,IS1bad42203aecc7759c56f,-1,-1
20179,IS10992b9fdc8e5eabc9b80,-1,-1
20180,Adio,-1,-1
20181,IS12da92162267b49df3b34,-1,-1
20182,IS1e08a951803b8f72e9e6c,-1,-1
20183,Kingkalif,-1,-1
20184,IS1d6ccd8d433fed457fb63,-1,-1
20185,IS1440aea46539676d70efe,-1,-1
20186,Stinger19,-1,-1
20187,Balsero,-1,-1
20188,IS14971203985cec5982a6b,-1,-1
20189,IS1be360e0bb8052e569358,-1,-1
20190,IS118aa3019f591b878b4aa,-1,-1
20191,Dinglefritzz,-1,-1
20192,IS1b8c3cfaceb0b2346fd77,-1,-1
20193,IS171b67b540a1aa09fa7b3,-1,-1
20194,GdO2sEwD6g,-1,-1
20195,Khajja,-1,-1
20196,IS148ba08646abb0014163a,-1,-1
20197,IS1161bdaa19c925928f74d,-1,-1
20198,IS1cda361dc0ad7219b5bc7,-1,-1
20199,IS18bbdb63f9afa4813e26b,-1,-1
20200,IS10a080384a366c7dcfe3c,-1,-1
20201,seso,-1,-1
20202,Blinder,-1,-1
20203,Pacosith,-1,-1
20204,Gav9n,-1,-1
20205,mikelorus,-1,-1
20206,Badguy8mb,-1,-1
20207,IS196b57066016531994c36,-1,-1
20208,IS1deb1507c4be9835fb12e,-1,-1
20209,IS18bcdd3f6763b4331329c,-1,-1
20210,busterkun,-1,-1
20211,AngryTourist,-1,-1
20212,IS173e7f5fc08c34b643a8b,-1,-1
20213,Durr7y S4nch3z,-1,-1
20214,IS1c82f38fef8b518aef833,-1,-1
20215,RomanticGrandDad,-1,-1
20216,IS183d23b85d85e5bb3ede5,-1,-1
20217,IS1a57705888f19d6e47d04,-1,-1
20218,verocc,-1,-1
20219,IS132a0628bf7a6f1b8ed42,-1,-1
20220,BokuWaKuma,-1,-1
20221,IS1f2606c39775f65afae4d,-1,-1
20222,Feeding Rammus,-1,-1
20223,IS120a12979e7acaeae4add,-1,-1
20224,Laixy,-1,-1
20225,IS15c528140126a3deb730e,-1,-1
20226,IS1801927941e0ab185442f,-1,-1
20227,IS13427d8408d2f11f5fd9e,-1,-1
20228,IS11bac0957a00d043aedcb,-1,-1
20229,D7wax5ZopW,-1,-1
20230,Huskin,-1,-1
20231,IS1bc1beeb79a33da67b5df,-1,-1
20232,IS130409305d1aa5020e7c7,-1,-1
20233,Shalkoom,-1,-1
20234,Zekit,-1,-1
20235,IS15e557dd3c47454690632,-1,-1
20236,FavionCast,-1,-1
20237,IS19743e54fa5fdc79f8702,-1,-1
20238,IS124c4f2e5767545f76f8f,-1,-1
20239,Blite Bites,-1,-1
20240,AntcDude,-1,-1
20241,Elrode,-1,-1
20242,malelan,-1,-1
20243,Jhabberwoky,-1,-1
20244,Scuzzle,-1,-1
20245,IS1a13bd2d70d377ce4ada9,-1,-1
20246,IS177fb2c3c4a6809a1780f,-1,-1
20247,sRI3ly3pMV,-1,-1
20248,benjpac,-1,-1
20249,IS13cf6aa691a42320d86f5,-1,-1
20250,bigfatness,-1,-1
20251,Meltz0r,-1,-1
20252,IS1dca4fca5d84c4ee09df5,-1,-1
20253,Jakeallmyt,-1,-1
20254,IS15ff68fb2512de815a8f9,-1,-1
20255,IS1cd107c829cfa92fba995,-1,-1
20256,chaar,-1,-1
20257,Zesty,-1,-1
20258,IS13d00671fa6b2a06e5154,-1,-1
20259,IS1ef953734969c6aeee8d4,-1,-1
20260,IS1642b5d9a38f215a23b5a,-1,-1
20261,sBroxGZl0y,-1,-1
20262,astric,-1,-1
20263,PenisMcButt,-1,-1
20264,DrChunk,-1,-1
20265,Natneyi,-1,-1
20266,IS111c6360b4dc71928ebe2,-1,-1
20267,Shunter,-1,-1
20268,apropos,-1,-1
20269,IS1932691855abd98fd219a,-1,-1
20270,Krik Bantum,-1,-1
20271,IS12cbc93691d496b64aa61,-1,-1
20272,kalimac,-1,-1
20273,BadBoyGalego,-1,-1
20274,Genbok,-1,-1
20275,nahCoel,-1,-1
20276,IS1c53c3df3d8f9846b5161,-1,-1
20277,Aiden2002,-1,-1
20278,IS19086caa881b52de2a661,-1,-1
20279,sBuYP4GVME,-1,-1
20280,Greg The Defiler,-1,-1
20281,LeagueOFistingMe,-1,-1
20282,IS127a334686e16b14d0faa,-1,-1
20283,IS1585241ed4426dc697cc8,-1,-1
20284,Hewbeh,-1,-1
20285,bottlerocket,-1,-1
20286,IS19ee934bf8ae37c031191,-1,-1
20287,IS1afd70e86944d5501cb3e,-1,-1
20288,IS1e62f171ff71744191f0e,-1,-1
20289,DASCAPN,-1,-1
20290,Avonclese,-1,-1
20291,atastypi,-1,-1
20292,Fragnat,-1,-1
20293,Kryptonite,-1,-1
20294,IS1a85acd2d4ff824ab03ea,-1,-1
20295,Boros,-1,-1
20296,SHiNRaVeN,-1,-1
20297,amerc,-1,-1
20298,Ander,-1,-1
20299,IS115d643a2c178be54c4f3,-1,-1
20300,IS1c717935bc4c6aa9fe736,-1,-1
20301,IS16fb6468639d5f03af022,-1,-1
20302,IS1a2c6efe5649a72a8c43f,-1,-1
20303,i0Df54hSXL,-1,-1
20304,IS1494d83cf308dcf9e2583,-1,-1
20305,IS18c9225f323757f547b06,-1,-1
20306,Defamir,-1,-1
20307,IS192c959d8566d3ecd5f56,-1,-1
20308,wu884962,-1,-1
20309,PatrickBatman,-1,-1
20310,IS10bd86f86a3bb84fc7aa2,-1,-1
20311,Adirage,-1,-1
20312,FfILxi8IQA,-1,-1
20313,RubyRonin,-1,-1
20314,Myrho,-1,-1
20315,IS1907c565f6ffe58bec4f1,-1,-1
20316,4OuxWUEF4z,-1,-1
20317,IS1350fbab77ed1d2d16df3,-1,-1
20318,CbzPy1MKxG,-1,-1
20319,IS1f10de1fd34c0a75b5259,-1,-1
20320,IS10e683c77432a8,-1,-1
20321,IS1c8f15b6d507a43bd2c00,-1,-1
20322,Lovic,-1,-1
20323,Bearriere,-1,-1
20324,IS1201a49e32f43405078d0,-1,-1
20325,EightMegsOnly,-1,-1
20326,7ft Heron,-1,-1
20327,IS1293b8ec542bc27feab3d,-1,-1
20328,IS1e6f3c6097c2c4df4e0be,-1,-1
20329,IS1ec662e13e39d929d6e3d,-1,-1
20330,IS1e6c7ff9b6fb795926c3b,-1,-1
20331,IS164d5955c31dd6c6d8690,-1,-1
20332,IS103cd33dd937236b9a8cb,-1,-1
20333,IS15afc1ae856121ebc71d1,-1,-1
20334,Sevatarion,-1,-1
20335,IS1932019d80a352cafb764,-1,-1
20336,MrBS,-1,-1
20337,f0SSXOB4V0,-1,-1
20338,arfortney,-1,-1
20339,IS1cf1d41e07bb366c760c6,-1,-1
20340,Boydk,-1,-1
20341,IS10fc2d19f15a4fa6738ff,-1,-1
20342,BRASKINATOR,-1,-1
20343,IS1300c934cff48aff270f9,-1,-1
20344,Boondock,-1,-1
20345,f42hZSiuUo,-1,-1
20346,IS1b78d8b44a984bab0dd09,-1,-1
20347,u49Oz1Vthq,-1,-1
20348,Saraqael,-1,-1
20349,IS1323887c3c32797558149,-1,-1
20350,IS1fd640765cab52eeac879,-1,-1
20351,TeemoFanClub,-1,-1
20352,FrostZebra,-1,-1
20353,Aasem,-1,-1
20354,m2C5qqmZlp,-1,-1
20355,IS19e3f37cb076e4c5f4ecb,-1,-1
20356,IS1671646e4d7828a69d534,-1,-1
20357,Ge2n37XFxn,-1,-1
20358,korncob,-1,-1
20359,IS1775b99d2f68b169d2764,-1,-1
20360,Unknaider,-1,-1
20361,IS144b660b3df0ed5e8c656,-1,-1
20362,IS15bbb8c6ae7e545075931,-1,-1
20363,Shinesa,-1,-1
20364,shinsuku,-1,-1
20365,Trymph,-1,-1
20366,Ernie McBernie,-1,-1
20367,IS1cfa1f610bbfd3676db26,-1,-1
20368,hUvSznRwtI,-1,-1
20369,veigar551,-1,-1
20370,IS1162335b5856b05987b7d,-1,-1
20371,shadowryu,-1,-1
20372,Maj,-1,-1
20373,7ubYcfgTPh,-1,-1
20374,akutsito,-1,-1
20375,Capitan Huehue,-1,-1
20376,Andoo,-1,-1
20377,IS1b74f4b08e248e5b4ead0,-1,-1
20378,Kiltred,-1,-1
20379,IS13c169ecbb4d02bbe32a5,-1,-1
20380,Thruls,-1,-1
20381,Jyakura,-1,-1
20382,Hatrikk,-1,-1
20383,IS1e5182f66180ce8294ca9,-1,-1
20384,IS1d7eab08afe74d6bd1534,-1,-1
20385,b3rwyn,-1,-1
20386,IS14b7ef8aa6eb5cdfbec82,-1,-1
20387,Kjah,-1,-1
20388,Mrekoms,-1,-1
20389,Z3 Cronde,-1,-1
20390,IS1c13a4eb3d7f023fd42a6,-1,-1
20391,AleXo,-1,-1
20392,IS1e82c9183b1efe946f869,-1,-1
20393,IS19da61b1ca433c866d9e5,-1,-1
20394,ximmix,-1,-1
20395,GrayAngel,-1,-1
20396,IS19e95c60ad4ba6ce2fa05,-1,-1
20397,sans,-1,-1
20398,sxAtrain,-1,-1
20399,DrZee,-1,-1
20400,Babo4u,-1,-1
20401,IS1a24078cb09b1815ddea5,-1,-1
20402,IS181a73d957f604eac03f9,-1,-1
20403,IS16f6a49cbbd27f89605e3,-1,-1
20404,Z1 Rare,-1,-1
20405,IS1ac259c0e0a0043049627,-1,-1
20406,iYUhi0IQGU,-1,-1
20407,Arsenic,-1,-1
20408,asdf555,-1,-1
20409,IS1c8e89564ac7391bb3f76,-1,-1
20410,2a96C4cjtu,-1,-1
20411,GreenieMeenie,-1,-1
20412,Duddlez,-1,-1
20413,IS149c386b46a840307c3e1,-1,-1
20414,Aurakean,-1,-1
20415,HMvE8xwheE,-1,-1
20416,IS1ae26f759d0ea96989a64,-1,-1
20417,Azora,-1,-1
20418,Ryarsh,-1,-1
20419,Fallin133,-1,-1
20420,Martina,-1,-1
20421,IS11f458594062ff3d2166b,-1,-1
20422,barnaby,-1,-1
20423,IS17d15bdd1257fa10a0879,-1,-1
20424,orcahol,-1,-1
20425,Dr McSplosions,-1,-1
20426,IS1f3cdfb7c163870d3e54d,-1,-1
20427,IS185ea42f8cac93a92487a,-1,-1
20428,IS12869429c3c39989a073b,-1,-1
20429,Sharkfeet,-1,-1
20430,Roxbott,-1,-1
20431,IS1946bb67dbf971efface1,-1,-1
20432,IS1cfdfabfa603816d6ca4f,-1,-1
20433,Deadman 24601,-1,-1
20434,IS11f4b87c8a82b4c454ed1,-1,-1
20435,IS1ef385187c60b08cb5c10,-1,-1
20436,KLmyYkPH3g,-1,-1
20437,Shirogod,-1,-1
20438,IS19ece4d09dec75a8b0166,-1,-1
20439,l EAT DlCK,-1,-1
20440,MpCDragonlord,-1,-1
20441,IS1d73136bd5c7c07872113,-1,-1
20442,razR Gurtz,-1,-1
20443,IS1d2c86c758ffe6ea3ea99,-1,-1
20444,nod43,-1,-1
20445,IS14e6d42d9b56fbad30faf,-1,-1
20446,mentho,-1,-1
20447,Arebane,-1,-1
20448,mccodyb,-1,-1
20449,IS176c82fd826b939035c4e,-1,-1
20450,balaus,-1,-1
20451,Bathazard,-1,-1
20452,IS18005a0f7487810055e81,-1,-1
20453,IS19a6c5040d80a2152ce35,-1,-1
20454,IS1e6a4f488ff1c138b0ce8,-1,-1
20455,IS10a8b7dfdf0de29d556d8,-1,-1
20456,Zenax,-1,-1
20457,IS1e770aa0fdae2241feba3,-1,-1
20458,pretentious,-1,-1
20459,chaoticdeamon,-1,-1
20460,Alexed,-1,-1
20461,Papachulo,-1,-1
20462,Kn1ghtHawk,-1,-1
20463,IS1b73ab974060acc36e146,-1,-1
20464,Armeggadon,-1,-1
20465,CognitivePlane,-1,-1
20466,IS198842d2a1ef7b741c562,-1,-1
20467,Vulden,-1,-1
20468,TheBiter,-1,-1
20469,IS1e05a0ef28d75738b2f8b,-1,-1
20470,IS12368da71f047fa1d62ae,-1,-1
20471,IS170a3379ebfa0f21d88fa,-1,-1
20472,bongonaut,-1,-1
20473,IS12e09343d229e1bfd1c4a,-1,-1
20474,BADcarcharoth,-1,-1
20475,Arrow,-1,-1
20476,IS17df7d4a41e37319a8bb2,-1,-1
20477,IS13dcc23d67842d66e75e4,-1,-1
20478,IS16f035c71ff45c396b7b1,-1,-1
20479,Arthori,-1,-1
20480,Manufacture,-1,-1
20481,IS1278cff8c64602c15f494,-1,-1
20482,IS15e29f4420a6f4ef2b7cb,-1,-1
20483,FrontEmber,-1,-1
20484,darthballs,-1,-1
20485,Z3 Urza,-1,-1
20486,Zapo,-1,-1
20487,IS1a52c66e09344421903ff,-1,-1
20488,MarcusUAurelius,-1,-1
20489,IS195adecaaa63048a18d50,-1,-1
20490,c9NtTRtpQo,-1,-1
20491,IS1fd5ca986bd9972d20b7a,-1,-1
20492,Gamof,-1,-1
20493,IS14281f6a46925e49821b2,-1,-1
20494,IS17166913c3e8dec47ad07,-1,-1
20495,ayashifx55,-1,-1
20496,Ocean of Lust,-1,-1
20497,IS1c6b9d1b1b7bba345138b,-1,-1
20498,Sunburst,-1,-1
20499,IS1f7bf4382bf8fa7ea945e,-1,-1
20500,IS1d99e5ea5185c1fcb1b19,-1,-1
20501,IS10f86959e5f2fcd90da51,-1,-1
20502,EllaElla,-1,-1
20503,IS11353dfbc8e4a14df280e,-1,-1
20504,IS18ffb2b01e3910edff2bc,-1,-1
20505,IS198403d5954cd5e0b7b30,-1,-1
20506,IS1f4adacdb88e615550686,-1,-1
20507,Bu3no,-1,-1
20508,BlueGnu,-1,-1
20509,Elmaik,-1,-1
20510,baddman,-1,-1
20511,AVT,-1,-1
20512,IS16e2ba9790f674a4c906f,-1,-1
20513,efkZ,-1,-1
20514,IS1c65c3778e53776b416d6,-1,-1
20515,IS140ad7f66d375722ec86e,-1,-1
20516,9vJ4lQhfL4,-1,-1
20517,IS15f432ede85b03e8af0a1,-1,-1
20518,IS11ff97bfa8f71da0171e0,-1,-1
20519,IS13c871b120a870f4d730e,-1,-1
20520,IS1deb6a5dc5610ef2081a9,-1,-1
20521,Anthrox,-1,-1
20522,BDON,-1,-1
20523,Aljap,-1,-1
20524,kmctua9rop,-1,-1
20525,Malchoix,-1,-1
20526,IS1a10c7dc6844badeeb9de,-1,-1
20527,Bridogz,-1,-1
20528,Doolwind,-1,-1
20529,Celsius,-1,-1
20530,9uLO2N0W9U,-1,-1
20531,SilentStrike,-1,-1
20532,Blakbeanie,-1,-1
20533,IS1f3d040ad7c1f0d9fece0,-1,-1
20534,IS1c5018171cca8f8dbc5fa,-1,-1
20535,projectleet,-1,-1
20536,IS13d28836e5de55882f1e6,-1,-1
20537,Spicy Sherm,-1,-1
20538,Valmane,-1,-1
20539,craftymaster,-1,-1
20540,IS15e7ace9da7c544327174,-1,-1
20541,IS19b3ab6e18308dd49a3c3,-1,-1
20542,James Pringles,-1,-1
20543,IS133ad651aa3b259ea88e9,-1,-1
20544,IS101b7e1f23496110ae207,-1,-1
20545,IS15bdac0bc2667a2eb62b3,-1,-1
20546,Aladas,-1,-1
20547,Mutee,-1,-1
20548,Cross Fire,-1,-1
20549,Moley,-1,-1
20550,baskot,-1,-1
20551,IS19f3546abff75421dc557,-1,-1
20552,bmgt,-1,-1
20553,IS10c3e9cd89a0ae87c2813,-1,-1
20554,gWIU2krzKh,-1,-1
20555,IS1457367e2d53a9d0baddb,-1,-1
20556,IS10e75a246f66753d2fce3,-1,-1
20557,arcoraven,-1,-1
20558,0besius,-1,-1
20559,IS1723d70198239ad918d31,-1,-1
20560,Ichron,-1,-1
20561,ualwayslose,-1,-1
20562,ApeKnave,-1,-1
20563,Astyrrian,-1,-1
20564,AirSalad,-1,-1
20565,IS1452694a193e668e38ad1,-1,-1
20566,4uHcWFJn9i,-1,-1
20567,Go0mba,-1,-1
20568,0rphan,-1,-1
20569,Elvine,-1,-1
20570,IS1ec5ea328aee2f7b14136,-1,-1
20571,ElGoocho,-1,-1
20572,BigHingo,-1,-1
20573,Undefined,-1,-1
20574,Cuahetmoc,-1,-1
20575,Yozomda,-1,-1
20576,Barbadus,-1,-1
20577,IS1fa0eac8eb77266ae3efd,-1,-1
20578,IS1a45b3ba8b16874b6034d,-1,-1
20579,IS1c95a062b84eb57b96058,-1,-1
20580,dXFCT9KOP3,-1,-1
20581,IS1afbb7d581d8244dcaef2,-1,-1
20582,Nysiv,-1,-1
20583,IS1c5781718a8d879d9cd24,-1,-1
20584,IS1ddb73604f6240b83ea68,-1,-1
20585,IS121909335a60ea7fb7c59,-1,-1
20586,IS10d9cb93c897bf6515cd3,-1,-1
20587,IS11a8932b7fac0c3bf3cc2,-1,-1
20588,IS17620476f6d70697fec61,-1,-1
20589,IS1e92e0e5f2f4ba8c288b0,-1,-1
20590,MetaZen,-1,-1
20591,Grand Victory,-1,-1
20592,Bocho,-1,-1
20593,UncagedFalcon,-1,-1
20594,Haters be Rollin,-1,-1
20595,IS1aa3b355627beaaf50d33,-1,-1
20596,IS15c6b73be4bfbd546b1d3,-1,-1
20597,hSokKE6GED,-1,-1
20598,Dreylen,-1,-1
20599,cork,-1,-1
20600,IS1d7623b321cfe91ca4c9f,-1,-1
20601,Slipcarb,-1,-1
20602,Lucretian,-1,-1
20603,IS1613e980104db94ae53c9,-1,-1
20604,Riot rabidmonk,-1,-1
20605,KlokDaBasher,-1,-1
20606,IS12c6d7af57c6093632919,-1,-1
20607,Xenif,-1,-1
20608,IS16deeaa332196ad0ebabb,-1,-1
20609,IS1a3776b0b8f20e6868d94,-1,-1
20610,IS113be2209480bb5ee5a63,-1,-1
20611,IS18cba14cf28fc22ff2e18,-1,-1
20612,Ux5hHY9JDD,-1,-1
20613,NoRagretsNomSayn,-1,-1
20614,borick,-1,-1
20615,Sahd,-1,-1
20616,IS10c69dec9d4f78c9529b6,-1,-1
20617,IS14c7006902e2d64c1c4a6,-1,-1
20618,IS1759c48f120c164f66594,-1,-1
20619,IS1f6b502b0b200db6c8820,-1,-1
20620,IS15a8850737e7ed2998b2c,-1,-1
20621,IS15058ecfc895c9b2097dd,-1,-1
20622,ATCCXfqMSS,-1,-1
20623,tkund1HYj4,-1,-1
20624,MisterPopo,-1,-1
20625,xRaen,-1,-1
20626,Chlikaflok,-1,-1
20627,Doomo,-1,-1
20628,IS11cebf9f3218be972e46e,-1,-1
20629,IS1145280f157ace0740dc3,-1,-1
20630,IS15e9b45aa5fb1a82c6648,-1,-1
20631,IS16db23227ab287b1eea1b,-1,-1
20632,BotD,-1,-1
20633,IS14bf1c44945df5c3167fe,-1,-1
20634,Skadii,-1,-1
20635,Arkaal,-1,-1
20636,WooFreakinHoo,-1,-1
20637,Proxy711,-1,-1
20638,IS139f9c4c0036b123ee12d,-1,-1
20639,Ziath,-1,-1
20640,IS1bb4218eeb9546578dd20,-1,-1
20641,Z2 helmer,-1,-1
20642,Feed or AFK,-1,-1
20643,IS1536bc3d7ea8628152941,-1,-1
20644,IS104ba9abb7316c858aabe,-1,-1
20645,IS15e5be984f34cc200a848,-1,-1
20646,Chee42,-1,-1
20647,IS1d76cfff0dc4189a5df2a,-1,-1
20648,SlyTripp,-1,-1
20649,IS1d3c10128e04c4d64e0e4,-1,-1
20650,IS1286a59daa6913b170a67,-1,-1
20651,IS1d89461538b61127884ce,-1,-1
20652,beefedyabbi,-1,-1
20653,IS16ac1108ad72106a74dc2,-1,-1
20654,IS10f6a84149692ad5c8616,-1,-1
20655,IS1b062c33ac4282fdaef75,-1,-1
20656,IS19065aa8738b5c569967b,-1,-1
20657,ChaosOnFire,-1,-1
20658,IS11649b553212e0b61731f,-1,-1
20659,IS168d8c124728d77d544cd,-1,-1
20660,YyQ40wU5k8,-1,-1
20661,IS1e1907c70ac5d9b29edcc,-1,-1
20662,Dikun,-1,-1
20663,IS1949bd725f62f1d1bd796,-1,-1
20664,IS1c2573c761fb6de79102b,-1,-1
20665,IS17f50b58835da9f6e1d46,-1,-1
20666,IS1d4fa4c73335747f35fa1,-1,-1
20667,IS161eea4c7b63d8da8a64b,-1,-1
20668,IS113fcbe9bd5ad68d18f56,-1,-1
20669,IS1a78ac940110c1de68ec0,-1,-1
20670,Durandil,-1,-1
20671,morbidape,-1,-1
20672,4NG451Vm2O,-1,-1
20673,IS143a491a760184828aa78,-1,-1
20674,IS10c4254668fedafa137ca,-1,-1
20675,IS15dd494e0d598510d5913,-1,-1
20676,IS1378aae14cba6beac8a1c,-1,-1
20677,IS16bbe72fd5e3a2855c764,-1,-1
20678,Zeldrak,-1,-1
20679,JC Weiller,-1,-1
20680,Salabar,-1,-1
20681,IS1d4340291fd74318bffe2,-1,-1
20682,IS1c51f338ad911e492ec8e,-1,-1
20683,macboy,-1,-1
20684,IS195e7d2eba55e085aae3c,-1,-1
20685,bryl,-1,-1
20686,IS1be30b1e6d3c296f19e58,-1,-1
20687,Serenikill,-1,-1
20688,IS1ea015e2303ae58d829bf,-1,-1
20689,ErwinNH,-1,-1
20690,Igbeard,-1,-1
20691,Hibity Dibity,-1,-1
20692,TheSyX,-1,-1
20693,IS159e9dadcf74923222e2b,-1,-1
20694,IS10763b6630ef0402cbe32,-1,-1
20695,IS1caa19e36c3b218955141,-1,-1
20696,IS14d210ead230e118f6d4d,-1,-1
20697,IS111b82bd90553b7a96ac6,-1,-1
20698,IS1579371daaadab524fc84,-1,-1
20699,IS10d4f874e31e15fbeb082,-1,-1
20700,IS17d8f3faedbe9004233b0,-1,-1
20701,IS1d33affde6c1b1af4bb2f,-1,-1
20702,bleh1122,-1,-1
20703,IS19f094a2b103001f0dff1,-1,-1
20704,estikalos,-1,-1
20705,IS16a83f1af1fc45af2de5b,-1,-1
20706,IS178d562fa17920c57977f,-1,-1
20707,IS18dd0a3bf62e1d9512403,-1,-1
20708,IS1a18ae946d7527cdebbac,-1,-1
20709,IS1529681a44d6e9c961c4d,-1,-1
20710,IS18123d5c85e7c95045b8d,-1,-1
20711,MrMunchkin,-1,-1
20712,bV05MB4QQR,-1,-1
20713,Brozmahel,-1,-1
20714,drAY8DvhUA,-1,-1
20715,gEyppj1W30,-1,-1
20716,Datafiend,-1,-1
20717,IS120c804ddc69ae4a48d9d,-1,-1
20718,Sipep,-1,-1
20719,IS13bb1314c6cf8e18a99e4,-1,-1
20720,VOODOOMOOSE,-1,-1
20721,IS16208789cf94b71412dc8,-1,-1
20722,IS1833578d5ee14a9a3c5b8,-1,-1
20723,IS1634fd7a873faea7e41ba,-1,-1
20724,IS13012229fb9cd465bdcfe,-1,-1
20725,IS153246eb240f198322336,-1,-1
20726,IS19f9af4d1aa05a3df378e,-1,-1
20727,IS11d3ff1d50bc3a89ac9b3,-1,-1
20728,IS1b32965455a1e507c944f,-1,-1
20729,Negrura,-1,-1
20730,Camisa,-1,-1
20731,moers,-1,-1
20732,IS1d57eebb9540ac92d8cbf,-1,-1
20733,IS1494826add1d403863257,-1,-1
20734,IS122ab4bcac1af0412e2ab,-1,-1
20735,IS1cb380e8608d2241f5523,-1,-1
20736,IS119656f7c6e6454e840e0,-1,-1
20737,Isra,-1,-1
20738,cevenx,-1,-1
20739,IS1c033d560dd1318b2707b,-1,-1
20740,UnrivaledAU,-1,-1
20741,IS192c96fcafeb701076aed,-1,-1
20742,CemixV,-1,-1
20743,IS1fa8192abdf6fb2dde004,-1,-1
20744,Trisin,-1,-1
20745,IS130207aeea09cc88b3988,-1,-1
20746,IS11b65aca9d6d1592b41ad,-1,-1
20747,IS1b3ef456839ea878a0ab8,-1,-1
20748,IS1c855e0041af836222bb4,-1,-1
20749,IS1fedf9e2bd429875471c0,-1,-1
20750,IS1343afce967d7e3412370,-1,-1
20751,IS11e5bad259d797cca3950,-1,-1
20752,IS1f5e6a675c4c06f2fbd79,-1,-1
20753,IS1679fb3d5058fa669b8b0,-1,-1
20754,theriteofspring,-1,-1
20755,IS123e563e17b79e41693ba,-1,-1
20756,KEqc9xs8rA,-1,-1
20757,IS1b6a55ff6a892fb69cfcc,-1,-1
20758,lucksac,-1,-1
20759,IS1ca7ea9c1889ccc3416ee,-1,-1
20760,IS1dadc20c85a7b1b455fa1,-1,-1
20761,curt1234,-1,-1
20762,Stickyfinger,-1,-1
20763,IS18a553f49c085ee06bb15,-1,-1
20764,Violater,-1,-1
20765,IS1b321fd81a10586907434,-1,-1
20766,DN4q3TMdqA,-1,-1
20767,IS192cb67c316a669ffe591,-1,-1
20768,IS1928cbf91a70f4e2b1217,-1,-1
20769,aerobars,-1,-1
20770,twonines,-1,-1
20771,Pudly,-1,-1
20772,BYOBaconstrips,-1,-1
20773,IS14f12591f840c4d72d7ac,-1,-1
20774,Chriton,-1,-1
20775,IS1aac3c5c1bf09c5eabd17,-1,-1
20776,IS199eb05a741574188a823,-1,-1
20777,IS1b33ee6c695e3d6d3fd1a,-1,-1
20778,IS1063d81a2ae71e365a81c,-1,-1
20779,IS159c82e827d18b492da8f,-1,-1
20780,IS186c56be6b676999d8f00,-1,-1
20781,IS15b726a8b5685ce1a3766,-1,-1
20782,IS1e9a208274a1ca8135221,-1,-1
20783,Bobin,-1,-1
20784,IS1ed11c6474ea350d42183,-1,-1
20785,Farzan,-1,-1
20786,Baryboo,-1,-1
20787,IS1820502944b52ab87e7ee,-1,-1
20788,IS1d5c58d0339942b658a71,-1,-1
20789,Mehve,-1,-1
20790,IS1e92c5aca1d4bf9de0b2a,-1,-1
20791,AP Welker,-1,-1
20792,IS1dd83c73415b64afda334,-1,-1
20793,IS1f09a4722e16511f82caa,-1,-1
20794,SaltySandwhich,-1,-1
20795,IS1147de0853a9b6ba8d0ce,-1,-1
20796,IS12df224a5c404d8f9f365,-1,-1
20797,IS144ddade56fca3cd710f5,-1,-1
20798,Ghimb,-1,-1
20799,IS174e934d5935f8a3d1413,-1,-1
20800,IS1536fbd862f2e43bf1175,-1,-1
20801,IS16e7ecb2d6f766dcf33b0,-1,-1
20802,Akedian,-1,-1
20803,Katsuhiko,-1,-1
20804,Shrena,-1,-1
20805,IS16e7e2356ad52c5079d16,-1,-1
20806,IS132b5f4bf6d96aca9b925,-1,-1
20807,PKc2nu2fVx,-1,-1
20808,IS108aaf7f741dabbe5b0f6,-1,-1
20809,IS1ef9b1caa21e451877fe1,-1,-1
20810,bluntz,-1,-1
20811,RFC Sir Swipington,-1,-1
20812,RFC Crispy,-1,-1
20813,Mythco,-1,-1
20814,IS1ddc30e89d25b3bfe6d6e,-1,-1
20815,mUsDaF5vwu,-1,-1
20816,IS15f27a5aaaf156579a650,-1,-1
20817,IS119b5eba6eca5d0c69382,-1,-1
20818,CosmicShadow,-1,-1
20819,IS1cfd5d8424ca570a6e93f,-1,-1
20820,IS176c37daa950b502c850e,-1,-1
20821,PandaDaBear,-1,-1
20822,00L14N,-1,-1
20823,MyFacialRegion,-1,-1
20824,IS19b904b7eabdd38e89235,-1,-1
20825,IS1fcfa4e50b8f9b46a38bf,-1,-1
20826,IS1c08f4d40ccf873451a4e,-1,-1
20827,BBkFQFNt0x,-1,-1
20828,IS1698624b9905f1bc4de6c,-1,-1
20829,The Shmoop,-1,-1
20830,IS1df2e5b93a69c44edd421,-1,-1
20831,XrtLNLTl46,-1,-1
20832,chrisneed,-1,-1
20833,ImColby,-1,-1
20834,IS1ded49457c65ce367eab7,-1,-1
20835,IS1b18c03ab31072ffbbecd,-1,-1
20836,IS126a87392d98bb1fd81c3,-1,-1
20837,IS1445e3cac18440a448424,-1,-1
20838,IS120c4ebd29757ec1b65c1,-1,-1
20839,IS141a759fa5a90e906c883,-1,-1
20840,clarencebuckston,-1,-1
20841,VeGZSX8MPI,-1,-1
20842,Arx4,-1,-1
20843,mdong,-1,-1
20844,Axel B,-1,-1
20845,IS1c01205314e121a0ee8c2,-1,-1
20846,IS1f4811da769b66370f7dc,-1,-1
20847,IS16cbc8c782be1a3548533,-1,-1
20848,IS18a452dc6823e38c4721e,-1,-1
20849,Aviados,-1,-1
20850,IS1f417f8c787235f66f350,-1,-1
20851,IS1b2d227920e8fb5ece40b,-1,-1
20852,IS109fd68ccb9be0f9d9ade,-1,-1
20853,IS1011bb923c11b2bc2e5fd,-1,-1
20854,IS1f74cbff9dd2a13d81bd2,-1,-1
20855,IS1eda165eb49cc3015fd9e,-1,-1
20856,Avongard,-1,-1
20857,IS1d4a647ee75ec79bc60cd,-1,-1
20858,IS15c60dd351cd33856950b,-1,-1
20859,JDMASFlower,-1,-1
20860,IS164852ac9b3e8b8b71576,-1,-1
20861,Ayss,-1,-1
20862,3tpNqu3ey2,-1,-1
20863,IS14396ae3966f3b0ab1f1b,-1,-1
20864,IS1a08481c942a7f794300e,-1,-1
20865,IS1220745ba2e9c7193ee3e,-1,-1
20866,cCNJMkDEol,-1,-1
20867,cbloss,-1,-1
20868,MrNicolasRage,-1,-1
20869,IS14691cb5c32180389aa0e,-1,-1
20870,IS14aa73d8c082d2e00a186,-1,-1
20871,IS1690823d30d15269a980d,-1,-1
20872,IS19723bdce7208c1e1dc5e,-1,-1
20873,IS181b7accd1a312f418830,-1,-1
20874,IS1c38245ad6f1a1d1f4c7a,-1,-1
20875,Letrum,-1,-1
20876,IS123c11b3ed80f613e8863,-1,-1
20877,IS1b24332059399de7d6b97,-1,-1
20878,FeedQuota,-1,-1
20879,BdyleHsley,-1,-1
20880,Chirmaya,-1,-1
20881,Relkan,-1,-1
20882,Slayitquick,-1,-1
20883,FroBlock,-1,-1
20884,Pard,-1,-1
20885,pornopirate,-1,-1
20886,Cremali,-1,-1
20887,dprov,-1,-1
20888,IS193c20a0762a801bcb446,-1,-1
20889,IS112e180b602879bd3c129,-1,-1
20890,IS14d8c0efd009c98147f72,-1,-1
20891,IS13f70187a007859af892e,-1,-1
20892,chaosmasha,-1,-1
20893,Not even srs,-1,-1
20894,IS1cf6a77d3083885b60907,-1,-1
20895,Ozzudno,-1,-1
20896,IS148e28068406f64765596,-1,-1
20897,IS1fc39549c0b3cbe197ceb,-1,-1
20898,IS14b600e247c814cc12734,-1,-1
20899,IS131717e8a18f2dc9edc19,-1,-1
20900,Salvatore55,-1,-1
20901,Chai,-1,-1
20902,JolietJake,-1,-1
20903,IS18e0ade28a558503bd998,-1,-1
20904,IS150a9d34b588479d20c9f,-1,-1
20905,Zenador,-1,-1
20906,Nihill,-1,-1
20907,IS1f4705e9f8b039695ebe0,-1,-1
20908,IS14b586dcbc6cbba55961b,-1,-1
20909,OCDorky,-1,-1
20910,IS171e3c7f552a32affdbe5,-1,-1
20911,IS14c3e13a69881876a9cdf,-1,-1
20912,Aism,-1,-1
20913,IS1b6ea9ebcb33e851e93b8,-1,-1
20914,IS11b49ad1fe1acb32ac852,-1,-1
20915,IS119d23aae93d16d3c744a,-1,-1
20916,IS1b4de22406b60a8f8e369,-1,-1
20917,IS11dc47393d98b24138964,-1,-1
20918,IS119cfdc7c8cbef7f9f2e3,-1,-1
20919,1337,-1,-1
20920,Pastafarian,-1,-1
20921,Cronoh,-1,-1
20922,Mamnyan,-1,-1
20923,IS10d78f5625807177a3db0,-1,-1
20924,IS1cc6877ea974d7f920589,-1,-1
20925,Jonah379,-1,-1
20926,IS1b6135138917091c41d6d,-1,-1
20927,IS118c23dae392753edacf8,-1,-1
20928,IS18020a939fa3566b1f543,-1,-1
20929,ninja,-1,-1
20930,IS133badc4c55b0c67a056d,-1,-1
20931,IS1ff9ed62a35991fc7af53,-1,-1
20932,djLOLisJOKEsonya,-1,-1
20933,IS1de11b1d125b787158088,-1,-1
20934,IS11ac6f4826d46646d2551,-1,-1
20935,yJm4RPLguZ,-1,-1
20936,Sanofire,-1,-1
20937,IS1e00a2e2b017859dde995,-1,-1
20938,AngelJello22,-1,-1
20939,UltimateInUrFace,-1,-1
20940,IS164095f9cad3298f1057a,-1,-1
20941,IS1149373c2c7acdd53f0c2,-1,-1
20942,IS12a54c2dffb2274683c07,-1,-1
20943,IS16d038137a3b480c2e639,-1,-1
20944,IS1e1a45c7642ab8dcd713b,-1,-1
20945,IS1fa05832f9c3032d10123,-1,-1
20946,IS13737467c90974b3ff70c,-1,-1
20947,IS1788234fa94f496ae3478,-1,-1
20948,IS1568f1abeb455e1dcf5e4,-1,-1
20949,IS10b44cb4a94424aa510bf,-1,-1
20950,Mr Tusks,-1,-1
20951,IS107e1b60739ef01e432c8,-1,-1
20952,IS12c73228d80154ec7bf39,-1,-1
20953,kMey59oDqr,-1,-1
20954,IS131b7cf92ef1e78befcbf,-1,-1
20955,6zQiwEB60O,-1,-1
20956,IS19783e9f4159877dc80ac,-1,-1
20957,IS1052b5d3469f46c5c957c,-1,-1
20958,cyph0rg,-1,-1
20959,IS121b9ca3f9e25c05c5293,-1,-1
20960,RedForty,-1,-1
20961,Couchking786,-1,-1
20962,IS12321548b0689ad4579a8,-1,-1
20963,JHGk3EhnbN,-1,-1
20964,PxxckeTz,-1,-1
20965,IbanezGuitars,-1,-1
20966,IS152561a07a6066a88582e,-1,-1
20967,mynameisdavides,-1,-1
20968,IS1bd359d4d42f4e9f9f15d,-1,-1
20969,ByronBojanglesII,-1,-1
20970,Downtime,-1,-1
20971,MemedInHerGash,-1,-1
20972,IS18406e6b3feda135cf1a8,-1,-1
20973,Dekthro,-1,-1
20974,Mystik Traveler,-1,-1
20975,albertoken,-1,-1
20976,DamageHealer,-1,-1
20977,tEL5layWEk,-1,-1
20978,IS1b9589b296c9ba96113e3,-1,-1
20979,IS16a94e118de0585387c32,-1,-1
20980,IS18de1a0752227ba3ddf23,-1,-1
20981,Vargalice,-1,-1
20982,IS1690bdb292746f9e1db8d,-1,-1
20983,Juliet Hbsesee,-1,-1
20984,IS1f484bc931f9a10f34b66,-1,-1
20985,Hi im ghulam,-1,-1
20986,Char of the Flame,-1,-1
20987,IS1e155ad89c29dbaced31a,-1,-1
20988,IS127eaadebcc0f0d15e2e8,-1,-1
20989,menevvv,-1,-1
20990,Rancit,-1,-1
20991,IS1ac424ed91eecfe6bf582,-1,-1
20992,IS1671bc969bdaca29ddc46,-1,-1
20993,IS1752fa277b70037448e0d,-1,-1
20994,DemonAlcohol,-1,-1
20995,IS1bfeb3539e3b68b9d811c,-1,-1
20996,ruzzzo,-1,-1
20997,Ch4rl3y,-1,-1
20998,IS1bb9c14f09cba65380b1a,-1,-1
20999,MadWizardWT,-1,-1
