21000,IS12949dbdfa65176cc45f9,-1,-1
21001,Bender Bending Rodriguez,-1,-1
21002,IS19287cb609e4f81f3e1b3,-1,-1
21003,Crucibal,-1,-1
21004,dtotheyi,-1,-1
21005,IS12d7a0a2139b08546ec58,-1,-1
21006,IS105b1b85b4f1ed95c3fee,-1,-1
21007,IS11bcb6dfa091de2d09202,-1,-1
21008,IS1777200111377efb82f53,-1,-1
21009,Ceric,-1,-1
21010,IS1bb195a269bda9d82af81,-1,-1
21011,IS188c26479be9299203f2b,-1,-1
21012,IS1865f1ec15c5b156574fb,-1,-1
21013,IS1f62b6669490c57394f3c,-1,-1
21014,IS120089f2d73695fd2c2bb,-1,-1
21015,IS12a487c453b1479be1f46,-1,-1
21016,LordHavok,-1,-1
21017,Alventenie,-1,-1
21018,poopmar,-1,-1
21019,IS1f12e60c1c3e07d024079,-1,-1
21020,blarghdotexe,-1,-1
21021,IS19e68d8a5d2b2ee505408,-1,-1
21022,IS14e76a55975b07ab716ff,-1,-1
21023,IS1c719aac2d2d6216f5159,-1,-1
21024,KingLord,-1,-1
21025,broknecho,-1,-1
21026,BBoYTuRBo,-1,-1
21027,Porogami,-1,-1
21028,IS1c66cb6ba50e7f9bb9ee9,-1,-1
21029,Thorogood,-1,-1
21030,IS17d59a203f7b692880796,-1,-1
21031,JKPP5GL5AC,-1,-1
21032,IS1830a1d5886fab5a15fa5,-1,-1
21033,Crevax,-1,-1
21034,IS184792935962c50253404,-1,-1
21035,Cronium,-1,-1
21036,IS19a3155607f84137d92a8,-1,-1
21037,SEASON 7 LCK ADC,-1,-1
21038,Kaboom,-1,-1
21039,Bloodseek,-1,-1
21040,Pebot,-1,-1
21041,IS18ecb1de730050beab052,-1,-1
21042,Hologram,-1,-1
21043,IS1c2af4e1d8915e2c6fd9a,-1,-1
21044,Solo Queue Best,-1,-1
21045,Attero,-1,-1
21046,IS1a97409270f31326f5b0e,-1,-1
21047,Maniac,-1,-1
21048,Flowryder,-1,-1
21049,delVhar,-1,-1
21050,Knopsaggin,-1,-1
21051,IS184f6fd79ed6d8e24b2d6,-1,-1
21052,IS1b0c1c3e45ee482191aad,-1,-1
21053,Bade,-1,-1
21054,geekpobre,-1,-1
21055,IS1ac3b9baf4af74bc0069a,-1,-1
21056,Migraine,-1,-1
21057,IS17818edf84360acd315c7,-1,-1
21058,IS1acff725c343bfd68e469,-1,-1
21059,a4FOdf7DsT,-1,-1
21060,IS119ee3914f27ceda31d79,-1,-1
21061,xEvyx,-1,-1
21062,Dagizmo,-1,-1
21063,IS1b072b3a5e6f1f3d4c725,-1,-1
21064,Illuminaughtty,-1,-1
21065,Novak,-1,-1
21066,orlyzomg,-1,-1
21067,IS1d294d54b75d46ad3d2db,-1,-1
21068,Poweredbyscience,-1,-1
21069,IS1b8d6947b190fa7b15c95,-1,-1
21070,ConkerMyBanjo,-1,-1
21071,IS11f56eb30127ae50d0c88,-1,-1
21072,IS147030eea9e4fcf8f36b8,-1,-1
21073,IS10bc0605fdcef3984e996,-1,-1
21074,Essense,-1,-1
21075,Denemir,-1,-1
21076,IS1fc20a0c854b91483958c,-1,-1
21077,IS1ee2e7d5f852a1d63d14f,-1,-1
21078,DeaDChaoS,-1,-1
21079,doommastr,-1,-1
21080,IS1085b70f0cff47d43a1ed,-1,-1
21081,Smeej,-1,-1
21082,IS1eb28c0d28e10db9e353a,-1,-1
21083,IS1cef155428c414a0e056b,-1,-1
21084,IS1b2d3c484e37c548dccae,-1,-1
21085,IS13d29a17e7584783c23be,-1,-1
21086,IS1ab19e14819bea1195afd,-1,-1
21087,Bill Cosby,-1,-1
21088,IS1c1f73bd7a762c6dc43e0,-1,-1
21089,Bainis,-1,-1
21090,IS1dba528fe76dec93d773a,-1,-1
21091,DirtyRasa,-1,-1
21092,evilshadow,-1,-1
21093,Kasspa,-1,-1
21094,IS11a46d3259350b8471b65,-1,-1
21095,Imperfect,-1,-1
21096,GG SNSD,-1,-1
21097,IS160fc7d9645a2ba7e5a18,-1,-1
21098,IS168e16e497defc192abdf,-1,-1
21099,IS1ea3bc6378d1e6deea2aa,-1,-1
21100,Harvard Uni,-1,-1
21101,Net7,-1,-1
21102,newclear,-1,-1
21103,IS1a1ac0dcbcbdebbfb08f3,-1,-1
21104,IS10629cfb20c5c31543b06,-1,-1
21105,Ruinstoke,-1,-1
21106,IS14e6263f0a865b4eaae0b,-1,-1
21107,IS1e42d777342e49c995a58,-1,-1
21108,IS19250c0c34fc73a8aa59b,-1,-1
21109,Bigska,-1,-1
21110,Darpole,-1,-1
21111,NotTurtley,-1,-1
21112,IS179efab2533da1badafd2,-1,-1
21113,IS108380cbbc6453b4c438c,-1,-1
21114,IS190638034668b73f8b444,-1,-1
21115,IS1d002e86f30c7d7eae6c3,-1,-1
21116,IS1c61a68a38816866a869f,-1,-1
21117,IS18bac19b8357af57490c3,-1,-1
21118,Yesesea Lattimbr,-1,-1
21119,IS141a27c0404300b58afbf,-1,-1
21120,IS1cd9dc23a74f99646b2a6,-1,-1
21121,IS168f225127f29aa2040c5,-1,-1
21122,maguro,-1,-1
21123,IS1e5c44ea12bf78ae63eaf,-1,-1
21124,v34sVLBGRP,-1,-1
21125,alclarity,-1,-1
21126,IS170c58b8e7c9a9a648a25,-1,-1
21127,CountDjugg,-1,-1
21128,Warlok,-1,-1
21129,JustA LittleNoob,-1,-1
21130,yllUiT5NxE,-1,-1
21131,IS1c9b85fa60db2cf979b7b,-1,-1
21132,Cool Dominion,-1,-1
21133,kuSRuIIcf5,-1,-1
21134,mogos,-1,-1
21135,Elcypsias,-1,-1
21136,NA JrKairi,-1,-1
21137,IS1b2800523f3a06745f5a3,-1,-1
21138,IS10af6a535e8fb8486975e,-1,-1
21139,IsDonIsBest,-1,-1
21140,Ramathorne,-1,-1
21141,kengi,-1,-1
21142,IS17e4c6b28e0143d95b5df,-1,-1
21143,IS1a79665af1746738c1f46,-1,-1
21144,Oujirou,-1,-1
21145,IS1857935838964f2ae4db4,-1,-1
21146,IS1ca14cdc8853426358f50,-1,-1
21147,IS1b40d2ff462ffa36dd48a,-1,-1
21148,Dermott,-1,-1
21149,Divi8,-1,-1
21150,IS1f47cdcf3ebd51fbb44ee,-1,-1
21151,IS1233a204dad19a6aa017d,-1,-1
21152,IS129c89c181c0d863f1a5b,-1,-1
21153,ch4meleon,-1,-1
21154,Xender,-1,-1
21155,IS101242e2c61e918e9d4ba,-1,-1
21156,IS1ae240cd0de2e9a8803a2,-1,-1
21157,IS1b4db1caa62ec47afa3cd,-1,-1
21158,No Cars Go,-1,-1
21159,IS14eda4d10217c50c245e6,-1,-1
21160,Drosmier,-1,-1
21161,ME2bVBwPbA,-1,-1
21162,IS18fce6effad88fe37bbc6,-1,-1
21163,Doctor Gucci,-1,-1
21164,IS1f289b17ba20a92fb329d,-1,-1
21165,Felleron,-1,-1
21166,IS1c6698e0b803a03dc25cc,-1,-1
21167,IS175ace15e352273e4fd8a,-1,-1
21168,IS1ad78b1f6655ad3f012ca,-1,-1
21169,Synmo,-1,-1
21170,KHC5SIAkTE,-1,-1
21171,IS18c08e2c6ce921a8e1e2d,-1,-1
21172,Alyssa Princess,-1,-1
21173,Solinari,-1,-1
21174,8Q6LARWP4V,-1,-1
21175,Arcanition,-1,-1
21176,fWmGSKD1tt,-1,-1
21177,Galvitos,-1,-1
21178,Crafall,-1,-1
21179,Kooter,-1,-1
21180,IS1610b0e3f80ec60c76411,-1,-1
21181,Eiyer,-1,-1
21182,IS1db9bd1dd4cc122c19f0d,-1,-1
21183,Billbabong,-1,-1
21184,IS1457d7f67615518da9fa0,-1,-1
21185,Kwayzu,-1,-1
21186,illourr,-1,-1
21187,IS1cab0d043e74164407627,-1,-1
21188,IS117a4327621df3f856ca2,-1,-1
21189,IS17457aa6625a77f3d38d8,-1,-1
21190,IS12c550b803bcd5d64faaf,-1,-1
21191,iGoGosu,-1,-1
21192,LordGloom,-1,-1
21193,diskard,-1,-1
21194,joale,-1,-1
21195,IS1409572031b5ff841077a,-1,-1
21196,juskillmequick,-1,-1
21197,IS1fe3ebc5f7ad1a464299c,-1,-1
21198,IS19a36f393493b152d7bda,-1,-1
21199,IS147a7de261215c0cfea76,-1,-1
21200,PennNTeller,-1,-1
21201,benabhi,-1,-1
21202,Jonus Farstrider,-1,-1
21203,IS1477f6e7b00e58af8d64a,-1,-1
21204,AzSiZrHtn5,-1,-1
21205,IS1fc4e4351c12acee2a932,-1,-1
21206,Dead Fenix 3,-1,-1
21207,UncIe Tony,-1,-1
21208,IS13a48caeca4120b266684,-1,-1
21209,impigman,-1,-1
21210,Catch22,-1,-1
21211,IS195406855ffbad5653993,-1,-1
21212,SpecR1,-1,-1
21213,IS1f383e7e44e25305a08a8,-1,-1
21214,IS19ff1e2c55075e1f544d2,-1,-1
21215,IS1fbbaaaa54b5523753e58,-1,-1
21216,IS1afca580fd6380,-1,-1
21217,xDzin,-1,-1
21218,Faireth,-1,-1
21219,S5BwvUcZnK,-1,-1
21220,IS10f059b8c4894a59c745d,-1,-1
21221,Lolleroni,-1,-1
21222,sObJxgglrV,-1,-1
21223,angy31,-1,-1
21224,IS14196c7c6574825863d16,-1,-1
21225,Simburgur,-1,-1
21226,IS157001c682af769ef9b15,-1,-1
21227,IS1b5c4120321a9786c100d,-1,-1
21228,HdpeRse,-1,-1
21229,foulou,-1,-1
21230,Fingurs,-1,-1
21231,cXr4nPM1iU,-1,-1
21232,F1y1BSbdE0,-1,-1
21233,IS1755ef3681b09ccb01e94,-1,-1
21234,IS15c0cde26733c11a3b542,-1,-1
21235,IS106a048edb6a05f31bca5,-1,-1
21236,ysBDtAwRV6,-1,-1
21237,IS1c51a48f840e0b6e8e2b8,-1,-1
21238,IS130e5c6be59d0f,-1,-1
21239,IS14596a73422ca7845c207,-1,-1
21240,cowskiX,-1,-1
21241,Jurnero,-1,-1
21242,Nilok,-1,-1
21243,IS11992064cb0d9318b9102,-1,-1
21244,IS165448f15d0a68683ed17,-1,-1
21245,IS187b67951ec18c257f13a,-1,-1
21246,IS1b2168c0f43aca65f9580,-1,-1
21247,holochal,-1,-1
21248,rocketATK,-1,-1
21249,Yojimbo,-1,-1
21250,vVvDoomhammer,-1,-1
21251,IS1e433457aadcb2ebdc66e,-1,-1
21252,aveneyer,-1,-1
21253,yluOnk0xtz,-1,-1
21254,IS18ba0786ae291bbc2e9cb,-1,-1
21255,Milkboxx,-1,-1
21256,codemaster2,-1,-1
21257,VaporKnight,-1,-1
21258,IS1a942ca1dc3cd5986e093,-1,-1
21259,IS192e9f596c77943561db3,-1,-1
21260,Tomzilla,-1,-1
21261,IS17e78a2420a2d7555c2f1,-1,-1
21262,SmemQlz3lI,-1,-1
21263,IS11013740366224ff2b175,-1,-1
21264,IS13e4fef1c323e4496c7d9,-1,-1
21265,IS198cf589d59c5b76d2df4,-1,-1
21266,IS1c11d5983f36ecf92f93a,-1,-1
21267,IS1d2e3ddf42758d16554ab,-1,-1
21268,TANKER06,-1,-1
21269,etspaceman,-1,-1
21270,Zelduck,-1,-1
21271,AndySkorr,-1,-1
21272,IS1b43871d23c31ab73902b,-1,-1
21273,IS1aeb3132ef7151d50c9d9,-1,-1
21274,IS1bdf16df158c05281fe0a,-1,-1
21275,IS163f29108e296d307bcb8,-1,-1
21276,Medjai,-1,-1
21277,Necktus,-1,-1
21278,chuckiedz,-1,-1
21279,IS1158b9e2110fd9299979b,-1,-1
21280,IS16fad207fcb01d3264557,-1,-1
21281,MR BBMAKER,-1,-1
21282,Stewge,-1,-1
21283,IceHaku,-1,-1
21284,IS1d62fa159037686630a7c,-1,-1
21285,12azer,-1,-1
21286,IS1bc9ed30d001c572bc5a3,-1,-1
21287,IS12400480bb490ac3664df,-1,-1
21288,kIMKMqm6zv,-1,-1
21289,Natepiano,-1,-1
21290,Jcasc,-1,-1
21291,IIl6D5VED0,-1,-1
21292,strider4444,-1,-1
21293,Anteros MkIV,-1,-1
21294,IS118cfb965b48634eecdad,-1,-1
21295,IpsoFacto,-1,-1
21296,EUm6zy3syp,-1,-1
21297,Blackkat,-1,-1
21298,IS1606f20020fd92e80aa0f,-1,-1
21299,IS141fa2bfb74ea06e162b4,-1,-1
21300,GeAsa,-1,-1
21301,Krill,-1,-1
21302,IS1232ae0976c0dda4e107a,-1,-1
21303,H8rCb6z2rQ,-1,-1
21304,Syrnx,-1,-1
21305,ampota,-1,-1
21306,IS1612174fbdeabb70628ff,-1,-1
21307,IS1ca0697703c084b1a9cd8,-1,-1
21308,IS14b98cff04b435f5c89f2,-1,-1
21309,IS1ad4b746e99346b98f232,-1,-1
21310,BackstabuZ,-1,-1
21311,IS1c91f4fe388dd0fc29d03,-1,-1
21312,IS1dcd30114b900431fc044,-1,-1
21313,Ktang,-1,-1
21314,Carnom,-1,-1
21315,DeniedEntry,-1,-1
21316,Sekundes,-1,-1
21317,ChefRaptor,-1,-1
21318,IS1f9c7f1207289ac8a0331,-1,-1
21319,SpirosA,-1,-1
21320,SuphortGuy,-1,-1
21321,IS1021e8cc4d394d3264cb5,-1,-1
21322,Natgeo,-1,-1
21323,Aikanaros,-1,-1
21324,IS1f416dadaedd65c416843,-1,-1
21325,Delta32521,-1,-1
21326,Rbsslse wsry,-1,-1
21327,Blizzsource,-1,-1
21328,IS1038c9c9102e028c614be,-1,-1
21329,Hellfear,-1,-1
21330,Hustletrees,-1,-1
21331,gankaments,-1,-1
21332,smiffyb,-1,-1
21333,IS10e2b840dfd31df1a4ad0,-1,-1
21334,IS12a7ddf650bdadc3b81e3,-1,-1
21335,Exeter,-1,-1
21336,Patinho,-1,-1
21337,IS1c674f2400c75e79bdfbb,-1,-1
21338,healyourself,-1,-1
21339,IS14958c8edbd1f02d9e135,-1,-1
21340,IS13dc63707e407affcbc84,-1,-1
21341,IS101aa057cd2a32bd7b1e2,-1,-1
21342,CounterSeal,-1,-1
21343,pluto9302,-1,-1
21344,VwWwI9x9AT,-1,-1
21345,IS16088b67f640ce48c4c32,-1,-1
21346,CheesusCrustSWAG,-1,-1
21347,Validesh,-1,-1
21348,IS1e4a9ef2595104007e8f7,-1,-1
21349,iaEgdgPgCs,-1,-1
21350,IS111f883a10d912a897b11,-1,-1
21351,Afromaniacs,-1,-1
21352,IS18b3770d7a77b26b87d1c,-1,-1
21353,Ductape,-1,-1
21354,Cobear,-1,-1
21355,Fyekan,-1,-1
21356,Solenus,-1,-1
21357,IS1b4e312fcc1b94eacc673,-1,-1
21358,Dante Septem,-1,-1
21359,IS19060a7f2e5047bb962de,-1,-1
21360,IS1284d86ec3585a5112ca5,-1,-1
21361,Dirty Fanta,-1,-1
21362,I am Tenko,-1,-1
21363,IS1606a09d3614e09937e3a,-1,-1
21364,magnite,-1,-1
21365,IS1cdcc01fdebe09a88faa0,-1,-1
21366,IS1d5f303795b24402950e5,-1,-1
21367,IS17693192f0286f4c9f15a,-1,-1
21368,IS10406f2af50c5bac6b5cf,-1,-1
21369,IS15ec9f4a5f766fd774242,-1,-1
21370,IS1d66e0e6dd2b57c8ee4ef,-1,-1
21371,iBGP,-1,-1
21372,IS12979576d7aa372139a4c,-1,-1
21373,IS13c6ff71c027767b9919c,-1,-1
21374,IS11d30b6e02a9e0574331f,-1,-1
21375,IS160271f42f3c1c5946bb4,-1,-1
21376,IS11e96d7bd8892726b13fc,-1,-1
21377,Tangorine,-1,-1
21378,IS1fbfd9a9109e8ee88f0f4,-1,-1
21379,IS1017b93172009d7a32b68,-1,-1
21380,Fescoc,-1,-1
21381,MrMercurial,-1,-1
21382,IS1b00693665491b5c356a3,-1,-1
21383,kW7B2u7MnN,-1,-1
21384,IS106bcc93a0732c667b6d8,-1,-1
21385,V69c5fexx8,-1,-1
21386,Djhp,-1,-1
21387,Romit,-1,-1
21388,Fledgar,-1,-1
21389,IS120828af4dba5d726d1e7,-1,-1
21390,CacheroPampas,-1,-1
21391,Jobbo Fett,-1,-1
21392,IS11d5351925dcd2039a79b,-1,-1
21393,IS12b895d7bf8b36405a994,-1,-1
21394,IS1a18c07b6b13fd8369a50,-1,-1
21395,IS1c960d05785f5c26de5d5,-1,-1
21396,vorts,-1,-1
21397,IS1494db03ea2462302d34d,-1,-1
21398,BloodyTampwn,-1,-1
21399,edlebest,-1,-1
21400,IS130024a51c161925ec257,-1,-1
21401,IS1220d8779569e5155eab1,-1,-1
21402,Rahamu,-1,-1
21403,Crincles,-1,-1
21404,IS199a226d98ab014e6e3ca,-1,-1
21405,IS1f076bc8f12dc02c48e9b,-1,-1
21406,IS19f011178ef3156ff09c7,-1,-1
21407,IS102a134e4d89ae31cc766,-1,-1
21408,IS13acac2cecccf3d36409e,-1,-1
21409,IS103b3ac749a2e03dc986c,-1,-1
21410,bford,-1,-1
21411,Allacore,-1,-1
21412,Critter27,-1,-1
21413,Iczer,-1,-1
21414,1d28XOwDqw,-1,-1
21415,IS1bde3fbdafa3c2087cf69,-1,-1
21416,IS122943e6898a60f5d894a,-1,-1
21417,IS19153388e9470180c8302,-1,-1
21418,IS182ed7c1b4b3f86b829fc,-1,-1
21419,SneakyAZN,-1,-1
21420,Ziffy,-1,-1
21421,IS14e3d10bce2c73066e933,-1,-1
21422,OffjapaBR,-1,-1
21423,Kami,-1,-1
21424,IS10f9be29510f68ce4ee71,-1,-1
21425,IS1d1b7e330c9cb67c229e1,-1,-1
21426,IS1dfbbd36d13b64aa30796,-1,-1
21427,Sizer,-1,-1
21428,IS112c9eb62517c97afc6e9,-1,-1
21429,IS1f1d17de4125dd591e306,-1,-1
21430,IS147d2e75d6008f73c15a3,-1,-1
21431,Risen,-1,-1
21432,f089gpfdg,-1,-1
21433,IS139150bec252fdc0f6466,-1,-1
21434,IS170050f4f24548c3c5ac4,-1,-1
21435,IS14b9c2126914d5d41ed9f,-1,-1
21436,IS1810fe574f27408dbb8a2,-1,-1
21437,ewp1AJxzxy,-1,-1
21438,Yogi,-1,-1
21439,Pubeee,-1,-1
21440,IS1a5bdf2dadbbacce18e7f,-1,-1
21441,seiliki,-1,-1
21442,asdf511,-1,-1
21443,IS1aff9fdcc09b009e8edad,-1,-1
21444,G3n3ralTao,-1,-1
21445,IS177d54f765f790ceafcfa,-1,-1
21446,Lord Romo,-1,-1
21447,Lithel,-1,-1
21448,IS1f97833bd51b102e9a790,-1,-1
21449,IS1a78b7582a482aa61ef99,-1,-1
21450,Irrithunter,-1,-1
21451,vUOv63sNxv,-1,-1
21452,Cokemonkey11,-1,-1
21453,Arxas,-1,-1
21454,IS13fe02a394f7efb844716,-1,-1
21455,IS1d4cbf623792bafdbd6ab,-1,-1
21456,John Joel Glanto,-1,-1
21457,IS18325c81115ed35c32ff5,-1,-1
21458,Madrigora,-1,-1
21459,Nerezza,-1,-1
21460,e fs fse fes,-1,-1
21461,IS1207c685f7f478f4bb41b,-1,-1
21462,IS18158cced5add35c02417,-1,-1
21463,IS1e4607b3a231047002de0,-1,-1
21464,686,-1,-1
21465,IS19de134a23723831738ac,-1,-1
21466,IS162c71713b9fd1cf79ef0,-1,-1
21467,IS15cef05f27e608a5896ec,-1,-1
21468,Retik,-1,-1
21469,NinjaNick,-1,-1
21470,IS1048edf3779d152c31930,-1,-1
21471,IS15abe23deb523d78ce79c,-1,-1
21472,Ryven,-1,-1
21473,Gazuria,-1,-1
21474,IS10dd89c5d73bb0c1671ac,-1,-1
21475,FRkP9uPy5F,-1,-1
21476,Evil Morty,-1,-1
21477,Deathbringer666,-1,-1
21478,Drakmorn,-1,-1
21479,Akox,-1,-1
21480,IS1d9a64239473ff08c82c6,-1,-1
21481,IS184e9cb10c7ac5ae6ee32,-1,-1
21482,IS144d03ab7b4d32a6ae480,-1,-1
21483,VDP89aLb31,-1,-1
21484,IS14d80ba093227975ece13,-1,-1
21485,RammusOnlyOk,-1,-1
21486,LAGSTAR,-1,-1
21487,s6XaAO8lri,-1,-1
21488,IS1120a65a3e67057936baf,-1,-1
21489,IS1a20eba405302ab201cf6,-1,-1
21490,IS1daa93aa482cbaebaa91c,-1,-1
21491,Deshi,-1,-1
21492,shalmack,-1,-1
21493,Zeddicus,-1,-1
21494,IS19bb5765ae211a89c1573,-1,-1
21495,IS122eb5a9bbc009412d4bb,-1,-1
21496,IS12e7021ddcb01cf0e4c2a,-1,-1
21497,IS11178502ce6befbb2a29a,-1,-1
21498,IS1d858f2f7d75cb01f221a,-1,-1
21499,IS1734f35fe9a94b813ba3d,-1,-1
21500,IS1b92a93bc87e3246de48f,-1,-1
21501,IS1f7a1bd550a800e703af4,-1,-1
21502,Phrozen,-1,-1
21503,HRZIEQIJ1,-1,-1
21504,Cerriz,-1,-1
21505,Salaris,-1,-1
21506,Corywy,-1,-1
21507,IS160aaa9e63d821b6440d4,-1,-1
21508,Games Franco,-1,-1
21509,HciqDXVqA1,-1,-1
21510,Tockz,-1,-1
21511,Hehzeus,-1,-1
21512,Horatio,-1,-1
21513,IS1f3e17abf142c0faec461,-1,-1
21514,IS1949bb399990e7a228428,-1,-1
21515,skojUGrYGu,-1,-1
21516,IS148363a016357d47bd65f,-1,-1
21517,IS1a73223322c2a9599ff1f,-1,-1
21518,IS11cba6c10aeded5b96e8c,-1,-1
21519,HanazawaRui,-1,-1
21520,IS1927a03a8b5a0247c6797,-1,-1
21521,Richard Cypher,-1,-1
21522,IS1a179a800c08015a481b7,-1,-1
21523,Agente Burritows,-1,-1
21524,jaHWEWn5eK,-1,-1
21525,IS134241b98c97bafca11fc,-1,-1
21526,IS14d73b39bc96504b7e301,-1,-1
21527,Luphette,-1,-1
21528,gabrielk310,-1,-1
21529,Mulletron,-1,-1
21530,IS1cb0b8e3dcc21773bdab8,-1,-1
21531,O6bbTbmz9j,-1,-1
21532,GaMeR,-1,-1
21533,IS165b60926927b35d8bae8,-1,-1
21534,IS16e6afddb744e9de7236f,-1,-1
21535,HolgBogarth,-1,-1
21536,Derilict,-1,-1
21537,hugs,-1,-1
21538,Bongotunadreg,-1,-1
21539,3NtVIzMfbv,-1,-1
21540,KingdomZero,-1,-1
21541,dreadtech,-1,-1
21542,IS1ff39bd73f98f01e7e066,-1,-1
21543,Benariahs,-1,-1
21544,Dobby dog,-1,-1
21545,ChanMan,-1,-1
21546,FallenK,-1,-1
21547,IS1dcada9edf49818d31937,-1,-1
21548,IS1bee08aad92e36521b718,-1,-1
21549,IS166843ea0b3e722ef22ee,-1,-1
21550,IS10aea3cb4338d2a123a74,-1,-1
21551,IS16f871a354c8b9f597139,-1,-1
21552,Vespyr,-1,-1
21553,Dimalo,-1,-1
21554,Arkiane,-1,-1
21555,IS15206add05c79f8662e1c,-1,-1
21556,GerMann,-1,-1
21557,Warp,-1,-1
21558,IS14f31286a182d200b9e7f,-1,-1
21559,tehElad,-1,-1
21560,eznark,-1,-1
21561,Arguile,-1,-1
21562,IS1f31640044d93b93dc483,-1,-1
21563,Forge,-1,-1
21564,AZDigs,-1,-1
21565,IS1e4f465420fadb30e84a4,-1,-1
21566,rethunk,-1,-1
21567,ComBi Pup,-1,-1
21568,IS1140d09df3164008cd690,-1,-1
21569,IS15ad5e75664bf04bc3545,-1,-1
21570,Saucman,-1,-1
21571,IS1da1e9486483597c15518,-1,-1
21572,gregular,-1,-1
21573,IS1a6ce4c4b46a5b539f5cb,-1,-1
21574,Furyfire,-1,-1
21575,IS16405ddee825c0707c434,-1,-1
21576,Korded,-1,-1
21577,IS16c3d8c1928c759583f40,-1,-1
21578,dbrizzle,-1,-1
21579,Xanados,-1,-1
21580,BczhdFseTv,-1,-1
21581,Aesthet1c,-1,-1
21582,IS1d24c6194ef17c91cda79,-1,-1
21583,IS16c1b8589095707495c6a,-1,-1
21584,IS194603e8c96e2dafca75c,-1,-1
21585,IS11ebde5c5c4f73a57fef8,-1,-1
21586,IS132176d5e33290aef59f2,-1,-1
21587,iYkY6P9Zt3,-1,-1
21588,dolarrah,-1,-1
21589,deadgarth,-1,-1
21590,IS17b3139036adb8d5ecd14,-1,-1
21591,Galilee,-1,-1
21592,Drealar,-1,-1
21593,IS153d164e7a3242653879e,-1,-1
21594,IS1f78031df29d4be2d85e5,-1,-1
21595,IS191c03917865d7c8ceb96,-1,-1
21596,IS18ac024ecc83347215a30,-1,-1
21597,Huggernautilus,-1,-1
21598,IS111fc316f75b6df52181a,-1,-1
21599,IS1d263ecd81e805e8a907b,-1,-1
21600,IS1c6505372d132360f72c2,-1,-1
21601,IS16a1daeefe91a4cfaa518,-1,-1
21602,SimulatedBob,-1,-1
21603,Taiyrok,-1,-1
21604,IS1a303cda6180852c343d1,-1,-1
21605,Karotx,-1,-1
21606,IS1f2a252e909b75890c924,-1,-1
21607,IS178f7dd1acb6d064a61cd,-1,-1
21608,IS1e2b794de31ce67099ba0,-1,-1
21609,IS1a704c7e8ea2c5f19353b,-1,-1
21610,Brunflo,-1,-1
21611,IS1137954bb0b5d7f18fa30,-1,-1
21612,IS1574be9a50c64ffbe5254,-1,-1
21613,mortality,-1,-1
21614,Tempname125,-1,-1
21615,Virage,-1,-1
21616,FKO1rYUonQ,-1,-1
21617,blacksigh,-1,-1
21618,gibtuck,-1,-1
21619,IS1cf34b827b3c9570864c2,-1,-1
21620,IS1e375e707a988ace34ab9,-1,-1
21621,IS17b446aeca7ed0a14a520,-1,-1
21622,Ham Maps,-1,-1
21623,IS11569f2b3736cdc947a69,-1,-1
21624,IS1ab807bfd4a47135aa61f,-1,-1
21625,Cantor,-1,-1
21626,IS1ab2edc89086b1989759c,-1,-1
21627,Heartattack4U,-1,-1
21628,Mephis,-1,-1
21629,lprusher,-1,-1
21630,engadam,-1,-1
21631,Daveyboom,-1,-1
21632,Symbiont,-1,-1
21633,IS11ea0c4e4583c8ea1c7f6,-1,-1
21634,Covertrooper,-1,-1
21635,FatalTragedy,-1,-1
21636,IS1520116d2b7987dd47140,-1,-1
21637,donifar,-1,-1
21638,IS1556882ccb050e82ab665,-1,-1
21639,IS12a0f3ef007a38df8be7e,-1,-1
21640,IS18573df0f94a372dca9d5,-1,-1
21641,Mythar,-1,-1
21642,Peidei,-1,-1
21643,IS1c50653dfeca80d85ea6a,-1,-1
21644,MDM0vN5oOZ,-1,-1
21645,Nictrus,-1,-1
21646,U6MOmbDm7f,-1,-1
21647,TutomusPrime,-1,-1
21648,PauLude,-1,-1
21649,Herak,-1,-1
21650,IS116293e994afe0ea01bdf,-1,-1
21651,IS140b12b75deb6c16d2a14,-1,-1
21652,Acend,-1,-1
21653,IS16eea0b7affbbeb0d9b17,-1,-1
21654,Achernar,-1,-1
21655,IS178a51248e191c77322b4,-1,-1
21656,DaoMasta,-1,-1
21657,IS1a25356f2ffe8ca96d2d7,-1,-1
21658,Youmu Konpaku,-1,-1
21659,IS154c7ca263f9b70bfd7a5,-1,-1
21660,IS17495f1e879070e9de39e,-1,-1
21661,Pyrefly,-1,-1
21662,LordBoomer,-1,-1
21663,IS1ea1e0365d6e49fe381c4,-1,-1
21664,NightSider87,-1,-1
21665,Garg0yle,-1,-1
21666,IS10d7f9ea098651934a7df,-1,-1
21667,Tulock,-1,-1
21668,DrewMx,-1,-1
21669,IS1776ab9d15abf7ef6f387,-1,-1
21670,IS18bbfbae637420759f90c,-1,-1
21671,IS108b4bbda0f4dac01871e,-1,-1
21672,8RKD6M6tzB,-1,-1
21673,Mondo,-1,-1
21674,YoDaran,-1,-1
21675,IS146575eb7eac41d3e2a9e,-1,-1
21676,IS17f2804da25fd308f24b0,-1,-1
21677,Rexgad,-1,-1
21678,IS1501de7280446bc879b42,-1,-1
21679,IS1af0fff72ffb96b06aef8,-1,-1
21680,IS1d9a642a31abd93dfd49d,-1,-1
21681,GLaDOS,-1,-1
21682,Georgebob,-1,-1
21683,Snackronomicon,-1,-1
21684,IS128f02efde3670e20da4a,-1,-1
21685,Cheeseknight28,-1,-1
21686,zérojay,-1,-1
21687,IS1a90ff1fd9f6c8b209054,-1,-1
21688,IS1ab54dcabe110b6a67214,-1,-1
21689,DarkSynopsis,-1,-1
21690,F1X57J7DPI,-1,-1
21691,IS1176709eb7a322e61e2b7,-1,-1
21692,Xaxim,-1,-1
21693,lc3pAjtaZR,-1,-1
21694,IS183b6d5e1cc402d640eb1,-1,-1
21695,IS1d81bba327f56cea301ef,-1,-1
21696,Jardius,-1,-1
21697,IS1d6df874a03b6df28fc9a,-1,-1
21698,Token Jesture,-1,-1
21699,Koinzell,-1,-1
21700,Kayla,-1,-1
21701,IS1f6170e646d7eb9ee2d1a,-1,-1
21702,Hellioning,-1,-1
21703,Apathy Ninja,-1,-1
21704,IS19016051aac44fb34f9f6,-1,-1
21705,IS1ee6b08645663214f71d6,-1,-1
21706,IS1acf7b3370d43ab14a4aa,-1,-1
21707,IS1a5078150824ea96416e1,-1,-1
21708,Torkeln,-1,-1
21709,IS137a432d357c6de4b50d0,-1,-1
21710,KPnB3LLVSw,-1,-1
21711,hTUseDSQtr,-1,-1
21712,Gaunt,-1,-1
21713,IS188fe8796c57ec63d1075,-1,-1
21714,C0s4rHbnEJ,-1,-1
21715,IS1e5d3997fe840c6578cbe,-1,-1
21716,IS123e8f0a7c0700e7957c9,-1,-1
21717,Boomlight,-1,-1
21718,PancakeAH,-1,-1
21719,beatsleep,-1,-1
21720,ObsidianPC,-1,-1
21721,IS1bf274a20bfeb84ac291d,-1,-1
21722,IS17cf98dc39a5f0734105d,-1,-1
21723,Kimo,-1,-1
21724,Nathaniel Durand,-1,-1
21725,IS1c2a3b5eebf2411061887,-1,-1
21726,Gilmor,-1,-1
21727,Furan,-1,-1
21728,IS1139a73241d05e5a68cbb,-1,-1
21729,IS145e6d7ccb6345af652b7,-1,-1
21730,Electrostatic,-1,-1
21731,Robbie Lamp,-1,-1
21732,Kart0shka,-1,-1
21733,IS1777e0b3cd695304c5095,-1,-1
21734,Xaxxius,-1,-1
21735,Warmart,-1,-1
21736,IS1d3e57d8f1c22266c69c8,-1,-1
21737,Mozzarella,-1,-1
21738,Toberts,-1,-1
21739,Zeuter,-1,-1
21740,IS1646cfa759a8c5fb599e5,-1,-1
21741,IS1acb98a8f45606449d731,-1,-1
21742,Eggypoo,-1,-1
21743,IS1dfca8d96d7f471389b53,-1,-1
21744,Edelritter,-1,-1
21745,Greyloop,-1,-1
21746,SSputnik,-1,-1
21747,IS1fefc1646e6b18a35f0fa,-1,-1
21748,CrisisSoul,-1,-1
21749,Fireworks,-1,-1
21750,IS1766b2653210459ca74fc,-1,-1
21751,Valkrishan,-1,-1
21752,Fizbandantalus,-1,-1
21753,IS1b39e7ad765f88bf33a14,-1,-1
21754,IS1fc72614a7cb788e5a56b,-1,-1
21755,FD6wd1SHwS,-1,-1
21756,IS161fa17107d24ddbb4492,-1,-1
21757,IS1867a204d645bbd486ad3,-1,-1
21758,IS135b05a8adc1d68d6e4b1,-1,-1
21759,IS16aa30c427d0d195dfcd5,-1,-1
21760,Akheva,-1,-1
21761,IS1e03c425c29292262d873,-1,-1
21762,a rabid panda,-1,-1
21763,IS1f8ccf026919359241934,-1,-1
21764,IS1ba7472e75231438c3603,-1,-1
21765,IS17ad3db71ba7b32f57fb5,-1,-1
21766,SweetieBott,-1,-1
21767,walloelf,-1,-1
21768,Yafeu,-1,-1
21769,IS17a3ccc67f8516fb21ecd,-1,-1
21770,Galanodell,-1,-1
21771,xxHumorxx,-1,-1
21772,Orannius,-1,-1
21773,IS14cf3fa30ba0648eccb34,-1,-1
21774,IS128cc21bad69b97a28a3f,-1,-1
21775,Foranpower,-1,-1
21776,IS179781c075529eb26c9db,-1,-1
21777,loolu,-1,-1
21778,Hokietrooper,-1,-1
21779,IS1980366ad158565840b93,-1,-1
21780,apdNinja,-1,-1
21781,M4inFr4me,-1,-1
21782,IS1739aa720a704abaffc87,-1,-1
21783,IS193631fb0aefd60b457ba,-1,-1
21784,IS13b434b117d46dfdf6681,-1,-1
21785,DivineK,-1,-1
21786,Tramylar,-1,-1
21787,IS1237eddc9145838fc7046,-1,-1
21788,IS1ee2fb5a254536239cc38,-1,-1
21789,POKqCYozU2,-1,-1
21790,gasolar,-1,-1
21791,IS1e1bece85f08897b0dcc1,-1,-1
21792,IS1f518243c6119241d441a,-1,-1
21793,Ieru,-1,-1
21794,IS17529588200b3e7d6cf96,-1,-1
21795,Dele,-1,-1
21796,IS192c3ee6817638418f839,-1,-1
21797,IS101d811b34c14a3356904,-1,-1
21798,TheLeetSauce,-1,-1
21799,IS1ec6c9c560629f1270dcb,-1,-1
21800,IS18dd49776a9d0495631cc,-1,-1
21801,IS13bac694c3bdfd3367cbd,-1,-1
21802,Swebynator,-1,-1
21803,Blottica,-1,-1
21804,IS1ddd546988c1f8e7bd0cb,-1,-1
21805,x9ktdQNNgt,-1,-1
21806,BriBoR1337Ez,-1,-1
21807,IS1b06201c488deab78781f,-1,-1
21808,Eo4gtxe8EO,-1,-1
21809,Franchise Tag,-1,-1
21810,bhm,-1,-1
21811,Esepherence,-1,-1
21812,Jeejington,-1,-1
21813,DMQB,-1,-1
21814,iom3ga,-1,-1
21815,IS18f783b4285e692e91d38,-1,-1
21816,IS18cbab4f4d54ee030ad66,-1,-1
21817,Jorryprime,-1,-1
21818,Hosemaniac,-1,-1
21819,Spellstryke,-1,-1
21820,IS1ba19d677c83ad03febae,-1,-1
21821,Gotrede,-1,-1
21822,IS13bb5e40238a65a2ec09b,-1,-1
21823,IS15cc064cdfa8b2c5c9c3f,-1,-1
21824,A7rkvNxcC9,-1,-1
21825,IS10243421c37dd05cdacdb,-1,-1
21826,IS19c60e57d0ff19614b47f,-1,-1
21827,HD300,-1,-1
21828,Bing Bammus,-1,-1
21829,MiaaieLewic,-1,-1
21830,IS1613c5448d67728e7b7a8,-1,-1
21831,PolarKotty,-1,-1
21832,IS10a85d451202e083fe156,-1,-1
21833,Nr8FSMjXcg,-1,-1
21834,FootyFootDive,-1,-1
21835,IS184b24b736a18994e0bd6,-1,-1
21836,IS1f1539e548004e8c4c7be,-1,-1
21837,llKronosll,-1,-1
21838,IS12f45230bdb7ca7e3e053,-1,-1
21839,ItzMattu,-1,-1
21840,IS1edc1df983f360efd12d0,-1,-1
21841,IS1cc4e3e1962496fd593bf,-1,-1
21842,IS1fbf03916d0bd025e02c8,-1,-1
21843,IS157b26de5f252fa76f847,-1,-1
21844,Emphereal,-1,-1
21845,IS18277c1ed8e89ebe1feff,-1,-1
21846,Regulator,-1,-1
21847,Genkido,-1,-1
21848,ConsensusOfChaos,-1,-1
21849,Mini Stooge,-1,-1
21850,Miragee,-1,-1
21851,IS1dadb4eddba0dfe604086,-1,-1
21852,IS1db30c775aa3c2c74b3a8,-1,-1
21853,Indigo and Wolf,-1,-1
21854,pooyoo,-1,-1
21855,IS1f0c805aa4895397f1400,-1,-1
21856,IS1b0dfe2d55361b165e518,-1,-1
21857,IS1bdbc779fa633fa3218d5,-1,-1
21858,icebrain,-1,-1
21859,B1kou,-1,-1
21860,j9jUqk5UMp,-1,-1
21861,Steezy,-1,-1
21862,Thebster,-1,-1
21863,IS13fb9faf05fa563c89515,-1,-1
21864,Enochulator,-1,-1
21865,Fyerbug,-1,-1
21866,Averuen,-1,-1
21867,Cambxo,-1,-1
21868,WJAMPwZu9m,-1,-1
21869,Adje,-1,-1
21870,VocalTranceooOoo,-1,-1
21871,IS167a58c96a73be551f37b,-1,-1
21872,Tyrulan,-1,-1
21873,IS1119602bc9053b5f2b4f3,-1,-1
21874,IS1bf4fa41416863f1d3ad1,-1,-1
21875,Arizel,-1,-1
21876,bstnmassacre,-1,-1
21877,IS1c8a8dbc05418c90732e3,-1,-1
21878,C9jHYLWFg4,-1,-1
21879,IS1bb83117ffd6b05518fc4,-1,-1
21880,IS1a314389a824fd8fa0cd1,-1,-1
21881,Velox,-1,-1
21882,IS15e9747eda32700173553,-1,-1
21883,fullmetallegend,-1,-1
21884,Deecep,-1,-1
21885,CanasClone,-1,-1
21886,TakumiBag,-1,-1
21887,IS1c29edbc0c86465bbaddc,-1,-1
21888,IggypuGoblinKing,-1,-1
21889,IS1c8bc99ec9fb4960ef0b9,-1,-1
21890,IS1b8835ceef5548c062f56,-1,-1
21891,BoZe,-1,-1
21892,IS1c43163b18d7d2c7877aa,-1,-1
21893,IS1ef8700a1dc70160ec0ff,-1,-1
21894,WoahDang,-1,-1
21895,TigerWolf,-1,-1
21896,IS100f3c39fdd15462f2f9b,-1,-1
21897,Alice,-1,-1
21898,Araguath,-1,-1
21899,Wilcoaseloria,-1,-1
21900,IS1729d742b0035a987f069,-1,-1
21901,IS1d4813acfb525d0b3c172,-1,-1
21902,IS1c1a03dd03d2a1323f98c,-1,-1
21903,IS16b21b794451fe54ef86f,-1,-1
21904,Psalm139x,-1,-1
21905,IS1c9809f10e7336a2455a2,-1,-1
21906,IS1c9ae3b0a6c17bffa8b18,-1,-1
21907,IS13391c2dca875f2cc1310,-1,-1
21908,IS18551583d2bbf9631ce17,-1,-1
21909,IS1bde10e8821b55674278a,-1,-1
21910,dinrammus,-1,-1
21911,IS1faa6f95e9dfad16e3eb9,-1,-1
21912,gus8769,-1,-1
21913,IS196d54a6257286e2138e1,-1,-1
21914,IS1062f6dce85d56fe09420,-1,-1
21915,IS11e087a28f478ac757a9c,-1,-1
21916,IS1f6d9630177949243d2e2,-1,-1
21917,Spectre77,-1,-1
21918,IS1cd6033db40a728a21ca1,-1,-1
21919,9W2v6eKxuq,-1,-1
21920,LeftYOU4Dead,-1,-1
21921,AnrBCUE0SF,-1,-1
21922,BigKhaos,-1,-1
21923,0wXccr77Ee,-1,-1
21924,ChuckNorrisEX,-1,-1
21925,IS16ebdc4795ee0cf154f5a,-1,-1
21926,IS112fce0e4946825c8cc7e,-1,-1
21927,Ivan Terra,-1,-1
21928,YzmRYJv9EI,-1,-1
21929,Ahhh123the8ball,-1,-1
21930,IS18981228ca95a758349ea,-1,-1
21931,BradCode,-1,-1
21932,IS17d8e0a0cfb72376985ef,-1,-1
21933,bloaty,-1,-1
21934,Sea Gnome,-1,-1
21935,Blänk,-1,-1
21936,FRISBEE CHAMPION,-1,-1
21937,Heb0r,-1,-1
21938,Z3 Cyber,-1,-1
21939,IS1371aeeab5a0b24355d79,-1,-1
21940,IS1047beb978db6f5e869ce,-1,-1
21941,IS1e2c1769d79cfd9b0190a,-1,-1
21942,IS15ba6964391cc3f5cd9dd,-1,-1
21943,IS18ba4f3708f84521ae52f,-1,-1
21944,Embiid,-1,-1
21945,IS1dbcbcfe47b3ba235ee62,-1,-1
21946,IS1cf758819c686aaca845b,-1,-1
21947,IS1fdcde7153c301f78170f,-1,-1
21948,IS1de5f699b27fefc3f80c5,-1,-1
21949,cZZaWu5uGa,-1,-1
21950,IS139512726b931d14dda8c,-1,-1
21951,dragor,-1,-1
21952,IS1b21f77e9029973e5c123,-1,-1
21953,OMFGsus,-1,-1
21954,FelTheCat,-1,-1
21955,IS1581f99de4d553f22a27e,-1,-1
21956,BlondeDude,-1,-1
21957,IS18c86d7a1b4a1027b97b8,-1,-1
21958,IS1422bc9e1eaf97556b4a0,-1,-1
21959,Z1 D10s,-1,-1
21960,IS1b6dc64ecb753029e5c1e,-1,-1
21961,4allya,-1,-1
21962,IS15882bf7435c610fca4c1,-1,-1
21963,IS12b343313ad79d138342c,-1,-1
21964,bUwvPmAsk1,-1,-1
21965,Aniketos,-1,-1
21966,clownkilla,-1,-1
21967,Chrismas,-1,-1
21968,IS12c69192a465bdfbcfe4a,-1,-1
21969,Xnfs,-1,-1
21970,Ryo Akagi,-1,-1
21971,BwbPXOWNwz,-1,-1
21972,Edg3,-1,-1
21973,Cyntil,-1,-1
21974,Dareigeo,-1,-1
21975,BeefShutters,-1,-1
21976,bdRZDldGxE,-1,-1
21977,IS13a44b4f1cb9075f6899c,-1,-1
21978,IS140d1a2ea77fd884abd26,-1,-1
21979,IS1f0bc028f97b4728a3069,-1,-1
21980,5KjjF1xyd4,-1,-1
21981,IS1875d0faca60ca65d2b5f,-1,-1
21982,tengu,-1,-1
21983,Grrn,-1,-1
21984,Stryver,-1,-1
21985,IS14c26e055962b31af6c16,-1,-1
21986,Censor,-1,-1
21987,IS129dd65af3d7a7aaaca82,-1,-1
21988,IS1bc9311616fc08781fcf9,-1,-1
21989,KvYgm55M6m,-1,-1
21990,IS1e9f12bb739cf7ea53fe4,-1,-1
21991,Toolbox,-1,-1
21992,FTracer,-1,-1
21993,Firenzy,-1,-1
21994,Siquera,-1,-1
21995,Ratfink4ever,-1,-1
21996,IS10cb2666e7352729b18f1,-1,-1
21997,aXIIoErQXC,-1,-1
21998,cluck,-1,-1
21999,IS100719db5cfcbeec66f5b,-1,-1
