22000,IS104a60eb1988bd67ecbde,-1,-1
22001,Iron Man,-1,-1
22002,excambria,-1,-1
22003,Esque,-1,-1
22004,Bringeer,-1,-1
22005,Grey Goose Vodka,-1,-1
22006,Grimbear13,-1,-1
22007,IS1fcda2680b388e508c98b,-1,-1
22008,IS1c31d29561cd255dd9520,-1,-1
22009,IS161ea752e858d7bbf8437,-1,-1
22010,IS10f7bfa0abdaff1a1f67f,-1,-1
22011,RobHarold,-1,-1
22012,OvOb,-1,-1
22013,IS1772b81ed0555881afc31,-1,-1
22014,Ducktapemail,-1,-1
22015,IS1d17d0786e97d65a39e8d,-1,-1
22016,IS1c179b3c1407d6ea0637b,-1,-1
22017,MilitisSanctus,-1,-1
22018,RawN00dles,-1,-1
22019,BoingMan,-1,-1
22020,IS1d2865986a027f473d3c3,-1,-1
22021,IS1bdc5625b3e941e7ab287,-1,-1
22022,Kagu Ronove,-1,-1
22023,IS1c00398f53e90a3714bd3,-1,-1
22024,IS11094b27afd0cccd8faee,-1,-1
22025,IS1b8dd3e871ca3c23f186b,-1,-1
22026,IS1e144c8fa1484d642eb47,-1,-1
22027,IS1f7a7ff81368543dcd1a1,-1,-1
22028,IS1b24999c7766adda70a24,-1,-1
22029,laeuchli,-1,-1
22030,Mahou Tofu,-1,-1
22031,IS1a7a1f01b8f9688896b65,-1,-1
22032,eMineiro,-1,-1
22033,3MVdAZw1J5,-1,-1
22034,IS17cb2e44ef3c457591b96,-1,-1
22035,DEFM,-1,-1
22036,TimmeX,-1,-1
22037,Mr Meddy,-1,-1
22038,logg,-1,-1
22039,JamesObscura,-1,-1
22040,IS1056175c3c27c7360e9fd,-1,-1
22041,IS14710711f6be2a3fc1ddf,-1,-1
22042,IS1276b97b3298931e82303,-1,-1
22043,IS14c529b23bcb157f7da4a,-1,-1
22044,TheEpitomeOfSalt,-1,-1
22045,IS1a1bb3bb86ed84e79cdfa,-1,-1
22046,IS14911d6d88b05da1340f2,-1,-1
22047,hoover900,-1,-1
22048,IS116889344bb4a675d7e38,-1,-1
22049,ThinManz,-1,-1
22050,Zergleb,-1,-1
22051,dreamformula,-1,-1
22052,IS13e1d7a9c30e02cde198b,-1,-1
22053,IS1fad782f73cd0a48f912a,-1,-1
22054,V5gJlqmYVl,-1,-1
22055,Ravencloud,-1,-1
22056,TEqypJRaa5,-1,-1
22057,CoachHavs,-1,-1
22058,IS1deca87a347c22ce64e11,-1,-1
22059,IS169818b0494c32981bc4f,-1,-1
22060,Sticksman,-1,-1
22061,IS1453834ed5400b57c89c9,-1,-1
22062,IS16ec8554ac4ae9cea008d,-1,-1
22063,Suasi,-1,-1
22064,IS1be5ef64f32ed3d49f02e,-1,-1
22065,Kalrax,-1,-1
22066,IS1de00fa66a0650286d735,-1,-1
22067,iphoneguyx,-1,-1
22068,IS17d3ab720269da3e667de,-1,-1
22069,Chillinguy,-1,-1
22070,CrimsonMaverick,-1,-1
22071,IS186ce828fb037d0f2041e,-1,-1
22072,IS1f959eb7fbefcf4ed02d2,-1,-1
22073,ReveredEskimoMan,-1,-1
22074,IS1449bc3180929a5a391e8,-1,-1
22075,Atruel,-1,-1
22076,Zero73,-1,-1
22077,Syzgyn,-1,-1
22078,Drosseph,-1,-1
22079,Lyiane,-1,-1
22080,IS1f5d8c57a847f02552fbc,-1,-1
22081,IS1f9e43bed14f2d28c70a8,-1,-1
22082,DOOMBRINGER,-1,-1
22083,IS1435279ea1ea02b2c660c,-1,-1
22084,f4nt0m,-1,-1
22085,Skyllar,-1,-1
22086,eizal,-1,-1
22087,lazic,-1,-1
22088,IS19061c743a2ae53cc1787,-1,-1
22089,IS1d973fe3c611ec1fb7b49,-1,-1
22090,joeywong,-1,-1
22091,IS10a957750af645055a115,-1,-1
22092,keishka,-1,-1
22093,IS178cefa6d23801922dc97,-1,-1
22094,Maero,-1,-1
22095,7Qrougk0wx,-1,-1
22096,Sacred123,-1,-1
22097,IS17be20a0f87da3367b416,-1,-1
22098,IS1ec50d3f2e3143a558e43,-1,-1
22099,avery,-1,-1
22100,IS1f7feeae70f11e26ed92e,-1,-1
22101,IS1c17de188c262befc7e80,-1,-1
22102,IS1d266c3f430641a7c85ac,-1,-1
22103,IS1027b5d648beeffa1be50,-1,-1
22104,IS1f99506509ce372cace0f,-1,-1
22105,HugeQuickly,-1,-1
22106,IS1b4ce31efda598e37450e,-1,-1
22107,IS10ed5fe414afa93fe45fb,-1,-1
22108,IS1076f5a707655c3a98ccd,-1,-1
22109,5it05YHrQX,-1,-1
22110,IS131575744ea1de5d4cddc,-1,-1
22111,JaxxTyrant,-1,-1
22112,JestFTW,-1,-1
22113,IS17c1c921895265c1c58d2,-1,-1
22114,Miller,-1,-1
22115,mGDnME1vhe,-1,-1
22116,inxt,-1,-1
22117,IS1da589f5eafc576b4c2e1,-1,-1
22118,IS1add26d14610dac7b6f33,-1,-1
22119,IS1bcdb131007c4babee442,-1,-1
22120,Kamiro,-1,-1
22121,Dubba,-1,-1
22122,IS1aa8ca0ef6b555fbe0c8a,-1,-1
22123,IS18bc2687b3902ad4f2710,-1,-1
22124,PerfectionLost,-1,-1
22125,IS187b9c3e716c3347f46a4,-1,-1
22126,IS154411b083c574e7e1b1b,-1,-1
22127,IS1f879f17dc1cfb7d9969d,-1,-1
22128,IS18d7fc628eb4bd8b9417d,-1,-1
22129,gakule,-1,-1
22130,Brittany Bunton,-1,-1
22131,IS18a22033796586ca10160,-1,-1
22132,TriIIy,-1,-1
22133,grogblob,-1,-1
22134,killer5926,-1,-1
22135,Iiliililiilil,-1,-1
22136,OmarWashington,-1,-1
22137,Torrasque,-1,-1
22138,Siky,-1,-1
22139,IS1f801cd8cd633c0e9b483,-1,-1
22140,IS148598d11aee0fa0a1a30,-1,-1
22141,david11,-1,-1
22142,Mr Hopkins,-1,-1
22143,IS15a9fab453d1700fd341b,-1,-1
22144,Pentavus,-1,-1
22145,Gigakaiser,-1,-1
22146,IS1beb89dd17fed45e5eddf,-1,-1
22147,halloni,-1,-1
22148,SiIu5BBUqL,-1,-1
22149,Cayena,-1,-1
22150,IS12b672db59eb30bf91896,-1,-1
22151,wsxXesghs,-1,-1
22152,Brez12,-1,-1
22153,IS1540bb9f3d888451aec23,-1,-1
22154,Sournips,-1,-1
22155,funnywille,-1,-1
22156,IS1e35f2ccefc68351afca4,-1,-1
22157,whiteboyrescue,-1,-1
22158,Deathmon,-1,-1
22159,LegionP,-1,-1
22160,frostscar,-1,-1
22161,Lukieon,-1,-1
22162,IS1027df2bd5f4bfb02af75,-1,-1
22163,koanage,-1,-1
22164,IS107bcb2b7274bc0bdde20,-1,-1
22165,IS18ccc7d47278dc75f65cc,-1,-1
22166,IS1bad961f1e3264e3fe61c,-1,-1
22167,IS13955f70597d4dd2d06e9,-1,-1
22168,Jmana,-1,-1
22169,IS17dc62cecf00ea22b1d93,-1,-1
22170,IS1e079b884e7c47f55f1ab,-1,-1
22171,IS16b5caeeecde6de7474b5,-1,-1
22172,Yarimur,-1,-1
22173,Darkcell,-1,-1
22174,lQKvxZ8xqe,-1,-1
22175,MonkIsGood,-1,-1
22176,IS11e423ce9ffbec3b39267,-1,-1
22177,MooFasa,-1,-1
22178,IS1857cc588cefbc4d68f55,-1,-1
22179,IS1a79953b51b076818b6d0,-1,-1
22180,IS1d7746f885a2962802e1a,-1,-1
22181,IS14ac78f64ae9ad6309f6b,-1,-1
22182,IS1b91acaae7593959af3c1,-1,-1
22183,PhyreHazard,-1,-1
22184,Bruceleeroyy,-1,-1
22185,BunnyPants,-1,-1
22186,GRabies,-1,-1
22187,Blandaid,-1,-1
22188,IS127de57b7ff4c3ccaf1b5,-1,-1
22189,ubergeek,-1,-1
22190,skykilla,-1,-1
22191,IS1991fab6f695c0c4def33,-1,-1
22192,IS16f599b47dce13298f48a,-1,-1
22193,6DlO0i4xFV,-1,-1
22194,IS1771f960b2ab4d0c67e6e,-1,-1
22195,muggy,-1,-1
22196,1DJLcoM62z,-1,-1
22197,IS1b0b7f177bce0589c1b3d,-1,-1
22198,IS1d515d1b90e232fd474ab,-1,-1
22199,IS1c3c5a6bd5abd3ac8789c,-1,-1
22200,IS19a4208399ff589de0e15,-1,-1
22201,d488b,-1,-1
22202,JurmyJurms,-1,-1
22203,IS109a4576501d6c6ec3a81,-1,-1
22204,IS1cfc1cf826d779e694239,-1,-1
22205,Bdeathz,-1,-1
22206,cynoid,-1,-1
22207,IS1477b578a8647f2fc4419,-1,-1
22208,IS18714d3185516e3afe9f4,-1,-1
22209,msuterlo,-1,-1
22210,FuzzySmurf,-1,-1
22211,IS17414c5ec51a6e9687946,-1,-1
22212,Grossbard,-1,-1
22213,IS1e60c4ea0bdc89b2085e5,-1,-1
22214,IS1fcd424e700c1ffee3421,-1,-1
22215,IS1b717a728bc089e73f262,-1,-1
22216,JRR Tokin,-1,-1
22217,Devil Poo,-1,-1
22218,Sir Vival,-1,-1
22219,IS18f5f3527642085d58efd,-1,-1
22220,IS13917b48d13d474756e88,-1,-1
22221,IS123848f247fb126ac22fa,-1,-1
22222,IS105c7d16d4b05597c6a59,-1,-1
22223,jtwizzy2,-1,-1
22224,Bryden7,-1,-1
22225,breadjesus,-1,-1
22226,Y,-1,-1
22227,IS1cb84067cd1981b12f527,-1,-1
22228,IS1514b331343beecb76eec,-1,-1
22229,IS171c258e5eee6ad95f737,-1,-1
22230,Tonyloco,-1,-1
22231,IS1509c7370d3509784d3cf,-1,-1
22232,Inxo,-1,-1
22233,IS1d29ad0d12427bf27fba6,-1,-1
22234,IS15fb9692ee1a9d1d9cd4e,-1,-1
22235,IS1faacaa515177e067a1cf,-1,-1
22236,IS138e857447ac7d42eb18c,-1,-1
22237,IS1c3f2bd790b9a0de91090,-1,-1
22238,gqXvsmrhOf,-1,-1
22239,IS10767d67ad0ef76f8eeea,-1,-1
22240,JCBmer,-1,-1
22241,drdoak,-1,-1
22242,IS1e29783012ab4f9ce604d,-1,-1
22243,The Auctioneer,-1,-1
22244,RizY,-1,-1
22245,IS17f1d32c68e3054b82a57,-1,-1
22246,cXCAiwloLk,-1,-1
22247,IS172c9ef29940383e7e941,-1,-1
22248,IS178b30c28af729766bdd4,-1,-1
22249,IS1163ba03a7c2ac16bb560,-1,-1
22250,IS1de96bdddabf7b4cd46f2,-1,-1
22251,IS16174422928d12c1831ad,-1,-1
22252,IS1d3ad7a65723c4e42ff84,-1,-1
22253,IS18e636579e41f3f9d2ea2,-1,-1
22254,Larper,-1,-1
22255,iAltQQ,-1,-1
22256,IS1b6ef04f4f11733faa5a2,-1,-1
22257,IS16ee10602195efd5fb6fa,-1,-1
22258,IS1fb880caf9525f709215c,-1,-1
22259,IS184cee0631e4f3831f1a8,-1,-1
22260,SKT GangPlank,-1,-1
22261,evilgouki,-1,-1
22262,driOM3sRh2,-1,-1
22263,IS1d8697cd600b74b14a1ad,-1,-1
22264,Plute,-1,-1
22265,Z3 Gclark,-1,-1
22266,IS1ff8cd93b17057f2fe0d9,-1,-1
22267,IS116121f9d63d61264138d,-1,-1
22268,JycvvQbxWd,-1,-1
22269,Lucon,-1,-1
22270,IS197e84f598ea25c812cab,-1,-1
22271,IS157304e1b2a89d531b11b,-1,-1
22272,bbt87,-1,-1
22273,Xfito,-1,-1
22274,IS1a09b139fd01c4045481d,-1,-1
22275,gibbesroy,-1,-1
22276,Creamsaw,-1,-1
22277,doObCy,-1,-1
22278,IS1094eb9669cd6a4feb8a8,-1,-1
22279,BrtPanda,-1,-1
22280,IS161a312e5bd9b1b714a24,-1,-1
22281,IS11473064baf06213c4858,-1,-1
22282,IS103f4ce5f16f1f84890ac,-1,-1
22283,IS1cbeca6735bff37e6af87,-1,-1
22284,Markspvh,-1,-1
22285,cosmos,-1,-1
22286,omgbear,-1,-1
22287,IS139f832cbd30d91600da6,-1,-1
22288,IS1f40cf88f4001b9031ae5,-1,-1
22289,IS12e8470ffbcbb61ae3512,-1,-1
22290,IS1bd26efdfdabfab95428d,-1,-1
22291,IS160efd403c6cb12af1e4c,-1,-1
22292,MrZenity,-1,-1
22293,IS111f58427902b1b1d50aa,-1,-1
22294,Belron,-1,-1
22295,IS1af5c7e8a7ce39fdf37f7,-1,-1
22296,IS112f1a33acc20a44772b2,-1,-1
22297,riceroni,-1,-1
22298,9VIHiMr2MR,-1,-1
22299,k8TDm0mLIM,-1,-1
22300,Kaliver,-1,-1
22301,Drinidd,-1,-1
22302,IS1b06dd5822fe254494010,-1,-1
22303,Casnar,-1,-1
22304,housedd,-1,-1
22305,Aum44n,-1,-1
22306,Erebel Ill Aevum Est,-1,-1
22307,IS1fa3c2aef0de3480f9b5f,-1,-1
22308,IS11eec61154d01871cec76,-1,-1
22309,IS1939caf27c50179266b55,-1,-1
22310,IS1c1d9e0592ecf075e4bf4,-1,-1
22311,Nyyt,-1,-1
22312,IS16f9ace3ef78d0d5e9ea4,-1,-1
22313,wanZ,-1,-1
22314,congeeSTAR,-1,-1
22315,Frozen Peas,-1,-1
22316,IS1dc01647bad2112d90010,-1,-1
22317,hydrologie,-1,-1
22318,IS19d754c3eabcfca44366b,-1,-1
22319,IS1c0876a64ce876e623068,-1,-1
22320,Aurin Dark,-1,-1
22321,IS18ecc4d2eda89df820a98,-1,-1
22322,IS157bc7da716b69357df58,-1,-1
22323,r3w1r4d,-1,-1
22324,Ydriel,-1,-1
22325,IS1eae09b055b08ef0925a0,-1,-1
22326,Novanglus,-1,-1
22327,LazarusLong,-1,-1
22328,IS1def873076ec1ecaa0d2b,-1,-1
22329,Xarian,-1,-1
22330,Aurobine,-1,-1
22331,PeckPeckBlender,-1,-1
22332,IS1342b01a2db7edb7961cd,-1,-1
22333,BaZacre,-1,-1
22334,IS15ad89353db19b564ebca,-1,-1
22335,IS1050e2ee2ef6b524d4fbf,-1,-1
22336,IS18a9daec4e9f57d516d87,-1,-1
22337,IS126c5d4ca6d14227cbbd2,-1,-1
22338,IS1b734f072c7d831cb281a,-1,-1
22339,IS198341ca28d3323241e7d,-1,-1
22340,IS1b6ac4241a6c144dc822e,-1,-1
22341,IS134f3ff3479db338f727a,-1,-1
22342,IS1173543156c552764c939,-1,-1
22343,IS10ccf474e886616e439d4,-1,-1
22344,IS18af07bf32de21edd8eee,-1,-1
22345,IS19eba9959ee08bb5bf80f,-1,-1
22346,Godlyknown,-1,-1
22347,IS1602da6022e533f3bed3d,-1,-1
22348,IS1df29e7684f5b7b0d9bd7,-1,-1
22349,drustan,-1,-1
22350,bearhello,-1,-1
22351,IS101ab378313b04c24afa2,-1,-1
22352,TheGoonch,-1,-1
22353,IS199d5d3022a6e968393ff,-1,-1
22354,IS13236fb8e30cf8c42df98,-1,-1
22355,IS19a6595b44fe628d6c31b,-1,-1
22356,ChD Banana,-1,-1
22357,IS1e7ea767821c6ee3293eb,-1,-1
22358,IS15c60642bc8f144321208,-1,-1
22359,gqsupersport,-1,-1
22360,IS162b5a61369eea82681c1,-1,-1
22361,TheJoel,-1,-1
22362,IS195a0e9bf1edcf0f447ee,-1,-1
22363,Leprikhan,-1,-1
22364,PenidSlicez,-1,-1
22365,IS10fc12cabfbd92,-1,-1
22366,IS1b93dc3ad9b93337d79a2,-1,-1
22367,grounddevil,-1,-1
22368,IS11c802e7ccd40299dcfb5,-1,-1
22369,Nedayrel,-1,-1
22370,MilleK,-1,-1
22371,Pull You To Me,-1,-1
22372,Varikas,-1,-1
22373,IS174c58368df9fb5f0f6bc,-1,-1
22374,IS173d680f529625844e378,-1,-1
22375,IS14048bd8cc378b8517436,-1,-1
22376,dummypillow,-1,-1
22377,Carl,-1,-1
22378,IS144ef473a623bab9d32b0,-1,-1
22379,SexualnViolent,-1,-1
22380,IS1a37f41903da55be81848,-1,-1
22381,Vatrak,-1,-1
22382,IS1d3434832c039cc00e3d7,-1,-1
22383,IS1d5a7def18714b2647e92,-1,-1
22384,Lc99EBLh5L,-1,-1
22385,Exuberance,-1,-1
22386,IS138fdb47718aca03c8af3,-1,-1
22387,7h4l6kl43,-1,-1
22388,Esromer,-1,-1
22389,IS1969e00792c3cae595065,-1,-1
22390,M0rdekaiser,-1,-1
22391,Fawp,-1,-1
22392,Asamak,-1,-1
22393,IS1da9b3436271850604962,-1,-1
22394,IS1548559e4edfbdd8e0397,-1,-1
22395,IS10c51b65395011b05bd87,-1,-1
22396,IS12df72b8fc8dca09e34a4,-1,-1
22397,IS130e17ec085bfc3b6db85,-1,-1
22398,IS1440995218a0915e2cd71,-1,-1
22399,JPRAMMUS,-1,-1
22400,SomeJ,-1,-1
22401,JinTenshi,-1,-1
22402,Fistful,-1,-1
22403,3 Hours Dungeon,-1,-1
22404,IS1aad50b5e8a32f3a05d61,-1,-1
22405,Jdog1880,-1,-1
22406,bvlWEoQiit,-1,-1
22407,daraghuman,-1,-1
22408,Naux Faux,-1,-1
22409,IS1714eeba0bd6624b0799d,-1,-1
22410,Fireveil,-1,-1
22411,AI4kkZbRDD,-1,-1
22412,IS161572b3331d17248b980,-1,-1
22413,Bremetar,-1,-1
22414,Morgant,-1,-1
22415,Enril,-1,-1
22416,IS1807c6cb29f34d8cc6213,-1,-1
22417,IS1bcc41bdcd0c970a63d3f,-1,-1
22418,IS13f5497eb23fa0f708dcd,-1,-1
22419,IS154eb0ce6e66402f77404,-1,-1
22420,ddIDP9Y0mS,-1,-1
22421,846513,-1,-1
22422,IS183af2f210a46dd624a64,-1,-1
22423,IS1c3eb23be9316f6f6126e,-1,-1
22424,IS112e965acd1a21fef3a38,-1,-1
22425,Yanlius,-1,-1
22426,OMGFIREBURNS,-1,-1
22427,Raelivh,-1,-1
22428,Ruberik,-1,-1
22429,Son of a Lich,-1,-1
22430,Icvvcwyrvv,-1,-1
22431,BhJEID8ILW,-1,-1
22432,IS1e8041780aa125f5f4932,-1,-1
22433,Hantsche,-1,-1
22434,Frosted,-1,-1
22435,IS1e7698792c6e9d680d3af,-1,-1
22436,IS1665f95f2f71a5b59cb74,-1,-1
22437,Rektmancer,-1,-1
22438,IS1e3b0833f85b4a5b088f1,-1,-1
22439,Arghanos,-1,-1
22440,IS1d6ba5d789814bc2fbdc4,-1,-1
22441,Mohasus,-1,-1
22442,UgjUSYtZan,-1,-1
22443,IS1f2b3bbfb856a79668d0b,-1,-1
22444,raptor4eva,-1,-1
22445,IS10e2862d04960adc86d85,-1,-1
22446,IS1f85828a0a9299467ea19,-1,-1
22447,IS1f2837d715bf283f6afa7,-1,-1
22448,KlX18WSIen,-1,-1
22449,DexorC,-1,-1
22450,IS15376b696f85ccde52382,-1,-1
22451,Geniekid,-1,-1
22452,jwesley,-1,-1
22453,IS1646fdc594a1e58ac635c,-1,-1
22454,Klerat,-1,-1
22455,IS1999b0ccd29aec3b22627,-1,-1
22456,IS1496ff23d0ae36e50c276,-1,-1
22457,IS1cc63c81bde4fa8996638,-1,-1
22458,IS1b370a90ab64599937111,-1,-1
22459,Moooooooommmm,-1,-1
22460,IS1eae96d8058babc672e05,-1,-1
22461,Beowolfe,-1,-1
22462,wowoww,-1,-1
22463,IS1253e596c3a9bb9ecd1f2,-1,-1
22464,BBSWkiSagk,-1,-1
22465,IS1d4ab516d9cea9c12a359,-1,-1
22466,IS1978af1366c557aa0393f,-1,-1
22467,Calus,-1,-1
22468,IS1f5f64d799199643f06d1,-1,-1
22469,IS1ef84c7c64afa42793352,-1,-1
22470,Z2 know,-1,-1
22471,IS180d08dda7a8969839df0,-1,-1
22472,Geshtar1234,-1,-1
22473,IS17ee2eac98fb2c9481c6a,-1,-1
22474,IS17f6d4a96ce9a34911561,-1,-1
22475,Jangular,-1,-1
22476,Mandikan,-1,-1
22477,IS17b89c46b4191ab723943,-1,-1
22478,IS16b28ef00f9f1551d5689,-1,-1
22479,N1lfF2uoVE,-1,-1
22480,Firecrak,-1,-1
22481,IS1458f4a3a8b69bf847d95,-1,-1
22482,Mirranda,-1,-1
22483,IS1b3ae277726c6ec098192,-1,-1
22484,IS13b3580b0f603a5c3b625,-1,-1
22485,IS16a1cb54f2f9a1ed5473e,-1,-1
22486,IS1176da6f0bb5c451d90aa,-1,-1
22487,IS1e26e99c8c945190a490e,-1,-1
22488,SawyerK,-1,-1
22489,IS12606642402111288fc24,-1,-1
22490,IS1b88971fd8755abf20863,-1,-1
22491,IS1ce9f0d059c44c09e040a,-1,-1
22492,salvv,-1,-1
22493,IS1db6f79c443dcb3002ad0,-1,-1
22494,IS18debdefd752a99e94e4e,-1,-1
22495,Zuljin,-1,-1
22496,Jbeeze,-1,-1
22497,mulfred,-1,-1
22498,Exey,-1,-1
22499,IS18b4e8c77b80cb5cd7e6e,-1,-1
22500,Aionos,-1,-1
22501,wd wad wd,-1,-1
22502,Axithmal,-1,-1
22503,j0j0y,-1,-1
22504,BattleCrap,-1,-1
22505,IHaveNoPantsOn,-1,-1
22506,Jujujam,-1,-1
22507,IS148714c48171b8595faac,-1,-1
22508,JNighthawk,-1,-1
22509,Totbot,-1,-1
22510,Lucky Loafers,-1,-1
22511,drewww,-1,-1
22512,IS1b868354f054ab2681c0e,-1,-1
22513,IS1c36ca1f64e95ff1cbd2e,-1,-1
22514,IS1f0f126d271764cf270fc,-1,-1
22515,AlCapwn,-1,-1
22516,Recklar,-1,-1
22517,IS14843327d4d51a3d89f94,-1,-1
22518,Vyrc,-1,-1
22519,J4rvan,-1,-1
22520,KoKeinboix,-1,-1
22521,IS18d7b4c7a186ceb947b62,-1,-1
22522,IS1b42aa8e68e49a51fe039,-1,-1
22523,IS12ce159a2a255ac96f632,-1,-1
22524,IS16cf09c95106c59ddfa9e,-1,-1
22525,IS1068756c18d8a47ac9c33,-1,-1
22526,IS169dcf2b80b93bab62fea,-1,-1
22527,janco,-1,-1
22528,IS1c51df40b76102911fe53,-1,-1
22529,IS12d1c0b703182ef4aaf1d,-1,-1
22530,IS1b66c4666c18fc1e92277,-1,-1
22531,misacampo,-1,-1
22532,JuDyMOng,-1,-1
22533,IS15346b6866f05a37822ed,-1,-1
22534,Decker,-1,-1
22535,donnytuco,-1,-1
22536,Megamanky,-1,-1
22537,IS1f91f77b5924ce7fe96f2,-1,-1
22538,IS1c1ccc6c2cc32c94d8238,-1,-1
22539,IS1c557de07e8e5264cb98c,-1,-1
22540,IS1133d7c9fd42d30b43327,-1,-1
22541,IS14904cf2972fa3d2a3c19,-1,-1
22542,Deadlyintention,-1,-1
22543,IS14278fdaa86ddd9341276,-1,-1
22544,archimandrite,-1,-1
22545,giGdkoBPOQ,-1,-1
22546,IS1aeab38d3d6b5720e7e48,-1,-1
22547,IS17abef3ae5ae12ca63796,-1,-1
22548,IS1177ffc2907f935b4aab3,-1,-1
22549,Balrog989,-1,-1
22550,EyexMeetsxEye,-1,-1
22551,IS1deed483dcda19d9178ff,-1,-1
22552,IS1fef3ad4951a95,-1,-1
22553,Outscroll,-1,-1
22554,IS1172d99db506ce5375bc3,-1,-1
22555,IS1a9dc9349ea9da97b1ff8,-1,-1
22556,Curiosity,-1,-1
22557,IS1bec715c89d7f409658d6,-1,-1
22558,Xelgrim,-1,-1
22559,Kami093,-1,-1
22560,IS1d9af954274c6763ec64d,-1,-1
22561,drsii,-1,-1
22562,IS1106a7d13e0c630e994ff,-1,-1
22563,ArchimedesTheOwl,-1,-1
22564,dwd w dw,-1,-1
22565,IS1535507443fc3e6f1e34f,-1,-1
22566,IS15f4b11d26fd5ac0004e3,-1,-1
22567,Yasuka,-1,-1
22568,TheRabidWombat,-1,-1
22569,Orange Extract,-1,-1
22570,evilgoku420,-1,-1
22571,Balls Massive,-1,-1
22572,IS1a90a89aed7aac61eb657,-1,-1
22573,IS15a6a9bbb627837278e13,-1,-1
22574,Clit Eastwood69,-1,-1
22575,IS1344b921f7c825ec784c1,-1,-1
22576,IS169821a160b1badc69ab8,-1,-1
22577,IS1a3265e292f374567eacf,-1,-1
22578,IS1391fdc7e89a120fe5d86,-1,-1
22579,ArlenSief,-1,-1
22580,silverwings,-1,-1
22581,grinningone,-1,-1
22582,Interpool,-1,-1
22583,IS11fae024849f33f7a7156,-1,-1
22584,IfELqn78C9,-1,-1
22585,IS144f9a12d2812cd058251,-1,-1
22586,wtfil,-1,-1
22587,IS1475df97961888efcd78a,-1,-1
22588,IS1a9a2ec0243d645e2b5fc,-1,-1
22589,IS1ef8d85152c28a1619b69,-1,-1
22590,IS1c65eba0316c443a289d7,-1,-1
22591,IS160daa2fc89fb0ab231bb,-1,-1
22592,IS12ac1e43b57340fd30d8d,-1,-1
22593,IS13cabc206bb2dab22be3e,-1,-1
22594,IS1380898b5911c1e904d31,-1,-1
22595,IS1b645b9636d5ab4707f7b,-1,-1
22596,IS1f3e9a35cf1747b740e5e,-1,-1
22597,Achenar,-1,-1
22598,Stargazer,-1,-1
22599,IS199b98f1b1e8898719b05,-1,-1
22600,ganksters,-1,-1
22601,IS125db1dcc14562137d5a5,-1,-1
22602,IS1c01b3a287168bb4439f6,-1,-1
22603,SDMDWWUK1,-1,-1
22604,IS15a13968afd4ede98bb83,-1,-1
22605,soupdog,-1,-1
22606,Everz,-1,-1
22607,IS1e41cf504aee654131672,-1,-1
22608,m0etastic,-1,-1
22609,Esoteria,-1,-1
22610,Tehwildcard2,-1,-1
22611,IS14dd65fb0a3f88c11c25e,-1,-1
22612,Smiling Politely,-1,-1
22613,No1and,-1,-1
22614,Yoursistaisjoe,-1,-1
22615,IS15a4415d01986ee4907fe,-1,-1
22616,DarkSteele,-1,-1
22617,Aonxe,-1,-1
22618,DomoKun,-1,-1
22619,IS18f4c677f0f89bac52a65,-1,-1
22620,IS19de780239b8d261a6c3c,-1,-1
22621,IS1f743b4dc240f7aa5ea23,-1,-1
22622,Grumpypirate,-1,-1
22623,IS1b007cb00a495744d6372,-1,-1
22624,Atuv,-1,-1
22625,Aerowinder,-1,-1
22626,IS1dab0f6434c3ef50ec89f,-1,-1
22627,IS131e8384950e09d392365,-1,-1
22628,dowaitodesu,-1,-1
22629,DarkLotuss,-1,-1
22630,T7RiZU7tvj,-1,-1
22631,cottonbawlz,-1,-1
22632,IS112da15ded49ea3265930,-1,-1
22633,IS17294d52de7d884eb3efd,-1,-1
22634,Heffa,-1,-1
22635,IS1f508633dae03c0804a0b,-1,-1
22636,defrost,-1,-1
22637,IS19140e24d1e05046b3d85,-1,-1
22638,Jackprevite,-1,-1
22639,IS11ae74399ecdd090ac14d,-1,-1
22640,0o00fFFBES,-1,-1
22641,Laynd,-1,-1
22642,IS1082e37a8b584ff39c03d,-1,-1
22643,Yonkec,-1,-1
22644,IS166e9d5432fb4296d23fd,-1,-1
22645,Warshack,-1,-1
22646,Himitsuki,-1,-1
22647,IS1f1ab6b9700689a881ec5,-1,-1
22648,IS1091df0eb6ffbce24345d,-1,-1
22649,ajiswolfy,-1,-1
22650,Goslin,-1,-1
22651,IS1d4aaebf70720aac3b5d4,-1,-1
22652,IS1821b9029e0f0877fa022,-1,-1
22653,IS1d73a26d084cb2e182f31,-1,-1
22654,IS1598a5ad81fbdac50ed23,-1,-1
22655,IS1910fec28b95d9ff39bb7,-1,-1
22656,IS11fc080cc967d00b8f0d9,-1,-1
22657,Amot,-1,-1
22658,Naranek,-1,-1
22659,Sunspot,-1,-1
22660,CRo0KED,-1,-1
22661,Elroy,-1,-1
22662,IS152169cb99e9f54bd7e84,-1,-1
22663,fBBXSZVxnO,-1,-1
22664,IS1873bb3e824068262daa6,-1,-1
22665,DitEjM,-1,-1
22666,AyeHom,-1,-1
22667,Athildur,-1,-1
22668,IS14e0992f5edee8fc62ae1,-1,-1
22669,NujabesFeather,-1,-1
22670,IS1a6f2062ec93a913b8307,-1,-1
22671,Solomori,-1,-1
22672,IS15d783fe71c15bb24fb7e,-1,-1
22673,IS197f2dcd23bc978567b71,-1,-1
22674,gNyS1QsfLm,-1,-1
22675,Bellamortis,-1,-1
22676,Mr Pyotr,-1,-1
22677,IS1bd7ffc28aff80acfc441,-1,-1
22678,FoHera,-1,-1
22679,IS129646ff5be759b5b9ae8,-1,-1
22680,Prattze,-1,-1
22681,IS1ec20fbe194aed2e6474c,-1,-1
22682,gabrielpeter,-1,-1
22683,Argetlam,-1,-1
22684,IS11155ccf97853f5e46b3a,-1,-1
22685,funnyfun,-1,-1
22686,Morguline3,-1,-1
22687,StilenX,-1,-1
22688,ohmmus,-1,-1
22689,IS1e4b7594fd3d3b67f36ed,-1,-1
22690,IS1fd67456dffd021f65181,-1,-1
22691,IS10584e57c8d35c3aa773c,-1,-1
22692,IS12001a3d883d8120179f5,-1,-1
22693,IS192087f26b5b3a7700cbd,-1,-1
22694,almond,-1,-1
22695,IS1dc51a72ba78a58ba5bb0,-1,-1
22696,Gredinus,-1,-1
22697,IS1eabc3626a168bab8fb18,-1,-1
22698,Pharmacologist,-1,-1
22699,IS14395d243d0a619619f5b,-1,-1
22700,IS13cc28168f2ccd171caae,-1,-1
22701,delciotto,-1,-1
22702,IS1331e94fd3113f11c58e0,-1,-1
22703,IS13eb10c5adfe9ff5b525a,-1,-1
22704,ZombieDocta,-1,-1
22705,Panacio,-1,-1
22706,Crazometer,-1,-1
22707,IS19f4bb5d0328d067d2f47,-1,-1
22708,tebo,-1,-1
22709,IS18484dd9f755301711778,-1,-1
22710,IS1e76c11e1bd87cd18dde2,-1,-1
22711,We3e,-1,-1
22712,IS19dadcb0be76b5fd77a6e,-1,-1
22713,IS158cf22b819d0bce64fbd,-1,-1
22714,Predj,-1,-1
22715,Zurrior,-1,-1
22716,IS1356985370639219d6814,-1,-1
22717,lIIAitxyq5,-1,-1
22718,IS1aac5b6f1dd47756e91c5,-1,-1
22719,dSOUTH,-1,-1
22720,IS1ed701eeec28589733f1e,-1,-1
22721,IS13854f465b52ba2abf0ed,-1,-1
22722,Desvelar,-1,-1
22723,Lienwrath,-1,-1
22724,IS17563c28e6311c42cc2d0,-1,-1
22725,IS168a1f9b62b9e17b3e963,-1,-1
22726,IS17f169cb51d7afe381553,-1,-1
22727,EssejSnilloc,-1,-1
22728,Jage,-1,-1
22729,Boogahstra,-1,-1
22730,BacnonNeggs,-1,-1
22731,IS1c85cffe2531073afbb5c,-1,-1
22732,Champlo0,-1,-1
22733,KetsuPGCHL,-1,-1
22734,Rhyz,-1,-1
22735,IS11d89efeaa2079b2ef661,-1,-1
22736,KJvvQxuBcq,-1,-1
22737,IS12891662f18320e8d476b,-1,-1
22738,d asdsas d as,-1,-1
22739,IS1882a3cd13357386135fb,-1,-1
22740,InViolation,-1,-1
22741,IS19ca5e173d0226382e338,-1,-1
22742,IS1df2a6196b42b3a749035,-1,-1
22743,IS1a46eb672dc5680bff7da,-1,-1
22744,BennieLiu,-1,-1
22745,volta,-1,-1
22746,IS13a821a543d63efe814ba,-1,-1
22747,IS13cc8c79cf6e9ace396c3,-1,-1
22748,IS107013b6765bde3b71af6,-1,-1
22749,bundan329,-1,-1
22750,IS19770a232641d29158db0,-1,-1
22751,Sooty,-1,-1
22752,IS1f6a314b9c0730f1864d5,-1,-1
22753,Border,-1,-1
22754,Slaaz,-1,-1
22755,IS138a9f2e8d2f37dab6d9e,-1,-1
22756,PertinaxVir,-1,-1
22757,Faustrom,-1,-1
22758,KingVox,-1,-1
22759,DToXik,-1,-1
22760,xxVICIOUSxx,-1,-1
22761,IS179489e025913eadcdc3a,-1,-1
22762,Togue,-1,-1
22763,IS1892704fecb807daad07d,-1,-1
22764,IS1fd653c7a05d505e2aecf,-1,-1
22765,Fischig,-1,-1
22766,IS1f53874a09e9eec130980,-1,-1
22767,VaidmlPqQ1,-1,-1
22768,Clii,-1,-1
22769,IS1b84b33a2b89b3ea34359,-1,-1
22770,IS1f1074eb0f424c98200f7,-1,-1
22771,IS18b9d11154ca439351b16,-1,-1
22772,Noshiza,-1,-1
22773,IS1444fb245bf2a6a291c0c,-1,-1
22774,drp23,-1,-1
22775,Vaul,-1,-1
22776,IS1692261dbed5dd38cd056,-1,-1
22777,Gungir,-1,-1
22778,IS18ee27d53d2d42bfc1ffe,-1,-1
22779,Offred,-1,-1
22780,Shrouded,-1,-1
22781,IS1b1b08ef6cda3ab7243c9,-1,-1
22782,onephathorse,-1,-1
22783,IS10a729646e3503a790669,-1,-1
22784,IS11d620b8ececd6a402dc7,-1,-1
22785,Redline2421,-1,-1
22786,MDMA For Fun,-1,-1
22787,IS1d650def1b4fa0c7dd667,-1,-1
22788,Ky Kiske,-1,-1
22789,DoneDeal101,-1,-1
22790,IS19374f0e46577533f22fb,-1,-1
22791,Dreco,-1,-1
22792,IS1d95c4a771e973b93afdc,-1,-1
22793,Ezstyle,-1,-1
22794,snarkcookie,-1,-1
22795,IS1bafaa03136100ecaf328,-1,-1
22796,HApNZw98oI,-1,-1
22797,IS157e3a1b492f5df823aff,-1,-1
22798,IS186b3d8aec172f109bdb1,-1,-1
22799,IS17050e405953f036e4a15,-1,-1
22800,IS1c915ce919fd10a63ce62,-1,-1
22801,fdfadf,-1,-1
22802,Skunky Skunk,-1,-1
22803,Harot,-1,-1
22804,Galm,-1,-1
22805,Drakko101,-1,-1
22806,IS154457f288b15bd37410a,-1,-1
22807,IS11680a1d90abb4abb26e2,-1,-1
22808,IS15e24c95dce83c0a1a8d4,-1,-1
22809,Carreîra,-1,-1
22810,IS1ef87490d7326d2a2b70f,-1,-1
22811,IS1fcaf245901d4a69d129c,-1,-1
22812,TechSlave,-1,-1
22813,IS1665c560ad8026e4913f5,-1,-1
22814,Snapper,-1,-1
22815,IS11e860a631c00f02d748a,-1,-1
22816,IS19a1903c9c815ef4bfb03,-1,-1
22817,IS136457658bfc37ddaf9c6,-1,-1
22818,IS1440d9be6fb474387a285,-1,-1
22819,Anopob,-1,-1
22820,IS132ba6bd726d47e722e9f,-1,-1
22821,0ryx87,-1,-1
22822,IS1a638e746f235249d8381,-1,-1
22823,IS15fe52b5f5d23971f49c0,-1,-1
22824,IS146e2de53c5120e3c5cf5,-1,-1
22825,IS12cc233fe47eb0cb8d48f,-1,-1
22826,xFIERCEBABYx,-1,-1
22827,Swollen Ankle,-1,-1
22828,IS1e9c1cd697c526f01d643,-1,-1
22829,xinrenqiudai,-1,-1
22830,IS117cb798054a944297d91,-1,-1
22831,IS1595e36aefd03ba9e3021,-1,-1
22832,IS1e6f5981b5d9c8bd1f0a4,-1,-1
22833,IS17c965a766aae6e21423a,-1,-1
22834,Aran Gar,-1,-1
22835,mTtM3Dvmre,-1,-1
22836,IS18ac59661d7345fca4019,-1,-1
22837,Azurose,-1,-1
22838,IS17e4c0be05fc786a7709c,-1,-1
22839,IS1e17448acc495e0f2dacb,-1,-1
22840,Balumunka,-1,-1
22841,Direwulff,-1,-1
22842,IS11c12d87fbe0b399c2396,-1,-1
22843,IS1d1be040d2167ebaf0540,-1,-1
22844,IS161ebbec156a82c5c9f40,-1,-1
22845,IS187e5da2f833f3e8986a4,-1,-1
22846,J3G,-1,-1
22847,gogor2,-1,-1
22848,IS1e7ecb6112bad5d5efeeb,-1,-1
22849,hypn0tika,-1,-1
22850,IS1c769d4484fea849fa704,-1,-1
22851,qxHEbsiyvR,-1,-1
22852,IS1ae70a907d2335ca1ed5d,-1,-1
22853,poned,-1,-1
22854,IS177d18216072cd80aa019,-1,-1
22855,Maegwyen,-1,-1
22856,3NTJpCvptb,-1,-1
22857,IS1197a540cecc5b0256935,-1,-1
22858,IS17bbe3b81721aa110647b,-1,-1
22859,ZaeroX,-1,-1
22860,Get Sh1t on K1ds,-1,-1
22861,IS15714c153f28692416c39,-1,-1
22862,Rhyzel,-1,-1
22863,IS1fe9ef1f8faa3f43ca5f7,-1,-1
22864,IS115bad85a5d3156de5f11,-1,-1
22865,3m5QWofWqg,-1,-1
22866,humungous,-1,-1
22867,IS17637d42b96f220b47c92,-1,-1
22868,itsbeni,-1,-1
22869,greatkuma,-1,-1
22870,Zoxide,-1,-1
22871,GodSlayerXX,-1,-1
22872,IS12661ba56cf39e0b3eb9d,-1,-1
22873,IS133d20fb435165c8fd904,-1,-1
22874,IS1e5b62a327be0310f7981,-1,-1
22875,IS1c125ee7b1b5efe659b90,-1,-1
22876,IS182c15a9b8188db4f7d1f,-1,-1
22877,IS15767d624c0846b3bdbd3,-1,-1
22878,Jeordy,-1,-1
22879,Fyrjefe,-1,-1
22880,bastosboy4175,-1,-1
22881,IS11203a2b8d6668f014365,-1,-1
22882,IS1378df8540f6db2d36534,-1,-1
22883,IS13d4376fa30b80a5d604f,-1,-1
22884,IS12cca91c51ef731f768e4,-1,-1
22885,IS17fcf2e4a83e2ea70d42b,-1,-1
22886,Asscid,-1,-1
22887,IS1c41281cd96c9c155b0ec,-1,-1
22888,IS15c6c31661b8951e686a6,-1,-1
22889,xteban,-1,-1
22890,byirgx173I,-1,-1
22891,Fearliss,-1,-1
22892,IS1f0824a075d9027473cbf,-1,-1
22893,Armence,-1,-1
22894,Wseiseeg Wsegese,-1,-1
22895,IS18be7960156e3f116821b,-1,-1
22896,Snausages,-1,-1
22897,Goladith,-1,-1
22898,IS197a042724b779fcd5e14,-1,-1
22899,IS1570e7116785863dcdddd,-1,-1
22900,IS1903af56413e0eb219852,-1,-1
22901,Newtz,-1,-1
22902,RanGeR,-1,-1
22903,4vIxyBLqAi,-1,-1
22904,IS14b64087649e2b45eba01,-1,-1
22905,IS199d7a4455acf36785fc6,-1,-1
22906,IS1866cb77c77ae1e47c5fa,-1,-1
22907,IS18a5da8f3dd4053e38b27,-1,-1
22908,IS1b4a9c93fcf140c18e20e,-1,-1
22909,IS18db9a1f426e4d0d4886d,-1,-1
22910,ViciousLove,-1,-1
22911,IS1ad08839f47b03947bb71,-1,-1
22912,Nubachadnezzar,-1,-1
22913,wmDAkMq1p6,-1,-1
22914,2354dsfg,-1,-1
22915,RedMafia,-1,-1
22916,IS124b16b1275b9b728130e,-1,-1
22917,IS1ba81960a3c9a5dbaa3fd,-1,-1
22918,IS12803bf43fa487413cf56,-1,-1
22919,NecoArc,-1,-1
22920,IS1be7e4bdba716c2f50259,-1,-1
22921,IS16b39d5b12f4d9e357cbf,-1,-1
22922,dhkimboa,-1,-1
22923,IS1137ce827029c962b3e0f,-1,-1
22924,CyN1caL,-1,-1
22925,Frustrated,-1,-1
22926,XkgZkoaqqI,-1,-1
22927,IS1e1b6dab65d5ad3397876,-1,-1
22928,IS1e2f60212a2f332d0dfcf,-1,-1
22929,Schwanzi,-1,-1
22930,IS1e9d090df898030eb0b46,-1,-1
22931,47th the God,-1,-1
22932,RHYN0X,-1,-1
22933,Fred 51,-1,-1
22934,SillyAntics,-1,-1
22935,alvariantor,-1,-1
22936,IS1ea13a0b6e1b5c5a05e61,-1,-1
22937,Hushwolf,-1,-1
22938,antvolt,-1,-1
22939,doomdog91,-1,-1
22940,ImmortalBread,-1,-1
22941,eEgTr8PS0k,-1,-1
22942,IS195572947dae77f9e4287,-1,-1
22943,IS1278cf017fbfb56b38c85,-1,-1
22944,IS102d7f0e634a7c214fb6d,-1,-1
22945,IS1037c4136792d9f91f54c,-1,-1
22946,IS1f88efde9f0ed6a1ed316,-1,-1
22947,Bishizel,-1,-1
22948,dador,-1,-1
22949,Facebox,-1,-1
22950,IS1e2ccfad30e194d012c53,-1,-1
22951,IS112fd1527c52225ddaf86,-1,-1
22952,JudoBiggs,-1,-1
22953,Koar,-1,-1
22954,Fastfood,-1,-1
22955,iv3N8ZlLmz,-1,-1
22956,IS13a8ffe1f24e1e146a804,-1,-1
22957,IS129b4d6250d161683244e,-1,-1
22958,IS1347b7cadbf4b1bf8871e,-1,-1
22959,Sinnity,-1,-1
22960,ivysaurusmeow,-1,-1
22961,IS1555a133f616eabd8c721,-1,-1
22962,IS1ce292c243d0b77344200,-1,-1
22963,IS1ae089713c1858fbe2f6e,-1,-1
22964,IS1c533cf44270bae01c6fe,-1,-1
22965,Jacough,-1,-1
22966,b0al0va,-1,-1
22967,IS1d82cef03e05b7f9804bb,-1,-1
22968,IS1d9c07abd3155a56843f6,-1,-1
22969,IS18816f2439e6bb526894b,-1,-1
22970,IS1873650931eb1f1d1d1a8,-1,-1
22971,IS1a21cc02549314298624b,-1,-1
22972,hz2CKZlVYK,-1,-1
22973,mWMTTOlLuO,-1,-1
22974,Desk,-1,-1
22975,FattySlows,-1,-1
22976,IS1f219104411c349a983c7,-1,-1
22977,IS1a6ea93ccf94e05819312,-1,-1
22978,Moonberry,-1,-1
22979,IS19e93b7dd59b9427c07d3,-1,-1
22980,STqLgmerA8,-1,-1
22981,Spraynard,-1,-1
22982,Kojiro,-1,-1
22983,IS100fc0e75485fb6db422f,-1,-1
22984,KoB SteelRain,-1,-1
22985,IS1a1dbc4dc2cb5bd078cd8,-1,-1
22986,IS15baef69a73b9a5e5d956,-1,-1
22987,Gixi,-1,-1
22988,VfpN3Srviv,-1,-1
22989,ExoByte,-1,-1
22990,IS13672557070cec38ff00f,-1,-1
22991,IS1c1675da803542cb6ee5c,-1,-1
22992,niczii,-1,-1
22993,DictatorZero,-1,-1
22994,BotanicVelious,-1,-1
22995,AggroCrag87,-1,-1
22996,arc255,-1,-1
22997,TempName44365r54,-1,-1
22998,yTJfNBP6PM,-1,-1
22999,IS1f270c25dfad35df0554b,-1,-1
