23000,Simian,-1,-1
23001,IS108f8cca7eb254a216565,-1,-1
23002,ATxQj2rh2e,-1,-1
23003,IS1a400472f1b1a9ae7a1db,-1,-1
23004,IS1f0b2e6d3349e593be014,-1,-1
23005,IS1b826f62e4e8552bda5c0,-1,-1
23006,IS1e244ba7a89b5d2bc36f6,-1,-1
23007,Quarlow,-1,-1
23008,DrYou,-1,-1
23009,IS1392c78eb59778f0ff2b5,-1,-1
23010,IS115c34b9363845959b8d7,-1,-1
23011,IS1f475233fff33102414a7,-1,-1
23012,IS1055bda678660a0620bb6,-1,-1
23013,aZnMoRoN,-1,-1
23014,Athico,-1,-1
23015,Keres Clawtooth,-1,-1
23016,IS1543d7e4001d7bdef7413,-1,-1
23017,IS1e521f60a127020afac41,-1,-1
23018,IS1350ba1b7685b57d15be3,-1,-1
23019,Horammer,-1,-1
23020,drskullz,-1,-1
23021,IS1f1bb37a436452de8230e,-1,-1
23022,IS1bf18ceaff7e9782be37e,-1,-1
23023,TEEEMOWNED,-1,-1
23024,IS1b2a12cdff2aee701d915,-1,-1
23025,IS160c232e1494b9cdd8cea,-1,-1
23026,clamsauce,-1,-1
23027,IS1bf722676fd2f752f2a1f,-1,-1
23028,fr1nd,-1,-1
23029,IS1f557bbbd771c9c0fb34b,-1,-1
23030,IS1b88abeaaef5a05ae14bb,-1,-1
23031,Schicksalsschatz,-1,-1
23032,TurnipPatch,-1,-1
23033,UAiy5W2EXA,-1,-1
23034,IS14234578eb337b4932d3c,-1,-1
23035,IS15d941338efc9e3a9f687,-1,-1
23036,IS1079bdc7a2e7f208c902f,-1,-1
23037,IS147239887f8bf9c8e6278,-1,-1
23038,Hand of Justice,-1,-1
23039,destapador,-1,-1
23040,IS16ffeac4aae79181c2d86,-1,-1
23041,IS1d261e30c525aae7ba618,-1,-1
23042,IS197d11db04474db0e0501,-1,-1
23043,IS14c214240d6125c8d5a8d,-1,-1
23044,IS182b7a505e1ae43ba96b5,-1,-1
23045,IS1041baf61ea3cf8b7dd7e,-1,-1
23046,IS1e5a280648f1a8fd1ae74,-1,-1
23047,StarvingGamer,-1,-1
23048,Pestilence,-1,-1
23049,IS1b62f40781d00df2d47db,-1,-1
23050,IS10a35c058d63d600213f4,-1,-1
23051,Cocky Poodle,-1,-1
23052,IS11bc735037646eacf7867,-1,-1
23053,blunder busey,-1,-1
23054,noinaitan,-1,-1
23055,IS1b18468e246180daafb5a,-1,-1
23056,Gekirin,-1,-1
23057,IS1c11c0fb16a6777163629,-1,-1
23058,IS1e898dfb0e5f651839d12,-1,-1
23059,dafuuuuxz,-1,-1
23060,IS15791092fcb7cad6d117c,-1,-1
23061,Z3 Bryceet,-1,-1
23062,IS16a555818858ae81eb84e,-1,-1
23063,IS1ee81ae89d07845fcba11,-1,-1
23064,IS16f0600b88accdd177a49,-1,-1
23065,Partay,-1,-1
23066,IS1acdd8571548ae4d6cf0d,-1,-1
23067,IS10753f4101f35de5ce163,-1,-1
23068,AIServer,-1,-1
23069,Trevelyan,-1,-1
23070,IS1b4fa01f0f943737cc038,-1,-1
23071,Ocobii,-1,-1
23072,DoUmDen,-1,-1
23073,IS162cdea28cb357545d50a,-1,-1
23074,MetalJacx,-1,-1
23075,IS113a02964d0c27bc4f277,-1,-1
23076,r3zf2b,-1,-1
23077,CM Duality,-1,-1
23078,IS107ddd1f58c8614ac13ce,-1,-1
23079,IS1fd5c33709cc12e60ac9b,-1,-1
23080,IS1c735daaccf35fcbe523c,-1,-1
23081,IS183d5a802a8ab1135159e,-1,-1
23082,blackfinix,-1,-1
23083,SmurphDizzo,-1,-1
23084,IS1a8afab700b5bc96b157a,-1,-1
23085,IS1d33fa17637c74bf5df09,-1,-1
23086,IS135666aa3800c798872fc,-1,-1
23087,IS111fa22deff50759e73a0,-1,-1
23088,AngryGranny,-1,-1
23089,Desy,-1,-1
23090,J3Tlag,-1,-1
23091,Z2 Ender,-1,-1
23092,IS1ef61913e33895a0f8996,-1,-1
23093,Kaizen8111,-1,-1
23094,IS154338a51e72eb79aae10,-1,-1
23095,2LiZcaj6bK,-1,-1
23096,IS1fdc08bd44748ce7b1da1,-1,-1
23097,IS11f3a0cde084b46acf1b6,-1,-1
23098,IS1e270e5e6cee92ed220c3,-1,-1
23099,IS18ba44aa520651fee3941,-1,-1
23100,IS13542648674241cbbf187,-1,-1
23101,IS1bfbfb73bfb50a66ae53d,-1,-1
23102,Keple,-1,-1
23103,IS187e9632f1fa7612f1745,-1,-1
23104,IS1c40982b008f41d334de0,-1,-1
23105,Hecklelol,-1,-1
23106,IS19a3343a689fb0cf28f93,-1,-1
23107,IS181959d1ca4dc20c782ff,-1,-1
23108,UncleDazzle,-1,-1
23109,minecake,-1,-1
23110,IS1cc8c86ad01250ee90c12,-1,-1
23111,Xaetrus,-1,-1
23112,JovialBen,-1,-1
23113,IS11f6d0e6e8ead21cd3bd2,-1,-1
23114,KaiDASH,-1,-1
23115,IS131b2c009daf000f9ed7d,-1,-1
23116,IS1ceb996e90c00431d9ebc,-1,-1
23117,IS1073d6c811b69a3ab6539,-1,-1
23118,Idusces,-1,-1
23119,PiratePanda,-1,-1
23120,IS1aa997c1223aca7ef7cf8,-1,-1
23121,IS1980c98c2ac6c43367e48,-1,-1
23122,neenrules,-1,-1
23123,TOXlClTY,-1,-1
23124,IS1a7bfa9cd8b86c51a026b,-1,-1
23125,IS1f5e775f86979f81dfb2e,-1,-1
23126,IS10d1979324d773278f945,-1,-1
23127,IS1e66db4e732fcb1587f3a,-1,-1
23128,IS1ee5e420a8c85db294e30,-1,-1
23129,IS197663bd04d1cc4b15ed1,-1,-1
23130,br1ck,-1,-1
23131,IS1d4baf4ce200749a13213,-1,-1
23132,ShiftyReals,-1,-1
23133,IS1655036887afcc4d30c4c,-1,-1
23134,IS186b43f0eaf58b11dbb12,-1,-1
23135,ashkon91,-1,-1
23136,IS1936165226b8c523332e6,-1,-1
23137,IS1a23d6fa43b632b4e1163,-1,-1
23138,IS16c87884c5bb10a1a4289,-1,-1
23139,IS10627fb3458b2a800f8dd,-1,-1
23140,IS1afc5f68339ed89374d81,-1,-1
23141,rROXg4wllI,-1,-1
23142,IS11edec22e9d382f2a6ae9,-1,-1
23143,TombMonkey,-1,-1
23144,IS1eb6e2403c555ede5e742,-1,-1
23145,CONNACT,-1,-1
23146,IS1bb30d0f459df3,-1,-1
23147,IS11ae8d0b66c992e7f7563,-1,-1
23148,IS19dd7e70f675e2d783d7f,-1,-1
23149,drivel,-1,-1
23150,Lunchbeast,-1,-1
23151,IS1845ea7be17becdd77850,-1,-1
23152,IS1bfbbff4a4789d9d82630,-1,-1
23153,IS1993bd9388d2605e035a2,-1,-1
23154,crestive,-1,-1
23155,Cam,-1,-1
23156,FloppyWonkers,-1,-1
23157,IS1b8b67c24556c30ec194c,-1,-1
23158,IS1d0465f1288b5b3deeeeb,-1,-1
23159,shinyhook,-1,-1
23160,TheSushi,-1,-1
23161,f esf se fse,-1,-1
23162,IS1989ff1d8dc03bcfed1a6,-1,-1
23163,chckensammich,-1,-1
23164,d3n2Ljtkxt,-1,-1
23165,IS17dc33e3d1fe5af19150d,-1,-1
23166,IS16a493db5351abcaac5b8,-1,-1
23167,Droog,-1,-1
23168,IS113bb351226eeb2eb3adb,-1,-1
23169,CopperBot,-1,-1
23170,IS1b912901b6f3c771bd60f,-1,-1
23171,IS10a685867be864eacce56,-1,-1
23172,IS10826cd83d4f9ab4b338a,-1,-1
23173,IS19c3d4922cb2821ec26d5,-1,-1
23174,xFecto,-1,-1
23175,F1bqvxdw3p,-1,-1
23176,njZk0bwBPs,-1,-1
23177,HMu9RHxFjW,-1,-1
23178,IS17fa250a9aa8a122a4403,-1,-1
23179,FoxyLittleThing,-1,-1
23180,3jIE8U46lN,-1,-1
23181,vRqzI8wLys,-1,-1
23182,Kyros,-1,-1
23183,Brettrick,-1,-1
23184,ColdFury,-1,-1
23185,IS150d02f11a422f1010b5c,-1,-1
23186,BabaTheFreak,-1,-1
23187,IS16db0c1b7bc9ccb4a9bff,-1,-1
23188,IS1ccca6fb0a7f46b75b19c,-1,-1
23189,GimmeBeta,-1,-1
23190,A Rare Pepe,-1,-1
23191,fFTNsnikAe,-1,-1
23192,IS1204d4ac5952d215a4157,-1,-1
23193,Garbag,-1,-1
23194,IS142f0a53c86dc5aafd20f,-1,-1
23195,aquacadet,-1,-1
23196,Dank Donger,-1,-1
23197,IS10a95117b8db1418c6d44,-1,-1
23198,IS16f0583c68ec2aab69fa2,-1,-1
23199,IS1658806d928f968c3c44c,-1,-1
23200,r7erCPPvEX,-1,-1
23201,IS170d69bd4befc5cc2566e,-1,-1
23202,lumberbaron,-1,-1
23203,emerica5424,-1,-1
23204,IS13d9cb73def57e25ec158,-1,-1
23205,Agent00K,-1,-1
23206,Illyasviel,-1,-1
23207,IS1e873174ec50b60542e34,-1,-1
23208,CubicVirtuoso,-1,-1
23209,PsrrerLghsds,-1,-1
23210,Jive Turkey 666,-1,-1
23211,Lotard,-1,-1
23212,IS15d6075bc2f0a9534f0cd,-1,-1
23213,Cpypcy,-1,-1
23214,IS1193e43a2e15df870c4e2,-1,-1
23215,IS1add206cf32ecd2dd0ca8,-1,-1
23216,IS1fa925284853ac123c69e,-1,-1
23217,IS14bdbddd9a517ab704d06,-1,-1
23218,Wymordren,-1,-1
23219,IS1ec02bbc4b8597985fa25,-1,-1
23220,Tyrienous,-1,-1
23221,FlameDrake,-1,-1
23222,Sinnez,-1,-1
23223,IS106c4465b5b78511e2546,-1,-1
23224,Shadee Poro,-1,-1
23225,IS11a3d78bd90603c7a1860,-1,-1
23226,AI Assimilator,-1,-1
23227,ZanG,-1,-1
23228,IS144cc23ecb6792768cf87,-1,-1
23229,IS1af0fb9827612e600a219,-1,-1
23230,IS1529821f7df4779ea9578,-1,-1
23231,IS10d5572f0d34af4723004,-1,-1
23232,IS1be34e7ec3ab68738f26e,-1,-1
23233,jincosoad,-1,-1
23234,nogodstoday,-1,-1
23235,Snuffelbutt,-1,-1
23236,ramenraider,-1,-1
23237,Sesom,-1,-1
23238,IS11b879c64056a6124e6ff,-1,-1
23239,IS179ccfb3b7b0328b7c498,-1,-1
23240,IS1a5b339eab2cc1e39c851,-1,-1
23241,Ecrasher,-1,-1
23242,NinemaN,-1,-1
23243,IS15fca66dbc625213132b2,-1,-1
23244,IS173e5c1fccede4a4e0a92,-1,-1
23245,Potatowned,-1,-1
23246,IS193c51daf6bbd95613abf,-1,-1
23247,IS1b0e1271d104bd6885bff,-1,-1
23248,IS1d0a2288dca0d139a097a,-1,-1
23249,IS17a4a91cec4261efeddfc,-1,-1
23250,IS1bcde5dfd351a32cbe86e,-1,-1
23251,IS1d45e63cada58d6f555dc,-1,-1
23252,IS1156c2cf1230e206e6578,-1,-1
23253,HennecK,-1,-1
23254,IS19ed291e5ba5ecf1d6cbd,-1,-1
23255,IS10b6c0a9a2c6489e22a8e,-1,-1
23256,Docere,-1,-1
23257,IS1a42a21cc98eaf804ad02,-1,-1
23258,Z3 Guimar,-1,-1
23259,IS1895ff14332c010d518be,-1,-1
23260,durifto,-1,-1
23261,IS12a7c4786e19c8bdde01a,-1,-1
23262,IS176e3db61d027ae537895,-1,-1
23263,IS11482630ebb4135df2d2b,-1,-1
23264,IS1647e04e63e9c00e37a3a,-1,-1
23265,Rámmus,-1,-1
23266,IS1f01f83244e2439bedc6f,-1,-1
23267,Fanellious,-1,-1
23268,IS1328f457eba4bf3716ce0,-1,-1
23269,WPG Abandoned,-1,-1
23270,IS1d56461fa0850bd28c86b,-1,-1
23271,IS1bf8509f99b5e3062e054,-1,-1
23272,IS1cff4c694651b05263e11,-1,-1
23273,IS1e6329d9c425efeb4a3b8,-1,-1
23274,IS1b32303ee3831a30c4ab0,-1,-1
23275,IS1b3ad5ddf980703370657,-1,-1
23276,IS1d462b0c6335788aa67f2,-1,-1
23277,Infrangilis Animus,-1,-1
23278,IS10bcbf845df42c7eb6096,-1,-1
23279,Razrwolf,-1,-1
23280,Kdog,-1,-1
23281,Gessyca,-1,-1
23282,dotvz,-1,-1
23283,IS1793bdf130c309628c4b4,-1,-1
23284,kwocOn46vi,-1,-1
23285,IS1f53e6871f210e3480046,-1,-1
23286,IS1b65de28b11cfc628d75c,-1,-1
23287,IS175617e4f142e6156c2b3,-1,-1
23288,Addyson,-1,-1
23289,deathxxxiii,-1,-1
23290,IS1365c19005b784cca745e,-1,-1
23291,IS1e9fc1e4ecb653b5f38cb,-1,-1
23292,IS120d5407b32369cd33b9b,-1,-1
23293,IS1604450e92d898ed19585,-1,-1
23294,IS10f1d4b3b5944e22bebe7,-1,-1
23295,Adain,-1,-1
23296,exanzix,-1,-1
23297,IS1c278e73e9261d04a0fd7,-1,-1
23298,IS1f4bdb650199bb1ac05a5,-1,-1
23299,Gossip Godflow,-1,-1
23300,oNozONe,-1,-1
23301,IS1d9313583b61cac492231,-1,-1
23302,TiYab,-1,-1
23303,ThatOneSummoner,-1,-1
23304,IS12dfc2172e3541405ea58,-1,-1
23305,ChapliaAbiseail,-1,-1
23306,IS1539fe8f892c50dfdf169,-1,-1
23307,soHapYUOGY,-1,-1
23308,IS1fbf3d3fc493dc30e6a6a,-1,-1
23309,IS12dc81d286bea428667a7,-1,-1
23310,IS109544e85a4a55f68ee9d,-1,-1
23311,IS14dbc5274014bf3575244,-1,-1
23312,IS1b1dc12e03a961d7a61a6,-1,-1
23313,IS1d65bff916e08b4f11df2,-1,-1
23314,5Z56APHOTf,-1,-1
23315,howdoiplaythisgame,-1,-1
23316,IS1b9a72102efff85671ac3,-1,-1
23317,IS18649a31393a0f9459930,-1,-1
23318,IS1c219f2e7dbc7d4fb5636,-1,-1
23319,Chenzillah,-1,-1
23320,Advent,-1,-1
23321,RdbivBdyce,-1,-1
23322,jIEGoUVVll,-1,-1
23323,FikaFF,-1,-1
23324,IS1cf9108b630e7ce630e6c,-1,-1
23325,IS1e162b8c6013ec6712d40,-1,-1
23326,IS13bae9976a83f8c83dcde,-1,-1
23327,IS155df76945afcbe5fcadb,-1,-1
23328,IS18b27ff90e4ef041c2ae9,-1,-1
23329,IS1e30fa2ef883c10b34ad5,-1,-1
23330,IS10395a7a5e2d76ced7f37,-1,-1
23331,immitation,-1,-1
23332,IS1b592a16f4533d4249bd8,-1,-1
23333,Nimbleshanks,-1,-1
23334,IS17e86b6e55470411ccee2,-1,-1
23335,Welsper,-1,-1
23336,iOwnYouAll,-1,-1
23337,IS1a3eea4a0884c786f1ae2,-1,-1
23338,IS123508966d89beee51836,-1,-1
23339,IS1e79ac2263ab2d443897c,-1,-1
23340,mrnorush,-1,-1
23341,IS10956843723f498e9d6cd,-1,-1
23342,IS1c65078b4f1aa96cfc215,-1,-1
23343,IS12f6f7e79f6be6905fabb,-1,-1
23344,wdpvBltOjj,-1,-1
23345,Izork95,-1,-1
23346,Rood,-1,-1
23347,IS1cccbda3367d81bd382de,-1,-1
23348,IS13b8284d14f87c273b4c6,-1,-1
23349,IS13626e603e5750195c368,-1,-1
23350,IS1fc3c1b1211031cb07b13,-1,-1
23351,styrofoam,-1,-1
23352,IS1e233001707a719030e8c,-1,-1
23353,Hallam,-1,-1
23354,The General,-1,-1
23355,MrJazzbo,-1,-1
23356,Orangutantrum,-1,-1
23357,Xenadon,-1,-1
23358,e0dGngLpaT,-1,-1
23359,Ryusajin,-1,-1
23360,Belexus,-1,-1
23361,IS19293ba3bb21d991144aa,-1,-1
23362,xdsflex,-1,-1
23363,joft,-1,-1
23364,beopat,-1,-1
23365,IS11d8b93208615c6e0d01f,-1,-1
23366,choujilam,-1,-1
23367,Andorhal,-1,-1
23368,gadde,-1,-1
23369,IS1212f5729276168ba9d12,-1,-1
23370,Ace Zaraki,-1,-1
23371,Scr00b,-1,-1
23372,Quickster,-1,-1
23373,Draggan,-1,-1
23374,Sashasaur,-1,-1
23375,Crippen,-1,-1
23376,Briseseet sereea,-1,-1
23377,IS1434afa39458775de50ff,-1,-1
23378,IS16d9906300c6cf2bc45df,-1,-1
23379,IS14da06ac1f4eff8c8f130,-1,-1
23380,IS1b1d1aca582263378d26a,-1,-1
23381,IS11d098d78e1ed837a7b92,-1,-1
23382,IS1df9fdc74cc29643034bf,-1,-1
23383,NeoValkyrion,-1,-1
23384,Devalt,-1,-1
23385,IS11570fefaf9d4dee3de87,-1,-1
23386,IS1080b21275e36ca9ce194,-1,-1
23387,IS1ce7c7b7b5d73121b651e,-1,-1
23388,IS1b597fd010bdfbaca55bf,-1,-1
23389,IS14730f8e63b0634226df6,-1,-1
23390,IS1e47415ce1244f0b2f993,-1,-1
23391,Lavits,-1,-1
23392,IS11a9a3719c01732f06d9e,-1,-1
23393,asiandramafreak,-1,-1
23394,marslando,-1,-1
23395,chusk3,-1,-1
23396,IS1c6c194aa8bdb0b4b8c55,-1,-1
23397,IS188cdbe57368daaa688fd,-1,-1
23398,IS18ae9cdc871bff8b16b7d,-1,-1
23399,djkevv,-1,-1
23400,IS11448a55580c15b574d9c,-1,-1
23401,IS1f978794065b0fde96404,-1,-1
23402,Lime,-1,-1
23403,IS1ba46ececb7af7e687c0e,-1,-1
23404,Earthie,-1,-1
23405,SgtSigma,-1,-1
23406,IS13ef74f51e37baca59190,-1,-1
23407,IS1076156344592ebda735d,-1,-1
23408,IS1019cff55c757b2f36ccd,-1,-1
23409,JesseRuth,-1,-1
23410,IS1475672285e78135d7ff2,-1,-1
23411,IS1aa9528557f6e913415e0,-1,-1
23412,IS19a45d94b996b8de5be47,-1,-1
23413,Artemeas,-1,-1
23414,IS174fc5d622c9dfe7c4538,-1,-1
23415,Kassar,-1,-1
23416,lolololswag,-1,-1
23417,IS1e0b90301b27bd3068fe5,-1,-1
23418,Digitalneo,-1,-1
23419,Laxq7w0Vk1,-1,-1
23420,IS15d68afff6abeb34bec4c,-1,-1
23421,qN4jGnGeV0,-1,-1
23422,IS1172e3e49ac722b445fea,-1,-1
23423,IS12408cc99935447c785a5,-1,-1
23424,IS12844173d3f3670297f16,-1,-1
23425,IS1dd26bc89bb7906950b3a,-1,-1
23426,Alyna,-1,-1
23427,BongBrother69420,-1,-1
23428,IS1dad504f328a5d46c16e4,-1,-1
23429,IS14c54ad19af25bce161ac,-1,-1
23430,IS13a1637eb2d82f2bd3642,-1,-1
23431,IS17f7f64df94173fa02c42,-1,-1
23432,IS1141dbf2586d9707cdfdc,-1,-1
23433,animateK,-1,-1
23434,IS18cdc8cccceef67833b78,-1,-1
23435,IS15b3b682da78f854786f2,-1,-1
23436,IS193dd08719f2d91d354f8,-1,-1
23437,IS10a8b6e7f2a62a1c36d46,-1,-1
23438,IS14458c70c72fce3f193f3,-1,-1
23439,IS1c36deb3f97431368f380,-1,-1
23440,IS1ee26dacdb223f35f76db,-1,-1
23441,5v3dnfXPvR,-1,-1
23442,Z3 Doom,-1,-1
23443,IS174ff5261c053eb025d5e,-1,-1
23444,IS1ea9f225d52ed73a4d0db,-1,-1
23445,IS1f7f8ea6323be685a2dbc,-1,-1
23446,Pepperbox,-1,-1
23447,IS158ceccdd9b6460185174,-1,-1
23448,IS1dfc50abc81790741b113,-1,-1
23449,Dog Parts,-1,-1
23450,IS1217701e4eb161200aefb,-1,-1
23451,IS1b1387adfb044e105d512,-1,-1
23452,hbDnuJ2Agw,-1,-1
23453,Silverhand,-1,-1
23454,fuccboiiiii,-1,-1
23455,IS1ea2870e4cb602881a1d8,-1,-1
23456,Ferus Atrox,-1,-1
23457,IS1aa9794519561dca5d550,-1,-1
23458,IS19628ee3b9897132947c0,-1,-1
23459,IS1dbea9414ef6408fde364,-1,-1
23460,IS155701000fbd9a7c0dd15,-1,-1
23461,VIJbWnQ1Tv,-1,-1
23462,IS199fe7631b8ecc732c7cf,-1,-1
23463,YXOIGJKOvU,-1,-1
23464,IS1d3db556bd83198beb09a,-1,-1
23465,IS14e52cb46804362658ed6,-1,-1
23466,IS1ed5d5e93a98dc968ac26,-1,-1
23467,IS1675eae099e0d9ace7ea1,-1,-1
23468,IS12266e64211701199dc7d,-1,-1
23469,Morose,-1,-1
23470,Arbaxas,-1,-1
23471,IS1ab6cd84120add111c5c0,-1,-1
23472,IS1b8695051457df75cd9c0,-1,-1
23473,Machiveli,-1,-1
23474,IS16324e0d4bbae4b0142f1,-1,-1
23475,BestJungleBrand,-1,-1
23476,IS1f93432d8e4327c55dcf4,-1,-1
23477,IS17723c38fff4a2ef7eb57,-1,-1
23478,IS16956d9de54849321c78d,-1,-1
23479,Dommer,-1,-1
23480,Meph,-1,-1
23481,IS17c75452249bfc9511ae4,-1,-1
23482,elmuchogrumpy,-1,-1
23483,Roknavy,-1,-1
23484,DHEK,-1,-1
23485,lament,-1,-1
23486,cxqDI3imME,-1,-1
23487,Viikfacee,-1,-1
23488,IS18eaad3ef1c9a9779f076,-1,-1
23489,IS186de64238ca77d7970d5,-1,-1
23490,IS1e8e52a3cbf0d9d6c02ff,-1,-1
23491,daverp,-1,-1
23492,IS1aec872bd0000973520fa,-1,-1
23493,LightlySpiced,-1,-1
23494,DeadPeons,-1,-1
23495,IS1ba8278ee3c743f7fcd95,-1,-1
23496,IS16f52251120354553b363,-1,-1
23497,IS1d8e9a50d4a89f811cd77,-1,-1
23498,Sleepypuss,-1,-1
23499,IS13246f7e96fe4d17a4fc6,-1,-1
23500,IS1f7602d29e8a40e09d34e,-1,-1
23501,IS17edacbfd0a70ef277160,-1,-1
23502,diGiorno,-1,-1
23503,Foogu,-1,-1
23504,IS111b26be6840a65e14e88,-1,-1
23505,Mirvs,-1,-1
23506,IS12a5a2f4c9e0e507e9a4c,-1,-1
23507,IS1380f099fa6bd25969680,-1,-1
23508,camera31532,-1,-1
23509,IS1c40b56529cf342c45a72,-1,-1
23510,BiMap,-1,-1
23511,MarienBrau,-1,-1
23512,pc337,-1,-1
23513,IS101b172e8029cbeccf67b,-1,-1
23514,GaiAkaroS,-1,-1
23515,IS12253f6d21b908c771c1a,-1,-1
23516,Gravygorilla,-1,-1
23517,IS17790df9f644e8ddb5e1b,-1,-1
23518,Morudith,-1,-1
23519,IS1d32e65c7cce78db4897f,-1,-1
23520,Namahanna,-1,-1
23521,ZETgPbrv6V,-1,-1
23522,IS12b104a67547efbe79c9d,-1,-1
23523,IS15ec4ec54aea47c6ef401,-1,-1
23524,IS1c6af94fddb1898de78d4,-1,-1
23525,IS14f3e60c8d3e5cc0c6051,-1,-1
23526,IS13aaea8dd03827df9a4e7,-1,-1
23527,IS127d63d5300edae411bb0,-1,-1
23528,Connery,-1,-1
23529,IS13b8f4930dbfb1af37282,-1,-1
23530,IS122f9dd931cb9f94abcdc,-1,-1
23531,IS1c7a81ec811cc5c9c0859,-1,-1
23532,IS12c74d727270283cb94ce,-1,-1
23533,Yqozk5lvtN,-1,-1
23534,IS1e4cea7e40c8b8ae358ce,-1,-1
23535,Teranin,-1,-1
23536,kileak,-1,-1
23537,IS1eb04eadde72f374f201c,-1,-1
23538,Mau Tendew,-1,-1
23539,IS196b7c43d6a6ea3ac930b,-1,-1
23540,IS1cd300612cac5898cbc36,-1,-1
23541,IS1a09da42c7e8fb15ce613,-1,-1
23542,boocheck,-1,-1
23543,ffdfhfdhdfhfdhfd,-1,-1
23544,IS102b2dda5de2fe8c60f47,-1,-1
23545,ETigre,-1,-1
23546,IS116370e3345f226ef62fc,-1,-1
23547,IS198740005488c55f5ccbe,-1,-1
23548,odfydtryndryd,-1,-1
23549,Rito Summy,-1,-1
23550,IS15a729d56d7b96c2d1963,-1,-1
23551,IS18f61c337182944256a87,-1,-1
23552,ThatNein,-1,-1
23553,IS1be5be9b3a996b1151039,-1,-1
23554,IS1fe81d1ab84a49b7a902f,-1,-1
23555,ericTextme,-1,-1
23556,IS1ff15c51fe48e9fac2f2a,-1,-1
23557,IS13de1eefc36451d5b7fb7,-1,-1
23558,IS1bb129543b88781c73b74,-1,-1
23559,BloodOnSilk,-1,-1
23560,IS1961fa251d61e1e6ba0e1,-1,-1
23561,IS155bed7586439ef2537c4,-1,-1
23562,IS15aa17fbb94de4f166985,-1,-1
23563,IS1d20f4f3fd0b5eecd2d4b,-1,-1
23564,GalaxyFalcon,-1,-1
23565,IS1c1a2b110ac28ef1a6aca,-1,-1
23566,LeadSlinger,-1,-1
23567,hraz,-1,-1
23568,IS12f11d0ce3ab27432b09f,-1,-1
23569,IS1b12c33f7b4823af01d79,-1,-1
23570,IS104e7bb265ad8decca404,-1,-1
23571,IS102923d4b3384dbb26e20,-1,-1
23572,IS184c928cd9fd0efd3b659,-1,-1
23573,IS1d81d537aae4f5cea4523,-1,-1
23574,IS1e60bafbdef233b87afc0,-1,-1
23575,IS19c7672b1b246cc3b2b24,-1,-1
23576,IS176f9b7b6959d3c555f45,-1,-1
23577,raindak,-1,-1
23578,IS13b6784a3f0d91f4bbd23,-1,-1
23579,IS171009c0809142766eb24,-1,-1
23580,OMGparticles,-1,-1
23581,oJTuXuvPSf,-1,-1
23582,IS1fb1a77d0d0953d87958e,-1,-1
23583,IS165dc045e90d67071b96a,-1,-1
23584,BigPooh,-1,-1
23585,cruelsinger,-1,-1
23586,pSkOGNCXhy,-1,-1
23587,KoopaaaKing,-1,-1
23588,IS18ad47557b4fc5e67dbc8,-1,-1
23589,IS12e7c8110cd04ad6588dd,-1,-1
23590,IS165ae688ac2f8b1cc3b61,-1,-1
23591,A Ball Of Yarn,-1,-1
23592,IS11991945f77465ef58f1a,-1,-1
23593,IS1247389e4fbceb672da63,-1,-1
23594,VelliD,-1,-1
23595,420MegaBoner69,-1,-1
23596,IS15ac58f8b79102668ad34,-1,-1
23597,NICEBASEGUYS,-1,-1
23598,IS1f0581e9721c4a2e59945,-1,-1
23599,ItsTexter,-1,-1
23600,IS1a0dd83a99a9a7274bc67,-1,-1
23601,Denalin,-1,-1
23602,N0bility,-1,-1
23603,IS11bc6cd263ee195130de7,-1,-1
23604,IS17d714c85fd3f0be580b2,-1,-1
23605,IS1f5294ebeb7b4b8b60b27,-1,-1
23606,IS1634f8bd44393a2e4174c,-1,-1
23607,Allumno,-1,-1
23608,Notretni,-1,-1
23609,IS11559549306f55a01ebc3,-1,-1
23610,IS18873adcc399bca91eb4e,-1,-1
23611,IS14462cc92e854d,-1,-1
23612,IS1c9707f07563d62d14f0c,-1,-1
23613,IS18c934d9f1c3ea9d19155,-1,-1
23614,IS1f09b2222f5f08b1e57f0,-1,-1
23615,IS12c02c3584ca227520374,-1,-1
23616,PantomimeV1,-1,-1
23617,IS180c5d0d8f508f26b8656,-1,-1
23618,Evodrop,-1,-1
23619,IS11deb2023db3758f12ef5,-1,-1
23620,IS11296dffb848e42581f6f,-1,-1
23621,IS17aef85c6007466e667a0,-1,-1
23622,IS1867c551e0688ec78bde1,-1,-1
23623,shamboozled,-1,-1
23624,Steamflute,-1,-1
23625,IS1058fa073122d13123c09,-1,-1
23626,Wytaliba,-1,-1
23627,NeverLight,-1,-1
23628,jarvin,-1,-1
23629,IS1d5585ba7bf466e6b90fd,-1,-1
23630,Enwek,-1,-1
23631,Lachlann,-1,-1
23632,IS17d1a99dd4cb213d3abb8,-1,-1
23633,IS1aab26c371b2c3f13f514,-1,-1
23634,IS11621adc954f00e6a0255,-1,-1
23635,IS1e7da40a40c4e3f2f3fd4,-1,-1
23636,IS1487a5a2691fe08a05513,-1,-1
23637,IS155f987e5f7017880e9c1,-1,-1
23638,IS1b1e8073e120c9c0f9482,-1,-1
23639,Spikeling,-1,-1
23640,IS1294f190a52c37c2972d9,-1,-1
23641,IS19fa282367675519325a1,-1,-1
23642,IS1d2f084f72025c377023d,-1,-1
23643,IS18dd7c11805a698e545aa,-1,-1
23644,VDuZajhBhA,-1,-1
23645,IS1aa11e433a6b503cb62db,-1,-1
23646,Apeos,-1,-1
23647,IS1bc12683f9f87e7c45d6c,-1,-1
23648,IS156730bdcb93e2abc9e39,-1,-1
23649,IS1c65c4def62e4b4788509,-1,-1
23650,IS1f073d9261b4d059ed96d,-1,-1
23651,IS1aa4b23743e432cb0e33b,-1,-1
23652,IS19494463cbbacda798767,-1,-1
23653,IS1bc67bf9daec2c332829c,-1,-1
23654,IS1b9db87d4ab07b1d9c117,-1,-1
23655,IS168545b1ad9b86faee20c,-1,-1
23656,Fahros,-1,-1
23657,Hinoru,-1,-1
23658,DeathToGamer,-1,-1
23659,IS10ddfc685a412e5784a8b,-1,-1
23660,Noobified,-1,-1
23661,Vangaard,-1,-1
23662,IS153ecd17b1c9ab92b1c86,-1,-1
23663,IS194c77e00daa945bf9353,-1,-1
23664,IS175e380bffdf3e6ad451f,-1,-1
23665,Wai Yu So Phat,-1,-1
23666,Mcbob,-1,-1
23667,Fonglol,-1,-1
23668,Esoj,-1,-1
23669,LOGWwbbJmV,-1,-1
23670,IS1e66d05754f2129ed5c06,-1,-1
23671,IS1b3073a3e6b25ac210c2d,-1,-1
23672,HollowInside,-1,-1
23673,IS1e4345bd027cb91ffc52d,-1,-1
23674,The Gent,-1,-1
23675,EroticPastry,-1,-1
23676,IS1be85453811ac5df63760,-1,-1
23677,IS1a437302a95deb6606187,-1,-1
23678,Celevra,-1,-1
23679,IS16237442a44494eaa7a1f,-1,-1
23680,Crangbor,-1,-1
23681,furtivebadger,-1,-1
23682,Mazzar,-1,-1
23683,Shortbus Driver,-1,-1
23684,IS1d3232628dbbcef5f9928,-1,-1
23685,IS1c209c85472f25dd6fd4d,-1,-1
23686,IS126a058235da5054f9527,-1,-1
23687,JoPYZ,-1,-1
23688,IS12c171e13e74e4a1455c2,-1,-1
23689,IS1fc3a59c2936e3bc3f6e8,-1,-1
23690,heyheydavey,-1,-1
23691,IS118286c3641bb88a36ca9,-1,-1
23692,IS16fbc5e6f1047a2060859,-1,-1
23693,IS14057c1a17d0eea9c8bba,-1,-1
23694,FBndjzcmI4,-1,-1
23695,Fake Flashed,-1,-1
23696,IS1949220eda1fca3401803,-1,-1
23697,Vanhellz,-1,-1
23698,IS1354c895196cef68b2762,-1,-1
23699,IS118909cd3a8602423748c,-1,-1
23700,Tinytankz,-1,-1
23701,IS162dc46ed0bbf1f7b495a,-1,-1
23702,Sykx,-1,-1
23703,IS105c8b7a2011402679887,-1,-1
23704,IS1671b4c7c1a95e4a4747f,-1,-1
23705,qaikbS82IK,-1,-1
23706,campbel,-1,-1
23707,gffdg6dg,-1,-1
23708,fatalfencer,-1,-1
23709,IS149d0b11d666c05695f16,-1,-1
23710,AquaVelvet,-1,-1
23711,IS156e17e1fc2edcbee4d40,-1,-1
23712,IS1e93f4cf2a9a2035e10bc,-1,-1
23713,CQkcYrHtEg,-1,-1
23714,IS1a2ed4cbf7ae2622f3375,-1,-1
23715,KVW Young Wolf,-1,-1
23716,IS18cfdfc276179353ea600,-1,-1
23717,Zintyk,-1,-1
23718,fffffffddgggr,-1,-1
23719,IS182fd3fccb56ba18fb914,-1,-1
23720,IS1f8cbf7c0b50216b9623e,-1,-1
23721,IS1b55d7f4046426b637fec,-1,-1
23722,IS1436fff3e5fdbb4a7cae3,-1,-1
23723,celph,-1,-1
23724,IS190137a12782c09282608,-1,-1
23725,Eyeonik,-1,-1
23726,IS13b2612049c2c77465b32,-1,-1
23727,Sammyk25,-1,-1
23728,IS1e941c0864127eee318df,-1,-1
23729,IS1196b68ff0c94a09fed73,-1,-1
23730,IS10a1d86568485a520bffa,-1,-1
23731,IS181bc2dd0e35ecae62dd9,-1,-1
23732,DraconisX,-1,-1
23733,FrozenChozin,-1,-1
23734,9GyAB0WAQW,-1,-1
23735,rFd2VrGxUe,-1,-1
23736,Nubiaterising,-1,-1
23737,IS17c7115d706e0ac58170d,-1,-1
23738,AlexDrake,-1,-1
23739,IS13b56de7d479add89e4f5,-1,-1
23740,IS159243be3bf0c95124747,-1,-1
23741,IS1368c6cd90bc0999c207e,-1,-1
23742,IS149961617e5b71cbb1292,-1,-1
23743,tao malum,-1,-1
23744,BY5UpvqpXw,-1,-1
23745,Numba1stunna,-1,-1
23746,Imperorz,-1,-1
23747,IS157032eddc86555279921,-1,-1
23748,IS1b391e11ab6e14b1df1e5,-1,-1
23749,IS1df4d017f4b438bd613e3,-1,-1
23750,IS12b68a36c62b7681e2e0e,-1,-1
23751,Anarax,-1,-1
23752,IS17e063b2fde0fc5cd3e08,-1,-1
23753,IS1cd199480de09512d9612,-1,-1
23754,Enba417,-1,-1
23755,fivxcw2wMO,-1,-1
23756,IS1c9992275b6be2555dc6e,-1,-1
23757,MC2Square,-1,-1
23758,IS120be2cc18dd7915e3a2b,-1,-1
23759,PIzzcG13r7,-1,-1
23760,IS1f7f1e9024b13e758c45a,-1,-1
23761,IS14c1f022d0776ce925ace,-1,-1
23762,TrueOG,-1,-1
23763,IS113a6579670b4574a5892,-1,-1
23764,IS1e0f0cd7ed4c68b791c55,-1,-1
23765,IS15e47f62f12b35adecf03,-1,-1
23766,IS18ff9f4afefbe86f08c84,-1,-1
23767,IS1a70ecc548116b406c851,-1,-1
23768,8sOtX2dWWa,-1,-1
23769,IS1eed5c6ddbee10e6ea94c,-1,-1
23770,arekmenner,-1,-1
23771,IS1e616d33c7657d5b71568,-1,-1
23772,IS1da6115497c44daa03e10,-1,-1
23773,IS1cb4eccd7a314f9610301,-1,-1
23774,IS187fe7d0c0e4e2351f82a,-1,-1
23775,Bardon,-1,-1
23776,Scema,-1,-1
23777,ddemy166,-1,-1
23778,IS10643f493e67e3338644d,-1,-1
23779,IS10796ffd171b784487c37,-1,-1
23780,IS1af1a24efc1ffad9eb892,-1,-1
23781,Astraea,-1,-1
23782,IS17c4c07ff41423ea0902c,-1,-1
23783,IS17e14585d74fc6c1033b2,-1,-1
23784,IS1ff0deec623a8593bc698,-1,-1
23785,IS1af344d03401184eaf8e4,-1,-1
23786,IS1a941d949d0d181c7f626,-1,-1
23787,Kirimaru,-1,-1
23788,IS14dfdfc2dd1e217ab4b01,-1,-1
23789,tempname117,-1,-1
23790,IS1662c5bd6dc21528b7831,-1,-1
23791,IS1a13bc9bf505a6d6a30d7,-1,-1
23792,Archew,-1,-1
23793,IS1ba6ec7b52aefe9ac9cfb,-1,-1
23794,Alfie102088,-1,-1
23795,IS15549a3693c71d596563a,-1,-1
23796,Ats,-1,-1
23797,IS178ae7a3158b2c7786d05,-1,-1
23798,1FJEgEnWR9,-1,-1
23799,IS1637541f550101c5beead,-1,-1
23800,IS15d9bb3d0041e46e26f6a,-1,-1
23801,IS1eadec9c42aa6528097cc,-1,-1
23802,IS11f538e02da96f9a16b18,-1,-1
23803,Aequitas737,-1,-1
23804,IS1a266904e0386e6457dfd,-1,-1
23805,IS1d48d85736bc5856c5392,-1,-1
23806,IS11f461a19c19f65161223,-1,-1
23807,bcyhJfvZrZ,-1,-1
23808,Dank Schemes,-1,-1
23809,N00bality,-1,-1
23810,4Mw9ceJf13,-1,-1
23811,IS18a8ac7ca70a2a8fad69c,-1,-1
23812,Phate,-1,-1
23813,Survival,-1,-1
23814,IS13dc0bb2c48d98d268be7,-1,-1
23815,IS1b549661205c41bbf297f,-1,-1
23816,Nimblest,-1,-1
23817,IS15849926d898864c46523,-1,-1
23818,IS144107daebadeccbc2237,-1,-1
23819,Mettal,-1,-1
23820,IS10b20e166a3f9618dd6d9,-1,-1
23821,Marzipan Panda,-1,-1
23822,IS19857407d534df2e7e7f4,-1,-1
23823,IS1969ae5488620e00f8c57,-1,-1
23824,AltarOfFools,-1,-1
23825,Amunz,-1,-1
23826,IS1e8753f967f42ea5a4d3e,-1,-1
23827,IS1c0dcdf8d4313369283c3,-1,-1
23828,IS1fdfb0403e75c6d750fe5,-1,-1
23829,23829_DEL,-1,-1
23830,IS1c12e74545acca117230c,-1,-1
23831,StarMoose,-1,-1
23832,IS1a73714e8192c86cbe178,-1,-1
23833,IS1a8d37c3c67d6e136fb03,-1,-1
23834,IS1a8e0f1796b8130d0c6d3,-1,-1
23835,IS1058d0249ae0c41cb4971,-1,-1
23836,IS1bf044d4f6eece41e349a,-1,-1
23837,Praetorious,-1,-1
23838,IS11e949ce07a2cdc1bfd3d,-1,-1
23839,FLOENZA69,-1,-1
23840,IS1d84241f81900e5342971,-1,-1
23841,IS10edc6af816d8949a07b0,-1,-1
23842,Assailant,-1,-1
23843,oegr03lk2h,-1,-1
23844,IS13fbcfb6d50000da594db,-1,-1
23845,IS1bf8e72775e508b9fd309,-1,-1
23846,IS1f016b118efb55be3e121,-1,-1
23847,AndyWise,-1,-1
23848,Ktbeta,-1,-1
23849,IS130ca0f7bb56c51c5630f,-1,-1
23850,IS17efff8e4c894be13c29d,-1,-1
23851,IS1bb92510b15c3cf2d4a7a,-1,-1
23852,IS1cfd461881ce6b8338411,-1,-1
23853,IS15a6fcf68b48e6dd67347,-1,-1
23854,IS1a3c4618a5eaf93dce218,-1,-1
23855,IS1912f20cdad10d566a2d2,-1,-1
23856,Oppajjang,-1,-1
23857,IS119c4be373ea371e0aba4,-1,-1
23858,IS1cac6011c4fa97180a5f0,-1,-1
23859,IS19f06c4a28e186f03a95f,-1,-1
23860,Philski,-1,-1
23861,Locpy,-1,-1
23862,Van609,-1,-1
23863,IS176fa6a8b5adf51891c85,-1,-1
23864,IS194ba253b9995df8c9e6c,-1,-1
23865,IS1ff476195b2c3e8fbe436,-1,-1
23866,swaginacan,-1,-1
23867,IS1cf36a056d638e53ee66b,-1,-1
23868,IS10464c336856ec4c69cc0,-1,-1
23869,IS12e02a2d9dc8a6797fa8a,-1,-1
23870,IS16beeb75c3c77420d2746,-1,-1
23871,IS1e518c9a971fcc7492cef,-1,-1
23872,IS1b1123ebe2457a756dc13,-1,-1
23873,IS1166ddf205dd8cdf4edca,-1,-1
23874,Warden,-1,-1
23875,IS1a7161733a9a248855ce8,-1,-1
23876,IS188d0717a4bc4bdee95f4,-1,-1
23877,IS10a93d69257db8d329047,-1,-1
23878,IS1fd64a1f091f8ccaff681,-1,-1
23879,sockhands,-1,-1
23880,IS1f3467c49a3a7439fa48e,-1,-1
23881,IS1764d2cea250c130164a2,-1,-1
23882,SuperWall,-1,-1
23883,IS1a85343f415936f15e878,-1,-1
23884,IS181f751c88e0bf91fc6ee,-1,-1
23885,IS161cdc78238818b1dfee6,-1,-1
23886,bleigh007,-1,-1
23887,IS177b9dcf96be466eb380f,-1,-1
23888,IS1bccda130dafec001fe83,-1,-1
23889,IS1845c2280d07eff3673b3,-1,-1
23890,Snakeeyes,-1,-1
23891,IS195da02c573c665824b88,-1,-1
23892,PJKJN2T7W7,-1,-1
23893,IS1752202975d3e0b868bdc,-1,-1
23894,IS188e2392351da2d065b2c,-1,-1
23895,2w43rawfrasd,-1,-1
23896,zuicidekingz,-1,-1
23897,IS165e12888d8785f8032d8,-1,-1
23898,IS1d3e849c9674cc289baf7,-1,-1
23899,IS1df97c27b5977f3dd471b,-1,-1
23900,Billbowa,-1,-1
23901,IS1b6c73be7067dd95c0c5e,-1,-1
23902,IS1e1bd373f36684ca4eda4,-1,-1
23903,Dark Von Diakonov,-1,-1
23904,IS179e21a4e65c6871f61c1,-1,-1
23905,Ownu,-1,-1
23906,IS1a45a0489108c2a2a70e9,-1,-1
23907,fgf23131,-1,-1
23908,IS13d8bff012509c07be604,-1,-1
23909,IS1ede31400ee464c5c6cbe,-1,-1
23910,IS11d28c48dca19d52ab537,-1,-1
23911,filhouse,-1,-1
23912,styloner,-1,-1
23913,IS141e692fc4fe103e7b254,-1,-1
23914,IS11fbee2737a2a1b4ac28f,-1,-1
23915,IS1e9cf40a145775cfddc60,-1,-1
23916,IS1bcd84c3265b86d7cd5c0,-1,-1
23917,IS1f2c5f5f7d8058ff2b4c3,-1,-1
23918,pWDKS84aMB,-1,-1
23919,IS1505e4800af09b46d01ed,-1,-1
23920,IS1dcfe32faa575f6e32a45,-1,-1
23921,IS1f88262fb67e116892188,-1,-1
23922,IS19481391289dadd5a10a0,-1,-1
23923,Screaming Beaver,-1,-1
23924,IS15b18ad115e0263c5989b,-1,-1
23925,MiGs,-1,-1
23926,IS1626c15fc5d6f205a33f1,-1,-1
23927,Z7oTsrjXmI,-1,-1
23928,IS18b819d833bd0cdc5dadc,-1,-1
23929,justadot,-1,-1
23930,Bruce Buffer,-1,-1
23931,IS1147829e4f2a829bd8bc7,-1,-1
23932,IS1311e0f0c80f3a3d50ab4,-1,-1
23933,Terbulous,-1,-1
23934,Draeze,-1,-1
23935,IS184dd753df6bab1641dc7,-1,-1
23936,Yeti,-1,-1
23937,Animazing,-1,-1
23938,IS193f8ba30f202afc924eb,-1,-1
23939,IS172bc292233ce2983ddae,-1,-1
23940,IS1abeacb1f1b1fb75b82d3,-1,-1
23941,IS1a093d1d4e5e14e7a2177,-1,-1
23942,IS1e3e7eae0636defd68abb,-1,-1
23943,IS15bb877649bbea104f866,-1,-1
23944,IS1cf0e10a27a5a9db4b2a6,-1,-1
23945,IS1ec27bcf0858a893d00a4,-1,-1
23946,IS1419fad9677dcd6adb947,-1,-1
23947,Rakein,-1,-1
23948,IS1a38ee15a7b8b96d5106c,-1,-1
23949,Cheesecakejimmy,-1,-1
23950,IS1b043c0c64468fe18e488,-1,-1
23951,IS19f8b602408282041c51d,-1,-1
23952,IS19fdde42cf95d8daacfde,-1,-1
23953,IS10eaedade86284e9c171c,-1,-1
23954,Buzzer,-1,-1
23955,IS178d37e99d662c53be24b,-1,-1
23956,IS1843ab8dfe06a2e51adee,-1,-1
23957,IS1e43368b1f70412ca5cd6,-1,-1
23958,IS14075bff360efcc52383f,-1,-1
23959,IS1a3ff05b17129a296a733,-1,-1
23960,IS1867009eb7d59cf5e12f6,-1,-1
23961,RonaId Raygun,-1,-1
23962,FtqINBYX4M,-1,-1
23963,IS162d115debadb6bca3183,-1,-1
23964,IS1e290cf69a9b95726187a,-1,-1
23965,IS1f1b0d80e980918d15f0b,-1,-1
23966,IS12481db6183d9e70e12d3,-1,-1
23967,IS1c42b02a6c95086af9694,-1,-1
23968,IS1946794edf22079849283,-1,-1
23969,IS12e9085acc55d3d794007,-1,-1
23970,Tuxedo Mask,-1,-1
23971,IS1975a2297184b62c6ae60,-1,-1
23972,Musings,-1,-1
23973,IS16d8eff072fa34acfb143,-1,-1
23974,IS164b5bd65830efe8feaf8,-1,-1
23975,IS12ffe4de474cc615ef5be,-1,-1
23976,IS1a759d557429c4a1932d8,-1,-1
23977,IS188583d803807ca305acf,-1,-1
23978,IS12f4c74ee82a8ea7fcbea,-1,-1
23979,IS12e6a887be4f0bcc4aa38,-1,-1
23980,IS1568b28e8fa7e2d64cc48,-1,-1
23981,IS1824e23b6c31598d67af6,-1,-1
23982,acejink,-1,-1
23983,Netroq,-1,-1
23984,IS1ad512bc670c0df5c0804,-1,-1
23985,0lE0KKkzpB,-1,-1
23986,IS171fef9e08f241c46f8c3,-1,-1
23987,Huds,-1,-1
23988,IS100b0960a292aa8522351,-1,-1
23989,K89dkKf5ye,-1,-1
23990,IS1344f32f84831d3cebbb4,-1,-1
23991,IS1c616f7dad12cd9c820b8,-1,-1
23992,IS14f39e12a463b4d4ff759,-1,-1
23993,IS12a1c070f1a53b414c337,-1,-1
23994,IS1a60469680bf869dd6a89,-1,-1
23995,IS1280596f82fe71298847e,-1,-1
23996,Mive,-1,-1
23997,IS1f85203e9fc58a78e7018,-1,-1
23998,IS104f86a2540e62a7b3e13,-1,-1
23999,IS101b723843a81b5b10ab5,-1,-1
