25000,Cannings,-1,-1
25001,buttwax4000,-1,-1
25002,IS1c25c85269b522d96b9a9,-1,-1
25003,bry008stx113030,-1,-1
25004,IS1cee05b046edd635e27da,-1,-1
25005,IS1ca15e8aee55da47a96f3,-1,-1
25006,IS17cf07b1d29cb65862410,-1,-1
25007,IS1ebeb38da1a3ee0a6d47f,-1,-1
25008,IS1b9a012338ae63f9b4adc,-1,-1
25009,EvanPoland,-1,-1
25010,IS19ad4b825e8388c749b3d,-1,-1
25011,IS1ad8a72f32fdfe50dc6d4,-1,-1
25012,IS1184a5c4dc56c7d6262da,-1,-1
25013,IS1c0db7f7854d370346127,-1,-1
25014,IS179795893aed6055c1a90,-1,-1
25015,IS107a4eac25ec99af7ae24,-1,-1
25016,IS1553d6da63936a525c619,-1,-1
25017,IS17c2399d9b2becf0a961d,-1,-1
25018,Monklight,-1,-1
25019,IS15853e16204788ce21e2c,-1,-1
25020,IS1bac0a911b23ac881c9bb,-1,-1
25021,Wh1tePa1nt,-1,-1
25022,Lc4wWAerN4,-1,-1
25023,IS116bae4945e3090b9feef,-1,-1
25024,IS100e93835e8f9f7aeab18,-1,-1
25025,IS1fe650d8ad45b7d7c1017,-1,-1
25026,IS1b2c42ac327ae401d8482,-1,-1
25027,ObtLYsXA0W,-1,-1
25028,Arm A Brother,-1,-1
25029,IS1181e080f6a962ca828c1,-1,-1
25030,MeiQPVl01n,-1,-1
25031,IS1f0eeaff48a3f9a99bce0,-1,-1
25032,IS137787d9f0ba2776f0956,-1,-1
25033,IS17173b369b04f8e76a425,-1,-1
25034,IS18ad96dd9f2438bfdae3a,-1,-1
25035,IS1e68c6b90d20ddcfc0fc8,-1,-1
25036,IS1b92bb70373274bfa6879,-1,-1
25037,IS186336831ab1b4e321f95,-1,-1
25038,Knight Shock,-1,-1
25039,IS1d5610d83f009209b00fe,-1,-1
25040,gank them not me,-1,-1
25041,Coldbeans,-1,-1
25042,Sa0PiPi,-1,-1
25043,IS1ac30a908af58d123135a,-1,-1
25044,IS15964bdf4ac26c1aa89cf,-1,-1
25045,yEvmPe0cbj,-1,-1
25046,peetov,-1,-1
25047,Verinas,-1,-1
25048,IS14f00b28b0ed884f6e84a,-1,-1
25049,IS118c9269c090d2f0541b4,-1,-1
25050,Downa,-1,-1
25051,IS126a2d1432cf26829f490,-1,-1
25052,corloutre,-1,-1
25053,IS114d5fe503683cac8ab74,-1,-1
25054,IS1909f0763cae561568011,-1,-1
25055,IS1d11299ee3b0417d8f2ab,-1,-1
25056,Risenx,-1,-1
25057,IS1d2911c5ec3a97dfd4438,-1,-1
25058,IS120dcfdd3f978a2a7171b,-1,-1
25059,IS1067cf5d07da7d86e99a3,-1,-1
25060,Rougal,-1,-1
25061,Boomiewoomie,-1,-1
25062,IS173d592b2f7a072385048,-1,-1
25063,IS1c09dc3f31e66e445c72a,-1,-1
25064,IS1050a4e31bac0a7a64199,-1,-1
25065,IS10325e95724b12df237c4,-1,-1
25066,IS129eafb496a431f96bc17,-1,-1
25067,IS11708192a1dc09ded07fe,-1,-1
25068,dreanor,-1,-1
25069,IS1d9acd1dd69b73e5353ea,-1,-1
25070,V7ocMHAWKC,-1,-1
25071,IS15da08a77ff8eca8d3986,-1,-1
25072,IS18c9f2dbfc242373977eb,-1,-1
25073,IS172d67396df39cdda9c1e,-1,-1
25074,IS19a45ba4369383702a4fe,-1,-1
25075,Hlemar,-1,-1
25076,CAIIIKO,-1,-1
25077,Antipheliac,-1,-1
25078,IS188e66b5b75b78cc2bde5,-1,-1
25079,Tyrantsbane,-1,-1
25080,Unydia,-1,-1
25081,IS1feba96ec3dcd724fe4d9,-1,-1
25082,IS14837f80794d0ea3bbc4e,-1,-1
25083,IS150eb3038a8e06541be1d,-1,-1
25084,IS1eae2d9fcb2fd70cd6feb,-1,-1
25085,IS10504e73ff81dd3af8ff5,-1,-1
25086,IS19ebd25544aa20017060c,-1,-1
25087,IS192cb47512acffc14da9d,-1,-1
25088,Daddallo,-1,-1
25089,EvilDemon,-1,-1
25090,Wyvern16,-1,-1
25091,IS137842b9d4e5e279caec1,-1,-1
25092,IS1f17cae341a080c27d8e2,-1,-1
25093,Cathbadh,-1,-1
25094,IS176a788543e4ff059b574,-1,-1
25095,Xoral,-1,-1
25096,nupzwsi,-1,-1
25097,IS14e85bc244be259a99724,-1,-1
25098,Kimotir,-1,-1
25099,IS1ee572310781a51030572,-1,-1
25100,IS10ea72d92c0293fd678ee,-1,-1
25101,IS11c27cf112992065c8877,-1,-1
25102,Soulfor,-1,-1
25103,IS1a4c0d104443d90790b81,-1,-1
25104,IS1f0241371e32f2620b2dd,-1,-1
25105,qWBnBSG0GF,-1,-1
25106,1nf1,-1,-1
25107,IS12b5fa7c4ff56ff755802,-1,-1
25108,IS17e38380bf3415b38b044,-1,-1
25109,IS1c74ebd26499bbdb165e1,-1,-1
25110,IS1861cfb8bd95cf2535812,-1,-1
25111,Vendon,-1,-1
25112,IS1aef2e5c495ce615279e3,-1,-1
25113,IS1f413504063163d94972b,-1,-1
25114,IS1fb56920a557a3909f827,-1,-1
25115,IS18490257e34f369099f4e,-1,-1
25116,anhaton,-1,-1
25117,Syley,-1,-1
25118,IS155cd1fccdb191f479623,-1,-1
25119,IS13ffa529332e0e35bc207,-1,-1
25120,IS1087ba24609b14f2dc4ff,-1,-1
25121,IS1a65bc011675868062827,-1,-1
25122,SoLiDSoNiC,-1,-1
25123,IS1deeffaa942591263d351,-1,-1
25124,IS19ef2cb9970d9672c78da,-1,-1
25125,IS137663f47d36d5749bb48,-1,-1
25126,BradSmiles,-1,-1
25127,IS14a1f8c2330f1b579bf21,-1,-1
25128,IS129f26ac947b48f7fc776,-1,-1
25129,IS1bbeb6857ffa079e431ca,-1,-1
25130,IS1420a938f030b17e22d3e,-1,-1
25131,IS1a47a258e14ca98685786,-1,-1
25132,IS1b8b37ff4815dda98f4c3,-1,-1
25133,IS195727bb5513df24a3302,-1,-1
25134,IS1d127688f53e50dd559ed,-1,-1
25135,Melancholy,-1,-1
25136,IS12df98c855abf774e30d4,-1,-1
25137,dlEMuXKnX7,-1,-1
25138,Feliska,-1,-1
25139,IS13cec814d0bde680aa041,-1,-1
25140,Orbach,-1,-1
25141,IS12dc3e83d3c9651e9d9b6,-1,-1
25142,IS1185602912ef38945fcea,-1,-1
25143,Z1 Common,-1,-1
25144,IS12a60bde61d93e10cde94,-1,-1
25145,IS1ae8c8530ea4f19af3837,-1,-1
25146,Syre,-1,-1
25147,IS11a542729d9da994161be,-1,-1
25148,IS1eab4b20bd2e057a44c39,-1,-1
25149,IS12954df8dd2f2199d58a2,-1,-1
25150,IS1885ac6fe1873947e7dfa,-1,-1
25151,Kaltwind,-1,-1
25152,fishbot,-1,-1
25153,Orzmella,-1,-1
25154,CNWbH7Thjb,-1,-1
25155,IS1f313661461e2ed10cc06,-1,-1
25156,IS154a4e096bbe334b8e45d,-1,-1
25157,jyRILLedoU,-1,-1
25158,IS1c9082efb1f81f17ea132,-1,-1
25159,BoRDoLinO,-1,-1
25160,Choose,-1,-1
25161,sommer,-1,-1
25162,IS16cc2a1c96cb17ddac5cf,-1,-1
25163,LQlIvmYUah,-1,-1
25164,IS1b267742787492c5cca46,-1,-1
25165,Tense2Stronk,-1,-1
25166,Tarrelond,-1,-1
25167,IS188a3f3e514ee1c9de020,-1,-1
25168,Jereko,-1,-1
25169,IS17b8675fb551e684a295c,-1,-1
25170,IS19e7b072f9f78863f2600,-1,-1
25171,Alucardy,-1,-1
25172,ad sasd as,-1,-1
25173,IS1e9b885e9aeedadad7e12,-1,-1
25174,IS1a302236e2d51a8f81376,-1,-1
25175,IS1c469f0a98693b6890ba4,-1,-1
25176,IS16a47a9374495a26cf5cf,-1,-1
25177,IS1b6f806a70dfee6bcfacc,-1,-1
25178,IS14a840c0e568f82315a3c,-1,-1
25179,IS127b02dc9d6d972b03795,-1,-1
25180,IS1543d9251de81b4a9917f,-1,-1
25181,IS1d45436b48b6a2e7ac672,-1,-1
25182,IS1eea52686805835b070b0,-1,-1
25183,IS1bbc3b27576494be78972,-1,-1
25184,IS1065c50b3d80fd9ba39bf,-1,-1
25185,SpaceRamen,-1,-1
25186,Adamz0rz,-1,-1
25187,IS15238f2adbf88dc810a6b,-1,-1
25188,IS1c878d0de43f569416343,-1,-1
25189,IS1c0effc40f2b0a0b027dc,-1,-1
25190,wbvrbe Psvllwvv,-1,-1
25191,Z1 Pissed,-1,-1
25192,IS13216b004880317ae6ecf,-1,-1
25193,IS1ef98acdee40975d9af0f,-1,-1
25194,IS10b688ded2759209edea3,-1,-1
25195,Xhg9FKgiQf,-1,-1
25196,IS1a70f6a0fda05f4e9cc97,-1,-1
25197,zakzozen,-1,-1
25198,IS1d712406950f7e8b16eba,-1,-1
25199,IS1699f256dea45ba5cdf13,-1,-1
25200,IS1179cda2cf2de0d150532,-1,-1
25201,IS1a0ef5eb3bc4b799a7b0f,-1,-1
25202,Narrasus,-1,-1
25203,IS14b98b5cf5ae7e02777d3,-1,-1
25204,IS195a304fba80ebaa320fe,-1,-1
25205,IS13ccad7886436e3146c77,-1,-1
25206,IS1232ce4143426a181bd0a,-1,-1
25207,IS11e0a6b93792b735859f2,-1,-1
25208,Kokwangz,-1,-1
25209,IS1705044764303dc5845b0,-1,-1
25210,Voy4tiu464,-1,-1
25211,IS1723a89ef42b371356b11,-1,-1
25212,IS1777ca96ee70f22c6b27f,-1,-1
25213,starrynitex3,-1,-1
25214,IS1febd789062219cec9c83,-1,-1
25215,IS17732be2a6781c96f665e,-1,-1
25216,IS1b896e706cc540d4027d9,-1,-1
25217,IS120b3da6ea66dc4a41835,-1,-1
25218,IS13d3868c096e723c07778,-1,-1
25219,IS1398b9c28432ef1838dfe,-1,-1
25220,IS1f04c8822733923adb673,-1,-1
25221,excribe,-1,-1
25222,IS191f64cc263d80f5ae3a5,-1,-1
25223,IS1e8df1728610c4485db59,-1,-1
25224,IS1e606b83c04b86e72afda,-1,-1
25225,IS1d33996c248c852dd3fa3,-1,-1
25226,IS13a8b518281cc099139b8,-1,-1
25227,IS10223644163f09df29c70,-1,-1
25228,IS1a3bc870c235ef3069b60,-1,-1
25229,IS18e0a3ddd836595ce4e2b,-1,-1
25230,IS19731c4093a7426f4c786,-1,-1
25231,IS1b967329beec22743ec26,-1,-1
25232,IS1fb3a39953de36c18a15e,-1,-1
25233,IS1c53de4b72fadbfc6cb7f,-1,-1
25234,5Hi3rFBdrI,-1,-1
25235,cruzitoftjt,-1,-1
25236,rJUgAafFKY,-1,-1
25237,IS1283a680588b4b4ea566e,-1,-1
25238,IS1a53f6d0a5b94815bfc80,-1,-1
25239,Harwin,-1,-1
25240,IS1b66ec8c44f77a713aa37,-1,-1
25241,IS1b4749a6ccfc6ed298684,-1,-1
25242,IS17c3d95ea4acbe7130488,-1,-1
25243,IS1aa49b37af39678cd04e7,-1,-1
25244,IS1b4e37a8017a2f02e4440,-1,-1
25245,IS14bfb507fed3304cfe0e0,-1,-1
25246,IS1f5f2008f00687567e5d8,-1,-1
25247,IS14b1386faaf1eb27aff0c,-1,-1
25248,IS1c45dd97eb6a3cf19048e,-1,-1
25249,CapnSmack,-1,-1
25250,Joeinnz,-1,-1
25251,IS1253e4003cbc4c24286ac,-1,-1
25252,Manabhurn,-1,-1
25253,IS152636d37b7aaa3ca92f1,-1,-1
25254,IS11aa77be2d247aa42455e,-1,-1
25255,IS1f51f7d9008c12765a986,-1,-1
25256,IS1ba3c915c375b8a110b77,-1,-1
25257,IS18518cd7ff4ec204377ca,-1,-1
25258,IS13fa411e8e4d54bb03c0b,-1,-1
25259,IS105432446d89c584d2464,-1,-1
25260,IS18b225dfa50bc2ebb2399,-1,-1
25261,Shaada,-1,-1
25262,IS1cec55fa2a9b197fb3e1d,-1,-1
25263,class1ck,-1,-1
25264,IS10b4f6477df5e0006ca07,-1,-1
25265,IS13b8e6da83458c9e456d3,-1,-1
25266,IS1ad8e016206a562bb7915,-1,-1
25267,cultu,-1,-1
25268,IS121b6d1a1d594d6820833,-1,-1
25269,DarthVader,-1,-1
25270,IS1e5a6832ae991bd386613,-1,-1
25271,IS15531d2de1101f98992be,-1,-1
25272,IS1b655ed6033847fa6176e,-1,-1
25273,IS1986f2be6ad43c64e5c99,-1,-1
25274,IS1a38d8d1a263b675331f6,-1,-1
25275,IS1796b5cded9cf8f7b6062,-1,-1
25276,IS14cf709a26b3bb95f39ee,-1,-1
25277,SIurpadurp,-1,-1
25278,IS14864cee1b3eedbce3c85,-1,-1
25279,IS145deabe20bfdfb7e0b42,-1,-1
25280,IS1be16eff4721993beb0fd,-1,-1
25281,IS1d78513786ac0a0e811ed,-1,-1
25282,IS1cba88c97f114350cb2ea,-1,-1
25283,Weikada,-1,-1
25284,IS19dd8efd8319b48f4a66c,-1,-1
25285,IS1653698d917512eb41140,-1,-1
25286,IS199fb4961f6844ce0dd43,-1,-1
25287,IS11c3362bed8fddeaa2b15,-1,-1
25288,IS1fe0eea07e59bd5b0b317,-1,-1
25289,IS1522dcf207ba51b327643,-1,-1
25290,Bronze4bot,-1,-1
25291,IS16f12f07c7ea60b8002b5,-1,-1
25292,IS1e6e4b6d137c6990f0772,-1,-1
25293,IS1613463c3eef0732475f3,-1,-1
25294,IS1605017f1c835da6031d7,-1,-1
25295,IS1b017758028aa34da27b1,-1,-1
25296,IS14df5e1ab088ecdfb4079,-1,-1
25297,IS1cf45d17439a5b8d51a52,-1,-1
25298,IS188cfce5172b551ff6d00,-1,-1
25299,IS138a09ee08a3033f25f43,-1,-1
25300,messere123,-1,-1
25301,Zyrnic,-1,-1
25302,Elfanger,-1,-1
25303,IS1b9e5ddcf83489018a5d2,-1,-1
25304,IS173835252be882819b650,-1,-1
25305,IS1f80a8fe99deb269ed572,-1,-1
25306,IS192ddf325bc1e6e0052ce,-1,-1
25307,IS110d4c9c72ff8edd2cd3d,-1,-1
25308,IS138d0b9c78ba3a5603d67,-1,-1
25309,IS13069feb824121581dd76,-1,-1
25310,IS190413936db395115cc75,-1,-1
25311,IS128901136e90dad3209a2,-1,-1
25312,IS189d4b6d30d118cb8270e,-1,-1
25313,IS153629858ccdf58e1a810,-1,-1
25314,bajint,-1,-1
25315,hobboy,-1,-1
25316,nfWrJPn8vo,-1,-1
25317,mystiknite,-1,-1
25318,charLOLs,-1,-1
25319,IS131f3046ca6b905542217,-1,-1
25320,IS1909a016fdf0d47568e49,-1,-1
25321,KingPruegel,-1,-1
25322,DonCalypso,-1,-1
25323,MAFFED,-1,-1
25324,hOezA0wXyO,-1,-1
25325,IS1532a00cbc1ef67b40358,-1,-1
25326,IS1a493ba4047565693f84a,-1,-1
25327,Kippery,-1,-1
25328,IS1d54417fa9c6ba46ba9bd,-1,-1
25329,IS1d7bb3e1186724afbe9b2,-1,-1
25330,Laucsap Ttam,-1,-1
25331,IoriKyo,-1,-1
25332,cjsy,-1,-1
25333,Tarion,-1,-1
25334,IS195c213848b3957cf8ea1,-1,-1
25335,IS1d12d1ed53cc8c02dc3d6,-1,-1
25336,IS1f899891fdb8f2233ad33,-1,-1
25337,IS1664c59969f5b9d6fd41e,-1,-1
25338,IS105396c15126062c31bef,-1,-1
25339,IS17493a93ef9b231ecaf14,-1,-1
25340,cl0wn,-1,-1
25341,IS12083892616ef3c95a8b6,-1,-1
25342,IS14816dc8f6f805c190308,-1,-1
25343,IS10a8f104798af402ae0a3,-1,-1
25344,IS1d5cdd17ba7b7f6640409,-1,-1
25345,aac114,-1,-1
25346,Slanzinger,-1,-1
25347,IS1b161ecd2884b758e114a,-1,-1
25348,UXSCNJeIgB,-1,-1
25349,IS17f2033848630133bbf22,-1,-1
25350,IS119c3dae1c323022dbd04,-1,-1
25351,IS1a441f72459235331e70e,-1,-1
25352,IS1b5dd4ae2927686b183e0,-1,-1
25353,IS15993c7ff3bbdd6fb1f32,-1,-1
25354,6uINPtZLjL,-1,-1
25355,IS10082b5ee62da73631985,-1,-1
25356,IS135bf062956cae477643c,-1,-1
25357,IS17cdadaa957a87662d7ea,-1,-1
25358,IS1459856a826362c057737,-1,-1
25359,IS1bd8487ff800ff1829df1,-1,-1
25360,phrytm,-1,-1
25361,IS16e1c1f3274bb1d6fe0dd,-1,-1
25362,IS16a8a5b775ec3ac878191,-1,-1
25363,IS151565c618bbb35143c06,-1,-1
25364,IS10c4d0df2b8acf127be64,-1,-1
25365,IS14b85f9e9d9b8b67c404f,-1,-1
25366,IS1ba3dec4cff58832c7181,-1,-1
25367,IS13b7643f4f43a6f679360,-1,-1
25368,IS1ee1b797c2ef510e0f989,-1,-1
25369,Shallz,-1,-1
25370,IS1b69f96bc27dc22b3f0d9,-1,-1
25371,IS148c4ee84819937dfdeb7,-1,-1
25372,IS1bbd1989647dee082f237,-1,-1
25373,IS1b6ea5fc7bcc2c4010124,-1,-1
25374,8PsQdFl3Cy,-1,-1
25375,IS1578b7309e4a57fe91447,-1,-1
25376,IS1b06023127cc5830f0441,-1,-1
25377,IS15084471353b2b92ce5c2,-1,-1
25378,IS1791b8b76e8a07021e145,-1,-1
25379,dgsdfgh,-1,-1
25380,Caesar Wycliffe,-1,-1
25381,IS180b663e4cd90f4e976c8,-1,-1
25382,IS110ecf593f1586c143494,-1,-1
25383,IS17cbf7a5dff5ff3d5da7f,-1,-1
25384,IS13a624edf8599dc6237d5,-1,-1
25385,IS1c5794439b33118c12256,-1,-1
25386,IS187487f1b8feb13d6215c,-1,-1
25387,IS118b89b81bd68713329e9,-1,-1
25388,IS1d57b544abacd6cf92d32,-1,-1
25389,IS1db42326ae3f428f43a7a,-1,-1
25390,IS1cc34957a3d9166d2d75e,-1,-1
25391,IS1743d489c6863eae6725a,-1,-1
25392,IS1812a0390c8173aa92faa,-1,-1
25393,IS163ee57944b4a15f42967,-1,-1
25394,IS15cd835a7500d9a0948d1,-1,-1
25395,27Dc8UtjPW,-1,-1
25396,IS11417a44fb77260332781,-1,-1
25397,IS10e87fe463f6b0dd60835,-1,-1
25398,IS1981d94a3c33b0a028a7c,-1,-1
25399,Five Magics,-1,-1
25400,IS11f79d0d2cdfc6662af2e,-1,-1
25401,IS1994df716e2ef196c0fbd,-1,-1
25402,IS18d5f149bfc66d149aa92,-1,-1
25403,Renegadel,-1,-1
25404,IS19fb174b48c23e9fe7b08,-1,-1
25405,jc3bdxF42N,-1,-1
25406,IS1acb55beaa9984390517a,-1,-1
25407,IS1362df162948b296aaef7,-1,-1
25408,IS13bdf909b1290a1550ba9,-1,-1
25409,IS193d9324c479b7a1bd107,-1,-1
25410,IS1b288ff33e95493b6329b,-1,-1
25411,IS126a0f563beb5dd759d41,-1,-1
25412,IS1b3001a1d9b87f86eb26f,-1,-1
25413,IS1aed1facef3cb5d3e52b9,-1,-1
25414,IS16d5fcd7126df8cbefb46,-1,-1
25415,IS1d896c10cd357f9cc299a,-1,-1
25416,IS1f855f4149671967161bb,-1,-1
25417,IS1b1042e3d60895273eee0,-1,-1
25418,IS1cd2cce94b112443e8fc9,-1,-1
25419,Throdo,-1,-1
25420,IS1d081aa2570994204bbcc,-1,-1
25421,IS135dea788d9da1c245d03,-1,-1
25422,IS1f934970e7287f2318116,-1,-1
25423,Namaera,-1,-1
25424,Grozdi,-1,-1
25425,IS1349d0f87fbaa484f0595,-1,-1
25426,HelluKitty,-1,-1
25427,Deluril,-1,-1
25428,Kendak,-1,-1
25429,IS18b850804244a006ed2d4,-1,-1
25430,ClariccaKrictia,-1,-1
25431,IS106f1a1cbe59075518b0e,-1,-1
25432,IS1269a141d01d8ab29ad97,-1,-1
25433,QueenRammusMain,-1,-1
25434,IS19d6f9c62b6d21c5436c3,-1,-1
25435,IS1da1fed1b84fc73bdcb70,-1,-1
25436,IS1107a1963c799eb861a61,-1,-1
25437,068QE4hkuv,-1,-1
25438,IS16fb3d2b8ffb62d9f1f3c,-1,-1
25439,Ncaulat,-1,-1
25440,IS15122bb0dd4233c0b944f,-1,-1
25441,IS108af716ba556886e37d0,-1,-1
25442,IS18e6de7d8f7dcba944a8e,-1,-1
25443,IS10651cf87d52d714bc7f1,-1,-1
25444,IS18b9672b74d1021bb7eef,-1,-1
25445,Alonski,-1,-1
25446,FIenxORbpx,-1,-1
25447,IS1d0d2a5093bd9d118f3ce,-1,-1
25448,IS1889b1fdedc642da1e153,-1,-1
25449,IS1fdd73d2f323cb052d692,-1,-1
25450,IS10baedfadbe817528fc17,-1,-1
25451,IS11a208ea312d7f58c7579,-1,-1
25452,IS157bb859089b9360ed86f,-1,-1
25453,IS12d230887da6a26610846,-1,-1
25454,IS197671efc710510979dc9,-1,-1
25455,IS1b2f673837efee263f37c,-1,-1
25456,Malicious6,-1,-1
25457,Geddian,-1,-1
25458,Bahowle,-1,-1
25459,Evoseven,-1,-1
25460,Dabel,-1,-1
25461,Q5INqdHcIF,-1,-1
25462,IS1a0e7b9d7ef62a0b5c9a0,-1,-1
25463,IS1458ab2a56ee4069ef3b8,-1,-1
25464,IS16db1d471ffbc7694fb0a,-1,-1
25465,IS1b590187c79b46e70d24b,-1,-1
25466,IS1682162ce19874702bf39,-1,-1
25467,IS1ee44d38066ae1b474dd7,-1,-1
25468,Statticus,-1,-1
25469,IS1d47f3fd50cc248891ecf,-1,-1
25470,IS11ca72c7bc88f535fae8f,-1,-1
25471,IS1452b811e7a4937989a20,-1,-1
25472,IS11f6ed96adc5761351562,-1,-1
25473,IS124428762ecd8cbe338db,-1,-1
25474,Skyzim,-1,-1
25475,IS1763e2f1521e08075cf61,-1,-1
25476,IS1d46b51d5b6770632e453,-1,-1
25477,IS13e30e058cb62bd7e4ec5,-1,-1
25478,zOr16f2Pt9,-1,-1
25479,MjDmoMuMCv,-1,-1
25480,IS1596d27993f029a692d5e,-1,-1
25481,IS1dc2c15a463ca093a05bc,-1,-1
25482,WisdomPrevails,-1,-1
25483,IS19349da630045e06dc0a3,-1,-1
25484,IS17d839e5b307a416c4a64,-1,-1
25485,IS1bec98b849df4f0febfd3,-1,-1
25486,IS18def6a5aade05bbe9ca1,-1,-1
25487,TweeTmyTweeT,-1,-1
25488,Akcud,-1,-1
25489,IS15ea74e1f879c52a91917,-1,-1
25490,IS1cf07cc59428fc2a89703,-1,-1
25491,IS1470dd0e9ecc9369fc327,-1,-1
25492,IS126befa7a928b1ffce806,-1,-1
25493,NimrodD,-1,-1
25494,IS19b299ac7b07c1b68fcda,-1,-1
25495,IS1e937ecd84b814bc58b6a,-1,-1
25496,IS1558e181846f152da973f,-1,-1
25497,IS11eb21b7b5f1eac3ea902,-1,-1
25498,IS1ce531fcd56f5a3da6059,-1,-1
25499,IS1e00a5b02e468dedeb7fe,-1,-1
25500,IS1147427da50c2b0c9ce31,-1,-1
25501,karake,-1,-1
25502,inthepit,-1,-1
25503,IS1864254009a7112bf5449,-1,-1
25504,IS1d09c417b2aad6caaa3f3,-1,-1
25505,nhBNpcykaE,-1,-1
25506,dustingunn,-1,-1
25507,IS1815806efcf78b53588f4,-1,-1
25508,Drtofu41,-1,-1
25509,IS10bda5647ff55406aa4d2,-1,-1
25510,Ylem,-1,-1
25511,4hMwqPSBjx,-1,-1
25512,IS1aaa1019e7255eb7cc251,-1,-1
25513,IS12de277bede82c40f2b1e,-1,-1
25514,IS12db72d1fd2c007c57532,-1,-1
25515,IS13937014fad2961c6d27b,-1,-1
25516,IS1bea0bec33126f1c34112,-1,-1
25517,IS1aaf7894f586b5682de06,-1,-1
25518,IS1f180636353e12a56cfbe,-1,-1
25519,Blindage,-1,-1
25520,IS1a02076a3915eb1344bd9,-1,-1
25521,IS16b0723e9e7935f50947a,-1,-1
25522,IS1e19521b07a7a36ca1620,-1,-1
25523,IS19eb12866b699f4da27dd,-1,-1
25524,IS1778bb09fdfe1d3a37911,-1,-1
25525,IS1f9f7a762ddce0af753ce,-1,-1
25526,IS1a165e0d2a1c34335a4ab,-1,-1
25527,jSI40yqbn0,-1,-1
25528,IS1e3acb3ba865a0e20bf5a,-1,-1
25529,IS103e9a8ccd4d1cb7b57ec,-1,-1
25530,freaksn,-1,-1
25531,IS1325dcd383ed8e5026d8e,-1,-1
25532,qmUk7CMf4g,-1,-1
25533,IS170034f7a239f8e5c566d,-1,-1
25534,IS1772880a8fe2822522f8f,-1,-1
25535,IS1fc3169ccef543fc9b706,-1,-1
25536,IS1adb3fdd4d58dbaa386ef,-1,-1
25537,IS112d86f76663a425ff07d,-1,-1
25538,IS122b634a21d1d5a2543c9,-1,-1
25539,IS10bccb72168dc75a983f1,-1,-1
25540,IS1df13856d273cca0da569,-1,-1
25541,IS1202ea8d330061b674dea,-1,-1
25542,ANTSE,-1,-1
25543,IS13c1dc6d14618f0d1f386,-1,-1
25544,Librael,-1,-1
25545,IS18edb235cad1134cda40f,-1,-1
25546,IS15420cd8d0822284f538a,-1,-1
25547,IS1f967065c746393a3c1a8,-1,-1
25548,IS197006b00ad596a68abcd,-1,-1
25549,IS1983aaf1600556cbfa0c6,-1,-1
25550,IS1efd5ecd1373e002d8df5,-1,-1
25551,IS1bc9eef7d9eccc6567683,-1,-1
25552,caml,-1,-1
25553,IS1e5062261f0713cfd1a9c,-1,-1
25554,Loctorak,-1,-1
25555,IS18f28538422f1c3427388,-1,-1
25556,IS1bff4807c83c241e2751c,-1,-1
25557,IS1b7679d959111f4875948,-1,-1
25558,IS144ec949687e28abcdf30,-1,-1
25559,IS1e8a2db70c40fd7499791,-1,-1
25560,IS15942fdd5ccd29a678476,-1,-1
25561,IS16171ef77f1e0db2e9c1e,-1,-1
25562,IS11bc7ff5781ac48428572,-1,-1
25563,IS19ec17ec9f2ece23e9f6a,-1,-1
25564,IS1b3c7e90238798117e99d,-1,-1
25565,IS19029e32c3b90fb494edc,-1,-1
25566,IS14e31f18fe3bc94f0ae75,-1,-1
25567,IS19f286f9a4e649a740e42,-1,-1
25568,Buliwyfe,-1,-1
25569,IS118a92facaec817c6d0d9,-1,-1
25570,IS116b1d8a1fc46e6d63a72,-1,-1
25571,Sakabot,-1,-1
25572,IS10f1fe3ce2c6f2211b692,-1,-1
25573,IS11c3fb8344af099a4a051,-1,-1
25574,IS12848905d8c0e169ba278,-1,-1
25575,IS1bcce23d7a8c90adf81cc,-1,-1
25576,IS19ed48128da45058b0366,-1,-1
25577,IS1f2217c1c576e4f026fee,-1,-1
25578,DizzyUA,-1,-1
25579,Ddrghcrghsse,-1,-1
25580,IS1978b3460f68d5f7d7903,-1,-1
25581,King Rammus OK,-1,-1
25582,Omgwow,-1,-1
25583,IS10871803b88fa42cc1a20,-1,-1
25584,IS12ab6b93c92124826f407,-1,-1
25585,IS14bc93b249a762b3311d9,-1,-1
25586,IS16365d7fc8d44214be720,-1,-1
25587,IS1d9908c56dcd665d08d22,-1,-1
25588,IS1dadd32223756dd132261,-1,-1
25589,IS10f243cd5e5c2d66a99c6,-1,-1
25590,IS139d1779e0a34af72bb7f,-1,-1
25591,IS107f87db4b1a7a2e9efcf,-1,-1
25592,IS13dc2c2914b319668ff81,-1,-1
25593,Azolo,-1,-1
25594,IS1c8dfc70a6c8e18b82792,-1,-1
25595,IS1ec03637d00941664b79c,-1,-1
25596,IS1fa80c0836728161963ff,-1,-1
25597,IS19b658bda9530b3b8f2f0,-1,-1
25598,Jangmai,-1,-1
25599,IS1b629640c55358cd4a7f5,-1,-1
25600,knope,-1,-1
25601,Nafaltar,-1,-1
25602,IS1c1eef41a7cebffc64b75,-1,-1
25603,IS104f154b5efa09193e3ab,-1,-1
25604,IS15ec592a0cd1735e596ff,-1,-1
25605,anotherfob,-1,-1
25606,IS1054c6c1655bccdb2f28e,-1,-1
25607,IS160821189fd36686b869a,-1,-1
25608,Crainey92,-1,-1
25609,NorwayKid92,-1,-1
25610,Aonshix,-1,-1
25611,IS1feb6c08b99a3eb8ebddc,-1,-1
25612,IS111f1506563c26ca63774,-1,-1
25613,IS161c1db1bf48db6e4a135,-1,-1
25614,Koopa Rammus,-1,-1
25615,Punt Holes,-1,-1
25616,IS1147a988705c2e7826e28,-1,-1
25617,IS1509353ef2c5dd874dfab,-1,-1
25618,E23QIJappw,-1,-1
25619,IS19b6b9b5768601594e5df,-1,-1
25620,IS1f1ef9063e0f8ed2f9fe0,-1,-1
25621,IS1fdd4796e4f3880688643,-1,-1
25622,IS18c999ad2286bfe5a385f,-1,-1
25623,IS1f134e38fc5b7b1f14974,-1,-1
25624,IS1cb6967c128510f26854e,-1,-1
25625,IS10af0e6526059e1ac59d1,-1,-1
25626,IS1e5e59e057b49aae118bb,-1,-1
25627,Zitrax,-1,-1
25628,IS1ce3467c194394e8ca46c,-1,-1
25629,GladRags,-1,-1
25630,IS12eded622df653d3cd482,-1,-1
25631,IS17a538c1edd9aa5c22fd5,-1,-1
25632,iLgRa2kI54,-1,-1
25633,alvinchia,-1,-1
25634,theErk,-1,-1
25635,IS1c305c083e5ab7f4ab0bf,-1,-1
25636,IS1498ae5e11944224ee417,-1,-1
25637,IS10c4996db8c15102957fe,-1,-1
25638,IS147cd06eae4edf103a2a0,-1,-1
25639,IS1d101b3a1752998130672,-1,-1
25640,Shaky010,-1,-1
25641,IS10d63a6354e5284922bd2,-1,-1
25642,Tormys,-1,-1
25643,gNr8gGnIHc,-1,-1
25644,IS18ae06883773d8dca1108,-1,-1
25645,IS1a310d65a3a04468f52f7,-1,-1
25646,Sajtoslazac,-1,-1
25647,IS183b8026d49448c382d0e,-1,-1
25648,Oakeen,-1,-1
25649,IS11c16dd058069491b4604,-1,-1
25650,fStix,-1,-1
25651,IS1c87c1ebcd83baae08823,-1,-1
25652,IS19fc42da12bd9c3a8ad37,-1,-1
25653,IS1ee94f8ad3e749ba5fff5,-1,-1
25654,IS1950faff6a0f8c26c9e0c,-1,-1
25655,IS19d05b2f5bb2a9913985f,-1,-1
25656,IS16a3c2fcc74778b89ea6b,-1,-1
25657,IS1f70307e915483aca3228,-1,-1
25658,IS1cfb9686b98fb391b0d31,-1,-1
25659,IS169b472064b3e9a46455f,-1,-1
25660,Ligr,-1,-1
25661,IS1c94816c704c3e81710df,-1,-1
25662,IS1d206f3a9cfe3378fb4e0,-1,-1
25663,IS1965282331cfdb405233c,-1,-1
25664,heygways,-1,-1
25665,IS1065600cd84782e385de2,-1,-1
25666,IS1c0616b4b2f0cf14a758b,-1,-1
25667,IS116d3363c138f713d2417,-1,-1
25668,IS1d8f375bf48ba6b8f4564,-1,-1
25669,IS10cbc445208525b36de96,-1,-1
25670,Carthorn,-1,-1
25671,IS12d1f2846b60b810ce6c0,-1,-1
25672,IS1b7af4aaad5472cab1c49,-1,-1
25673,IS196f8d6b268029d0e62c4,-1,-1
25674,IS1f1eb64fe5d6936e7122b,-1,-1
25675,IS1358927319cf3510402df,-1,-1
25676,IS1cc1839a590251176c99c,-1,-1
25677,IS13b5ffd776ad9ff57495a,-1,-1
25678,Z3 Alaska,-1,-1
25679,Aarchie,-1,-1
25680,siyash,-1,-1
25681,IS1b0a76eb889ba14443cbe,-1,-1
25682,IS1b9c8be5f66ff9b91823e,-1,-1
25683,IS1e9da6da41723b5ab4279,-1,-1
25684,IS13a58a7868ba33aed57a9,-1,-1
25685,IS1d9a2a716954e44d361d3,-1,-1
25686,James Bronson,-1,-1
25687,IS1fe5ba8b36e7c25d33491,-1,-1
25688,IS1ff2728a4e04b1250dc50,-1,-1
25689,IS1f05c6226b4262b44b976,-1,-1
25690,IS183f223fb8cc6bb9e6d2e,-1,-1
25691,IS1968e8807c0c528c2dd13,-1,-1
25692,Deifyer,-1,-1
25693,Miyamiya,-1,-1
25694,IS1e0f27c6b876472f0888e,-1,-1
25695,Ishou,-1,-1
25696,IS1eeeb8ca3c70e57285c71,-1,-1
25697,IS1ea76d016acbfded20618,-1,-1
25698,Reveneth,-1,-1
25699,IS1aa1ee44ed34ba8a31ab2,-1,-1
25700,Legendary Pataya,-1,-1
25701,Uk6dqimRxG,-1,-1
25702,Super Vinh,-1,-1
25703,Anchorion Silverblade,-1,-1
25704,IS1fdb5ea922e018a419426,-1,-1
25705,Decox,-1,-1
25706,Grelot,-1,-1
25707,IS1d96359cb6c7df01db19d,-1,-1
25708,IS17ee34e3f1e6e95669d02,-1,-1
25709,IS11e3689bebafd4b1a9f9b,-1,-1
25710,IS1aedeae873decb4cd01a9,-1,-1
25711,IS15d1938febf0bfdcb8d3f,-1,-1
25712,Z1 Challenger,-1,-1
25713,Z3 Dornor,-1,-1
25714,FicTheMadChemist,-1,-1
25715,IS1de95c20042ebcc16a102,-1,-1
25716,IS1d83fb3ef32f78610b4a2,-1,-1
25717,IS1941a6705f3d06e366c3f,-1,-1
25718,IS19124230024795fc530df,-1,-1
25719,IS1c80d2d3299f8d969e570,-1,-1
25720,hannes2,-1,-1
25721,IS168bc7834aa348a032c5a,-1,-1
25722,IS11516c2a618ef2a314932,-1,-1
25723,Greenbag,-1,-1
25724,IS19ebb30db214d5c448a39,-1,-1
25725,IS11a82bb8f1b810203cd57,-1,-1
25726,IS137d524062368acecd1c4,-1,-1
25727,IS12ded117f265cd7148e4f,-1,-1
25728,IS1e943c792c4a9f5fe2a63,-1,-1
25729,IS1d281167b40a3fddae173,-1,-1
25730,IS1d532f175d633240b2075,-1,-1
25731,IS1d4d93bdbdf4b8dc54da8,-1,-1
25732,channel PURPLE,-1,-1
25733,iabpRuu7hF,-1,-1
25734,youcantpass,-1,-1
25735,IS170f7d25f0ea2c29fce2d,-1,-1
25736,IS1c9838ad96a48af31ea4c,-1,-1
25737,IS11e8b4ebdebc5b98e5c9d,-1,-1
25738,IS107543aa9fcf845daf0a6,-1,-1
25739,IS10029545e79138ec549f8,-1,-1
25740,IS1626d7f9b407adf4bb89b,-1,-1
25741,XwtlwgGbax,-1,-1
25742,IS126315cf395fd2f794620,-1,-1
25743,shinyCeLery,-1,-1
25744,haDro,-1,-1
25745,Debiru,-1,-1
25746,IS1178d34c04ef0bcc2eedf,-1,-1
25747,IS1287c62317431963e431b,-1,-1
25748,IS16ea8dea00c6d463b7ffe,-1,-1
25749,IS136566e6ba694aaa884a6,-1,-1
25750,IS1d9dca3fbbdcebacb121c,-1,-1
25751,IS1d3688b73c13540b5c261,-1,-1
25752,IS18304c888adcf6241e45b,-1,-1
25753,IS1cacbe25424c27759f111,-1,-1
25754,IS15e343890f2e839c7f74c,-1,-1
25755,IS1fc85838ce2259c88f2cb,-1,-1
25756,IS1e8df3aa6db09325cf61e,-1,-1
25757,Sodie pop,-1,-1
25758,IS18baf658a5795cbd26931,-1,-1
25759,Drackus,-1,-1
25760,IS1e125fc58299809ee6a67,-1,-1
25761,Thermon,-1,-1
25762,IS163fe70737d064f3c43bb,-1,-1
25763,Domesis,-1,-1
25764,IS1ced373d95ee7eb3c4b78,-1,-1
25765,kingdeno,-1,-1
25766,IS180e0004fc73d2a72473d,-1,-1
25767,IS11db057297d6f9304a99e,-1,-1
25768,y50bnqJbhE,-1,-1
25769,IS1c47a0126f9e93343346d,-1,-1
25770,IS15a7172440f41518a7455,-1,-1
25771,IS1942b59a3ceea6ec85225,-1,-1
25772,IS1f9155e2ff2dbf6e5f4a7,-1,-1
25773,IS14c47f016d7a69cc53333,-1,-1
25774,IS1036b38affbb8c0a42008,-1,-1
25775,IS12a572164fdb59b1caa8b,-1,-1
25776,IS1e04ab0e00717dcb7bbdd,-1,-1
25777,IS18bc31009cf92a541b28b,-1,-1
25778,IS169e3ecdc8ffaf5a4acca,-1,-1
25779,IS143a8b21ce20e6b684802,-1,-1
25780,IS1eb5221abe91fe7fc2e66,-1,-1
25781,IS1afa24156bde7ba8b82d2,-1,-1
25782,IS12bbfaa9cca870ef88b58,-1,-1
25783,IS1ad678a8bf45699f52e94,-1,-1
25784,IS18d866e7d5ba8414a5943,-1,-1
25785,IS127ca9f60c68f65960fc9,-1,-1
25786,IS105b7c3f39937118fffd3,-1,-1
25787,IS191c93bb89b6585f09036,-1,-1
25788,IS1b89f7dbd5405126b7834,-1,-1
25789,IS1c77b215aa2cea33ecd55,-1,-1
25790,Arnalzi,-1,-1
25791,PlanetSmashr,-1,-1
25792,IS114eb5ce98d3f69a0036c,-1,-1
25793,IS1a77f63036c45b8b63830,-1,-1
25794,IS1af028423f6b9db642f53,-1,-1
25795,IS1a9eec0a47ae789867098,-1,-1
25796,Fayau,-1,-1
25797,IS1dca77405cec968dcbd45,-1,-1
25798,IS1be62d16f8a23844951af,-1,-1
25799,IS1d7c1eabc82fdf1b71419,-1,-1
25800,IS1f0b68a09db10bf21c4f0,-1,-1
25801,IS17b9313128868aff49aeb,-1,-1
25802,IS1691ee5ccf2d6095602da,-1,-1
25803,IS145f603e48aed2b9b7491,-1,-1
25804,IS1ed0ad03d9801b4e0320d,-1,-1
25805,IS1ca7ae9e5d71dd316f28f,-1,-1
25806,Thif,-1,-1
25807,IS118486c7ae0c73fef41f2,-1,-1
25808,IS16fcff3217c6429c3e4cb,-1,-1
25809,darkgamin,-1,-1
25810,IS13b88cea891e3aebe5860,-1,-1
25811,IS1e782d1adaf73ce892d51,-1,-1
25812,Sainner,-1,-1
25813,IS12f9a6c602f45b965d2ef,-1,-1
25814,vvWg78Agnw,-1,-1
25815,IS1d52a6ffc40444c7cbf09,-1,-1
25816,IS169b321c67b55d0aa3db4,-1,-1
25817,IS151fc728f1614cca51b43,-1,-1
25818,IS1d050582dc4b1c2201198,-1,-1
25819,IS13c396bb6c7a24e638b5e,-1,-1
25820,IS1d541da83e0739edeb60c,-1,-1
25821,IS149bbac315c81661b0821,-1,-1
25822,IS11b1283171c4d28c02ec6,-1,-1
25823,IS14c4d5e72d5e7cc3742ed,-1,-1
25824,IS12ed6e871ad2019d3ae8a,-1,-1
25825,IS13471aa2617ad9db5a97f,-1,-1
25826,IS18905c191b531d97bd818,-1,-1
25827,Snackm1x,-1,-1
25828,IS1badaefb7c52a5ffaee08,-1,-1
25829,NachoAdept,-1,-1
25830,IS11e1bec2b6f6ec2a47b3a,-1,-1
25831,IS12cbc488548530dd8bf01,-1,-1
25832,IS16816185054cbdc02e041,-1,-1
25833,IS11d94d79d2f175e0f5f1d,-1,-1
25834,IS17f0da6abcb760754e269,-1,-1
25835,IS14e4cea691cdc3ad0da2d,-1,-1
25836,IS186bb607e796153b2c343,-1,-1
25837,IS1406cddf4cf4bf29eea41,-1,-1
25838,IS135f03a904ca943dd6f4d,-1,-1
25839,IS1174c316b40e5b384a164,-1,-1
25840,IS1a0dc4e7a4a53a7613438,-1,-1
25841,IS1792f460f4c60557ab349,-1,-1
25842,IS18bea448b8fc7d7d4ac63,-1,-1
25843,IS1f2a4e1326a10228176a4,-1,-1
25844,jeppew,-1,-1
25845,IS125e99ba7c8c587676e24,-1,-1
25846,IS112d4ab5106f993decb4c,-1,-1
25847,aZShenZhen,-1,-1
25848,IS102045fc7e20c147b1929,-1,-1
25849,IS1d71f742a5cfd35fb85f5,-1,-1
25850,fred321,-1,-1
25851,IS1b3c6605a34f0c1a4c5b6,-1,-1
25852,IS137478bca2828bc6dffd3,-1,-1
25853,Digitalphase,-1,-1
25854,IS14177332acdf3fa4d1e3a,-1,-1
25855,sync1337,-1,-1
25856,IS1c3fb2fd546672b0d6280,-1,-1
25857,IS1918aa6204ae8f3234329,-1,-1
25858,IS150a632efddf40bbdd75b,-1,-1
25859,Kiryu,-1,-1
25860,IS12049f0e08079646b1f27,-1,-1
25861,IS1af3876b5166b2bc79fdc,-1,-1
25862,YHXTuH8nt3,-1,-1
25863,IS19c61b9ddd9c817054d64,-1,-1
25864,lrNLbnVqDc,-1,-1
25865,IS116dbd30c621b3aa655e0,-1,-1
25866,IS1412c25d90fb4b5028a18,-1,-1
25867,IS1ced2b3d67b862bf2f61d,-1,-1
25868,Fisshy,-1,-1
25869,Rammus2GG,-1,-1
25870,Meddler,-1,-1
25871,Steamtruck,-1,-1
25872,IS1ce69921f70cb2d1920f1,-1,-1
25873,IS1253cac9e59c6d7f90472,-1,-1
25874,IS1e50e4c0cb2d3d144b55a,-1,-1
25875,5JTciu32in,-1,-1
25876,n2EkXznetg,-1,-1
25877,w daw daw daw d,-1,-1
25878,IS1c567f63c3c0490c35ddc,-1,-1
25879,IS1a7322f8b596c66650ba4,-1,-1
25880,IS1c27496e350d4d0f6a79f,-1,-1
25881,IS1fcc5f24b228a8f78a111,-1,-1
25882,wyafgKHSL4,-1,-1
25883,PlayerOne186,-1,-1
25884,IS18d9d96a987c9933ffd49,-1,-1
25885,IS14420282bf9b0b544133d,-1,-1
25886,Bibe,-1,-1
25887,SiriusCrack,-1,-1
25888,IS1a4a5898aa0d2a857c4d5,-1,-1
25889,d4m3b1d4,-1,-1
25890,KoreanMadn3ss,-1,-1
25891,Haaskrieg,-1,-1
25892,Hootorama,-1,-1
25893,IS18f8acf84ef064760f23e,-1,-1
25894,IS197e053edd854335413ab,-1,-1
25895,mortalcombat,-1,-1
25896,Paunz,-1,-1
25897,ragi3rhJxF,-1,-1
25898,IS135473c8dc453a62962f7,-1,-1
25899,IS109c4b6916c5cae13b269,-1,-1
25900,IS1faedb612cb3404ecc0e1,-1,-1
25901,IS1059cf320d8b7ec385328,-1,-1
25902,IS13b76a199c91aaf28c181,-1,-1
25903,IS1f17133ee992810735a01,-1,-1
25904,IS11c2819defb6d337eef1f,-1,-1
25905,IS1fcd873dd2a5fd00d3c36,-1,-1
25906,IS1f498764b4daa10ce8f6a,-1,-1
25907,IS1bc0681aeb78e53b3eebd,-1,-1
25908,IS1fef333abe4d5690b20a1,-1,-1
25909,IS15853ee1ee7a106a53e43,-1,-1
25910,WoDLXL6yRw,-1,-1
25911,IS11adb4d2f9ec2a4abf347,-1,-1
25912,IS10a681f5eff6d5cbde9d2,-1,-1
25913,IS192a66a29bc5aa5df12d7,-1,-1
25914,IS1163f486e6d089a2d0684,-1,-1
25915,DarkKeeper,-1,-1
25916,Arca Noctis,-1,-1
25917,IS15cc4b95d6e17b6ac6d62,-1,-1
25918,IS16646901e9b30ba8964dd,-1,-1
25919,diantos,-1,-1
25920,IS1f782d327f289404e5491,-1,-1
25921,IS1cfe9051aab8204296b44,-1,-1
25922,IS111ba6382410ba2ac1645,-1,-1
25923,IS177166c48c6b30a909702,-1,-1
25924,Harkle Harpel,-1,-1
25925,awF32gjj1I,-1,-1
25926,IS122b846a8a86766e7f02e,-1,-1
25927,IS13e747660912d52ca58aa,-1,-1
25928,IS138cfa7bbbd0e0a17c16b,-1,-1
25929,IS198607137643223c4e475,-1,-1
25930,mintyman,-1,-1
25931,IS1cdc344a0f5b5ca3e1e37,-1,-1
25932,IS1c11366792285cd0b6b93,-1,-1
25933,IS1d14569ca5713c1057fe1,-1,-1
25934,IS1b6fc7dcc7ac44daf70aa,-1,-1
25935,IS1c8c0224542aec2a732fa,-1,-1
25936,IS1265b326bcf235660e9f0,-1,-1
25937,IS166bbf34bd34f6c45699c,-1,-1
25938,IS1a8fac590cb6c263f2222,-1,-1
25939,IS1d1cf74703aeabda1b3a3,-1,-1
25940,IS173db5ca041019ce726de,-1,-1
25941,IS198694b1f8ce495a9906c,-1,-1
25942,IS1836969e4d293fd2eec92,-1,-1
25943,IS12d7520445b9292e10d13,-1,-1
25944,IS1d079651fea16432680e6,-1,-1
25945,IS1998555770c79032723c5,-1,-1
25946,meowmixnix,-1,-1
25947,IS11ab2641b83d0731a74b7,-1,-1
25948,IS1d12d1221c7f79bd17da5,-1,-1
25949,Z1 Illy,-1,-1
25950,IS134775c7dc00162fcc27f,-1,-1
25951,IS11bfc463e3d57de581ed8,-1,-1
25952,IS173f6c37e91b0f0430cf5,-1,-1
25953,IS1932350491c9fa87159d7,-1,-1
25954,IS19e144787323c609811d6,-1,-1
25955,IS15d8b49f86ec178b6721a,-1,-1
25956,SwordsDancer,-1,-1
25957,IS1c70139d255a933d84a75,-1,-1
25958,IS1a3dbd4b207ed91628772,-1,-1
25959,IS14d852c246293137196be,-1,-1
25960,IS1af3a63297638dca900e9,-1,-1
25961,Dedoneitor,-1,-1
25962,IS19a3dd2b2bdae12c13d00,-1,-1
25963,IS1d075ee6d2a9da30bf017,-1,-1
25964,IS1ccfbd1e77b322cfb6e88,-1,-1
25965,thethingexe,-1,-1
25966,IS1f8ede73f2976df21a098,-1,-1
25967,IS12805eaac82c499e97324,-1,-1
25968,LoneWolf20,-1,-1
25969,Dwor,-1,-1
25970,IS19d961ab44de9268fd07d,-1,-1
25971,IS1c50daf688754f4717ccc,-1,-1
25972,Jooma,-1,-1
25973,IS16e7b26fc5a60efb68817,-1,-1
25974,IS15d67b4115660429d3bf3,-1,-1
25975,IS18ccdaa0811c7732cfabf,-1,-1
25976,IS182f63f7ac6c759b74daa,-1,-1
25977,IS14f9cff9abfc310349381,-1,-1
25978,IS14801d8474c4bc6558eee,-1,-1
25979,IS12ecc30c5f91934696d4d,-1,-1
25980,IS13b194ef8e9a9162811d2,-1,-1
25981,IS196fb0bee33d21a7fe822,-1,-1
25982,hieiwrath,-1,-1
25983,Eranium,-1,-1
25984,IS1d519983fef3884d172e1,-1,-1
25985,IS1293843590e170b8f17f0,-1,-1
25986,IS12c765a6ecf618443d386,-1,-1
25987,IS1c212e70437f8b32c5831,-1,-1
25988,IS15e5452813021a81585c3,-1,-1
25989,IS13417e62225779928fe9e,-1,-1
25990,IS1cec8b00f8d195be751aa,-1,-1
25991,MkwGX9AeBk,-1,-1
25992,IS1fad9d233b3f3ca069dd1,-1,-1
25993,IS16001d3a645686ff08389,-1,-1
25994,Herivelton,-1,-1
25995,XxCryogenesisxX,-1,-1
25996,IS1d96252af3583dce92d5f,-1,-1
25997,IS1567afdfea1fbadbba17c,-1,-1
25998,Felixenfeu,-1,-1
25999,IS107c6c53ea7fad557679b,-1,-1
