27000,IS1b2b6159a2f150fa6e93e,-1,-1
27001,IS1ee1a46c0ed19bdc4b6b7,-1,-1
27002,IS19d1e2a45411a0cc7fa23,-1,-1
27003,Eagen,-1,-1
27004,Slutty Annie,-1,-1
27005,u1ELYaOEtc,-1,-1
27006,NAPhiDeuce,-1,-1
27007,TheDevil,-1,-1
27008,Jbyce Rssbbed,-1,-1
27009,Mjolnyr,-1,-1
27010,IS14bd4ddd06fb39952f804,-1,-1
27011,IS1b4ed9c5f388c98822525,-1,-1
27012,Naissur,-1,-1
27013,IS1afcfe2e7a5c530eef864,-1,-1
27014,IS1777710a535e7dea512d3,-1,-1
27015,IS1c86a478c357e7243dac7,-1,-1
27016,IS1649f81d89e90cbe12fee,-1,-1
27017,LU8k0yy2ZW,-1,-1
27018,Anonymous1c4,-1,-1
27019,IS18321158963645b481b98,-1,-1
27020,IS1438d6c550fa1a2032135,-1,-1
27021,IS13cd16f18d4a68f065866,-1,-1
27022,VooDooChild,-1,-1
27023,IS1f9426ade2ffe403cd803,-1,-1
27024,IS120ff0b921e36678ec6f8,-1,-1
27025,IS1651c59a0116c74de1f9b,-1,-1
27026,iHnWiCZQWO,-1,-1
27027,IS1a49d86e1988323c02e51,-1,-1
27028,Evenuel,-1,-1
27029,IS19cc1a6c5d2e646e8177f,-1,-1
27030,IS109ca92ffea6598099cbe,-1,-1
27031,Cainan,-1,-1
27032,IS1ed60c40db9e2cede73c1,-1,-1
27033,IS1ab28ad3f99019c2d84dc,-1,-1
27034,IS1f60a82894a45c5a7ae26,-1,-1
27035,asd a da asd,-1,-1
27036,IS1eb2bb8f4921f526dcf50,-1,-1
27037,asdf001,-1,-1
27038,IS1ecb44575538888661f28,-1,-1
27039,IS1fdb13aa89b7da8101bdc,-1,-1
27040,Fairy Blue,-1,-1
27041,IS10b6c952d07397078b3ae,-1,-1
27042,IS1f86981529a0cb6e4f35e,-1,-1
27043,dave1717,-1,-1
27044,IS12f08ae1800943df99925,-1,-1
27045,IS1e4619887264860712707,-1,-1
27046,IS1303d0f94b6239b7b1449,-1,-1
27047,IS1f6417c6cb01d81746535,-1,-1
27048,IS1da8c024b94938291ebec,-1,-1
27049,IS1046d16a509453862e0da,-1,-1
27050,Bazil HC,-1,-1
27051,Neveri,-1,-1
27052,Marvili,-1,-1
27053,Janocide,-1,-1
27054,IS1200a4a8040b74844af2a,-1,-1
27055,IS15801979246bd0d2ec15b,-1,-1
27056,IS14059c7c16b4078895c04,-1,-1
27057,IS1bcfc7f5a57c1648599f9,-1,-1
27058,iGotMoXy,-1,-1
27059,IS10780299f8a0a2e02f761,-1,-1
27060,IS16a3c0da9a8cf74c68903,-1,-1
27061,IS18ce8c97966f7f4194aac,-1,-1
27062,IS188b3c689a89ef8f34384,-1,-1
27063,IS16fa56360fdb22ca2aea8,-1,-1
27064,IS147902e6e6d1955560c6d,-1,-1
27065,IS176b327b43c53441ef7db,-1,-1
27066,IS1f9d630814bb07d8c4cfb,-1,-1
27067,IS15c6cbdbb5fedace0745b,-1,-1
27068,IS13b7ba42b7fc9da85989c,-1,-1
27069,IS1ac5119950925b588121e,-1,-1
27070,DocIscari,-1,-1
27071,IS12034f6b12f142bdfc9db,-1,-1
27072,Bart00,-1,-1
27073,Hoxick,-1,-1
27074,IS1aea7525a44c72a33260a,-1,-1
27075,SUBM0RAL,-1,-1
27076,IS15f5851f5241770f86142,-1,-1
27077,IS195500e0337215ac85395,-1,-1
27078,IS1bcd477a8f90cad93775e,-1,-1
27079,IS19810f387f38dc7c775f0,-1,-1
27080,Shalek,-1,-1
27081,Wm3EK2GwVC,-1,-1
27082,IS14eb77a7e393cbf607d00,-1,-1
27083,IS1cf089fd8b0621281936d,-1,-1
27084,IS17e908b2390337f653751,-1,-1
27085,IS1a2e455ee2a74feae4c0e,-1,-1
27086,ScatterBastard,-1,-1
27087,Insanozuke,-1,-1
27088,IS10b34add0254c67f9c9ae,-1,-1
27089,IS1533ab5043b62c3d41057,-1,-1
27090,IS11d31f48a431ee6dfe1bc,-1,-1
27091,GuiTouN,-1,-1
27092,AlexxKun,-1,-1
27093,I Am The Veigar,-1,-1
27094,IS1c36aa9f836df530a9e3c,-1,-1
27095,IS139b3eab3f7591231696b,-1,-1
27096,IS1381a4cf86360ad7d2000,-1,-1
27097,IS1ade324d5fc24b0042f34,-1,-1
27098,King Rammus IV,-1,-1
27099,red Jaymz,-1,-1
27100,IS1e271cda563e7949255b2,-1,-1
27101,IS109cf2e18ab5eebe01ba0,-1,-1
27102,Punisher Laser,-1,-1
27103,7uX3duXF0f,-1,-1
27104,IS170562ce9f63f3b39101a,-1,-1
27105,IS17dc1fb4b69f85054c299,-1,-1
27106,IS1c10ef6f6c45755af9822,-1,-1
27107,IS13f74024688bf135beab4,-1,-1
27108,OBJECTION,-1,-1
27109,nR5R2JixbM,-1,-1
27110,IS1c0966a11e1cd13e71721,-1,-1
27111,Taknightt,-1,-1
27112,IS197ee32bf3da4c752bc3c,-1,-1
27113,IS1e30416235c45f0357c20,-1,-1
27114,Mega,-1,-1
27115,djfdat,-1,-1
27116,IS1b2e8999eb01cb3b376b0,-1,-1
27117,IS165926c97b3d3c64ace44,-1,-1
27118,IS1cf8739e85bd408f05d94,-1,-1
27119,IS1b6137f0578be5337a5f2,-1,-1
27120,IS10488e774fff937545734,-1,-1
27121,50Af2EcvCT,-1,-1
27122,IS1b0445173f69f8418889b,-1,-1
27123,IS131baaa0bd6dd3b5773d9,-1,-1
27124,IS136041ddc3553799772ef,-1,-1
27125,IS12b64725c5483f5881102,-1,-1
27126,IS13a464dc4d8bb4da18bac,-1,-1
27127,IS17bd0a24a825122001657,-1,-1
27128,IS1c0a74b1c8e980e4dbe5d,-1,-1
27129,IS1109c3697b6aca8b86aba,-1,-1
27130,InfamousRice,-1,-1
27131,IS1cb1b72233e98c09793f4,-1,-1
27132,IS17f99a9bbed87f731338c,-1,-1
27133,Matzu,-1,-1
27134,IS19f6306ebf7255457795d,-1,-1
27135,IS1201f1e3419f8850a8a43,-1,-1
27136,p2JpcrVyTH,-1,-1
27137,IS1c2b0e7a369b42fd7f68c,-1,-1
27138,IS1f616327b519e40a328b4,-1,-1
27139,IS1c32c4f328e6fb2d211f6,-1,-1
27140,gumpl,-1,-1
27141,IS110783b04998b643a1444,-1,-1
27142,IS1409d6743850ebd69dd63,-1,-1
27143,Jimmyboii,-1,-1
27144,IS1bfb628a354da42279660,-1,-1
27145,IS1280aab18f11d1afcd3fe,-1,-1
27146,IS1be966c600e071394c636,-1,-1
27147,IS1bed37aeca6fbe3fa5448,-1,-1
27148,IS1d683ba38a087bce66ecf,-1,-1
27149,IS16041d2efb5c0cbcce3fd,-1,-1
27150,crys1sw0w,-1,-1
27151,IS154b393188dbc36e3f835,-1,-1
27152,IS18e514a62f6a5e8eac0ab,-1,-1
27153,IS1a4b7003ac38bab4a0eef,-1,-1
27154,IS12df9ba27b7188e30d667,-1,-1
27155,tempname2236,-1,-1
27156,IS114ea42c4f2276cf4bd8e,-1,-1
27157,IS1275b043eb83dc27f0ed3,-1,-1
27158,IS1ba855dd0ab395058a493,-1,-1
27159,IS1fad3578631280d3ee334,-1,-1
27160,Alxeal,-1,-1
27161,Naxos,-1,-1
27162,IS18993d9f871449f4e3321,-1,-1
27163,IS1a1d9785a33e298a58c3c,-1,-1
27164,IS1f9b42b3e04022a4ca979,-1,-1
27165,SpellWerk,-1,-1
27166,IS14ee4d565d67c46bb32ca,-1,-1
27167,IS197e53a29ce057455df30,-1,-1
27168,IS1626c9e984bff659a2153,-1,-1
27169,IS1c76c244fa8f0327a04c0,-1,-1
27170,IS18f8021c11225693a27aa,-1,-1
27171,IS15494fcb14db3bb9f0ee1,-1,-1
27172,IS149ab627283e8fb027d76,-1,-1
27173,IS11df6707311b79ab5e3e6,-1,-1
27174,D3L,-1,-1
27175,IS19a866a655b1a74d4b0df,-1,-1
27176,IS12ddfefd4a1f05b55bcdd,-1,-1
27177,JDQ2OHBeUn,-1,-1
27178,Lucissi,-1,-1
27179,IS199d8647e653d46bc965f,-1,-1
27180,IS1749bdebded62c26516ac,-1,-1
27181,IS19f5e2a8513886d398f8b,-1,-1
27182,IS1a8fa047d24ae66deaeda,-1,-1
27183,IS1333c767fe209f9277459,-1,-1
27184,IS1ddfed2b74bc32948dfcb,-1,-1
27185,6q3sGXVofN,-1,-1
27186,IS11d1341861db9cad08366,-1,-1
27187,IS1e6667ee24ceaba9e5fcb,-1,-1
27188,IS15988c7ccc91b0b98c08c,-1,-1
27189,IS1f481d8e135c779c01858,-1,-1
27190,IS17cfdfbc779a31de3beb6,-1,-1
27191,IS1f4389b2ca1f4c19b2497,-1,-1
27192,IS19b4f79773e8d97e2bccd,-1,-1
27193,Krauser II,-1,-1
27194,KQtbb8l5Hb,-1,-1
27195,IS15799de8e84d9fe708b7c,-1,-1
27196,IS1aa76b7af76ad8b70b186,-1,-1
27197,IS1ee9340c148ac17e772d5,-1,-1
27198,IS14e22b04fb88951945b84,-1,-1
27199,IS15e6c7b99327035076a80,-1,-1
27200,khelore,-1,-1
27201,IS1c8110cfbcbec24f12770,-1,-1
27202,IS18f7cd166dceb6ab60074,-1,-1
27203,IS1544a99d407165c2dc6bb,-1,-1
27204,DaarkSTorM,-1,-1
27205,IS16d4d0ad8ba575bca0e17,-1,-1
27206,IS16f5c822ff32c527f66ca,-1,-1
27207,IS19892b6000e77f976bbf1,-1,-1
27208,IS1dc581f4ce3dd813e4e1b,-1,-1
27209,IS11622cfd0f882a3a70b3c,-1,-1
27210,hPijFUlic4,-1,-1
27211,Tnh,-1,-1
27212,IS1b44d5aeea2d40a193c17,-1,-1
27213,IS1b37110d81f2b3a72720a,-1,-1
27214,IS1177ace79a17856033516,-1,-1
27215,IS1d4181e0006ff1e8a5355,-1,-1
27216,IS1d3e2c5cec24f79eb134d,-1,-1
27217,IS1a711fe98331e411daa42,-1,-1
27218,IS1caee487d7c0e1d5d23b0,-1,-1
27219,IS13ec0160e9cad6f13b923,-1,-1
27220,IS18e46e71f91752bdfe41e,-1,-1
27221,IS138af086a4369611fa83f,-1,-1
27222,IS130f5670fc891a5c83308,-1,-1
27223,PopNotSoda,-1,-1
27224,CptPokeyForReal,-1,-1
27225,IS1e18b88a7c4680f293c19,-1,-1
27226,IS18ca572dfe267436a847f,-1,-1
27227,IS1473af118beb024287ce3,-1,-1
27228,IS1fd5bd5954296bd261ffc,-1,-1
27229,General Hasegawa,-1,-1
27230,Grimeytron,-1,-1
27231,ezZ baKiZ 23,-1,-1
27232,IS1b86ad80691801479c43d,-1,-1
27233,IS15f944669afe5c1b79375,-1,-1
27234,IS1e1eff70e5c97ec5aebb3,-1,-1
27235,IS1bb1f74878d577f16cfd6,-1,-1
27236,IS1804eec32e380a70ba66f,-1,-1
27237,MeatFluff,-1,-1
27238,Keys to Da Cedes,-1,-1
27239,IS110d56318d57ebae8eb66,-1,-1
27240,IS12726717fe6d070748880,-1,-1
27241,I Darch I,-1,-1
27242,T1amuDhL52,-1,-1
27243,towerranger,-1,-1
27244,solidbrim,-1,-1
27245,IS1746f81549b11832d7424,-1,-1
27246,IS1803a440c95147a40ff04,-1,-1
27247,IS1eedbfd0b378c47a5a693,-1,-1
27248,PKVcA6Mgja,-1,-1
27249,pmpmpm,-1,-1
27250,ULdzeVKRMB,-1,-1
27251,IS1643c262e6fd24aa3ca88,-1,-1
27252,IS18f726a321d5ec2efaf20,-1,-1
27253,IS15ef6d1018e3769dfdc09,-1,-1
27254,IS13ec13d37c7a1aa64a903,-1,-1
27255,DR7j26GC3j,-1,-1
27256,IS1d79ad3fbbff4245fc7c6,-1,-1
27257,IS15cf0b57f2a38f4874883,-1,-1
27258,IS1270df7a0f70f92db0ab3,-1,-1
27259,IS1895285294af287c36db8,-1,-1
27260,IS113edc6d3990fe5ddde40,-1,-1
27261,laxx,-1,-1
27262,Melody,-1,-1
27263,IS12ebe871623462a448035,-1,-1
27264,Linoc,-1,-1
27265,hpkthree,-1,-1
27266,IS18cd68787cd735c4edec1,-1,-1
27267,IS12f45f9c6f00e435bdde5,-1,-1
27268,IS191141a34a208e3f1d096,-1,-1
27269,Dragoonki,-1,-1
27270,Reneul,-1,-1
27271,IS11794bac4f7ba9333fa5f,-1,-1
27272,IS107dfe2693cfcbdd9aae6,-1,-1
27273,IS1c81e76ad0dc23026455c,-1,-1
27274,Egyptian Ghost,-1,-1
27275,IS120ed7e4b99f98b26feb1,-1,-1
27276,Tic0,-1,-1
27277,rtgdfgfd,-1,-1
27278,IS110d3b2dd67e494cb78df,-1,-1
27279,IS1938b22f6167b7f67d82b,-1,-1
27280,IS1acdd760b73ae7478c74e,-1,-1
27281,IS1b104e69b6e15345623cf,-1,-1
27282,IS16e60b539dc1bd36914eb,-1,-1
27283,IS10ae267d4f353cf706f52,-1,-1
27284,tartio,-1,-1
27285,IS152f4029a9413f364b2e6,-1,-1
27286,IS15d097396473c7c84da92,-1,-1
27287,DyBoyE119P,-1,-1
27288,IS1677adc1a871fdd16ac7a,-1,-1
27289,descender,-1,-1
27290,Shadowclaimer,-1,-1
27291,IS1dc62776ba80fadd4ed19,-1,-1
27292,Vinadi,-1,-1
27293,IS1363a78964e2ea652a9e6,-1,-1
27294,IS147afd79b98dda65b4fd9,-1,-1
27295,IS11c9b34e26060cb78dbae,-1,-1
27296,IS16b03af5a4a692960a6e0,-1,-1
27297,Fyren,-1,-1
27298,Taolin,-1,-1
27299,IS156889fdebab935df2a97,-1,-1
27300,IS18b119246a8f77a76d750,-1,-1
27301,IS13a388473988576c744ee,-1,-1
27302,IS1218d003bce728d2d999b,-1,-1
27303,IS1f10d18b9db53d7911cc3,-1,-1
27304,IS1f2a998740274c1ea1f29,-1,-1
27305,IS1ffd94a1062267967535f,-1,-1
27306,King Rammus Only,-1,-1
27307,IS116dbfd936f57fbca0237,-1,-1
27308,IS13bcb29b80f5bdcb9f3fa,-1,-1
27309,FightMeIfYouCan,-1,-1
27310,t3hd0c,-1,-1
27311,Zanien,-1,-1
27312,IS1e4960eb426aada20f825,-1,-1
27313,IS1cb9bc99fea1ba5eb0fe8,-1,-1
27314,Cukos,-1,-1
27315,IS15e5d45b412747ca2c171,-1,-1
27316,Silvano10,-1,-1
27317,IS1b6a3be61edd9fdf0b157,-1,-1
27318,IS1e8424d45487ee923bdd4,-1,-1
27319,IS11a588cb70dfd7a56bab8,-1,-1
27320,IS12f0970862d9e35b138a5,-1,-1
27321,Carfen,-1,-1
27322,DivineUndead,-1,-1
27323,IS18b72ffd120140ca80f70,-1,-1
27324,Wudek,-1,-1
27325,IS104d2ee059ada217c39a7,-1,-1
27326,IS1b1270e0f523c7efae216,-1,-1
27327,IS10f9d720e42d4ce13bb10,-1,-1
27328,IS16a412ef0d9e499960b1a,-1,-1
27329,IS1b4c9abaf7bb3d6cd4868,-1,-1
27330,IS11e6caca573d7d3819871,-1,-1
27331,IS1dad2026967f0a0f844f6,-1,-1
27332,IS1a28e966cbe049bf71cbc,-1,-1
27333,IS1ba4f8b2dc8506fcc87f3,-1,-1
27334,IS14df30bfb364e9bd53453,-1,-1
27335,IS128927d9d40b3daacdf40,-1,-1
27336,IS1c50e1ebf98ef8c6625c2,-1,-1
27337,IS1e9692eaa585b1b20c712,-1,-1
27338,IS1f4da6fde2edadc989788,-1,-1
27339,IS19df04bbefd195d1530a3,-1,-1
27340,IS109e191d26ade686dacf8,-1,-1
27341,IS1a91a67640caff09c74f3,-1,-1
27342,dgasdbas,-1,-1
27343,IS1784c8680a7caa2872f5e,-1,-1
27344,IS1af80465eb275ad8d3667,-1,-1
27345,IS1460a9f6295c9e34614ec,-1,-1
27346,IS1be06a57612b91c7ef221,-1,-1
27347,IS15455f810c0f47f74d9da,-1,-1
27348,IS11f7396ace865dbf2bf3f,-1,-1
27349,boxfallen,-1,-1
27350,Vicvipa,-1,-1
27351,IS12887993eaee520f03a5a,-1,-1
27352,SirGoulash,-1,-1
27353,IS1888651490d4b3798ec70,-1,-1
27354,Arthos911,-1,-1
27355,IS16d044fc5c1a637a28fbb,-1,-1
27356,IS1dbd96a8a66b26ddd4570,-1,-1
27357,IS12107822a5c68b172a144,-1,-1
27358,IS1d3848eb62fc0804c8738,-1,-1
27359,IS15c313cfc7393fe33388f,-1,-1
27360,IS1c7fa661a94abd9f9d92d,-1,-1
27361,ParkerLegit,-1,-1
27362,Linje,-1,-1
27363,IS1d9b4a978cdad11062292,-1,-1
27364,IS1cb1cc56d6a8c3ff22ea0,-1,-1
27365,IS16b5b78b4106b70b2fc03,-1,-1
27366,IS1462c6bef71561f143071,-1,-1
27367,IS1799b473d282f848e2076,-1,-1
27368,Diplococcus,-1,-1
27369,IS1c77c01aa90902a3fc6b5,-1,-1
27370,Minja,-1,-1
27371,IS11d7ad85ed630906ac10b,-1,-1
27372,IS17f70d9a211f964f16257,-1,-1
27373,IS1af8063d3fa385f8c4149,-1,-1
27374,Kebwanee,-1,-1
27375,DevilDog,-1,-1
27376,IS19efcbf652e56f5f9d23c,-1,-1
27377,mm321mm,-1,-1
27378,IS1ef5f2f03ce2b032147d8,-1,-1
27379,IS175edd8252a4ee32a4b05,-1,-1
27380,Lard,-1,-1
27381,IS198ed2ff533b7bc4fe709,-1,-1
27382,PiffundPaff,-1,-1
27383,IS1c3dac3535280cd06a37a,-1,-1
27384,IS170c5a98efe594b17c6a8,-1,-1
27385,kadrei,-1,-1
27386,IS17be9a1cc46faed9b9a27,-1,-1
27387,IS1dcce61e606f64873a98f,-1,-1
27388,Sunseraph,-1,-1
27389,IS168fd54e3f4a4e7ffcf7d,-1,-1
27390,IS1975a496ec8b654a85f17,-1,-1
27391,IS1d5dc154c7fe6f1a2e212,-1,-1
27392,IS14027fee407dc05f10ff5,-1,-1
27393,Rumplelstiltskin,-1,-1
27394,IS109d7aad44074347a1deb,-1,-1
27395,evenmoor,-1,-1
27396,IS1d1e45a8844a40af844fc,-1,-1
27397,IS1da8244ff5c49cc8aa57a,-1,-1
27398,couragousbeaver,-1,-1
27399,IS11d1f555ef7fdd90f56ba,-1,-1
27400,IS172f38b53fc30865f577a,-1,-1
27401,IS196c9909bcdc2f7987f41,-1,-1
27402,IS1afb5e84cabf28aea9dfb,-1,-1
27403,IS1dc32f97373bba4c0c337,-1,-1
27404,Dr Thrax,-1,-1
27405,A Friendly Koala,-1,-1
27406,IS17b6932923077a78898fa,-1,-1
27407,IS1679f01ce65724adca743,-1,-1
27408,MoltenDiarrhea,-1,-1
27409,IS1e7be7b64d3f973a8bc8b,-1,-1
27410,IS1b8150835431dd7ed95b0,-1,-1
27411,IS1e71b0aeebec30a3c4072,-1,-1
27412,IS19073cf0b3d88ed740c03,-1,-1
27413,Xavath,-1,-1
27414,Levite,-1,-1
27415,IS15b501a40c03730f6ba83,-1,-1
27416,IS131111401ddf16fb5d5de,-1,-1
27417,dwa daw dwa dwa,-1,-1
27418,brokenscope,-1,-1
27419,Necrosius,-1,-1
27420,IS1c475f4729d0e2b42a142,-1,-1
27421,w9sPUmG92T,-1,-1
27422,IS1a145d823508f9b5c9c91,-1,-1
27423,IS183afe0c4703473dae5fa,-1,-1
27424,IS1eb3441a9827be8972ea2,-1,-1
27425,IS12dbdc7ee450891b2945f,-1,-1
27426,justinnn1992,-1,-1
27427,bcvzzz,-1,-1
27428,Ydssssesdel,-1,-1
27429,IS160bac18d07987a74c738,-1,-1
27430,IS10b5c3157bae3ac4fc601,-1,-1
27431,IS12d63abfa65bf94dd602e,-1,-1
27432,IS1f04fe8c0ebf78bc90d63,-1,-1
27433,Phyrose,-1,-1
27434,MFTjIqPDhU,-1,-1
27435,Tuslar,-1,-1
27436,Ninjabem,-1,-1
27437,Mudweasel,-1,-1
27438,IS111f9ea581e66c5cc54f7,-1,-1
27439,IS153681b2c45736b4da971,-1,-1
27440,IS11159e1a10433860e2e47,-1,-1
27441,Azetab,-1,-1
27442,IS1cb4c6370be154552f3e5,-1,-1
27443,IS1a18797d26f7796f1ae4e,-1,-1
27444,Dawnseeker,-1,-1
27445,IS1c3dea2bd278afd0939ab,-1,-1
27446,IS1d0e4032763ed0c565dbc,-1,-1
27447,IS1e59f836d858196dabe6f,-1,-1
27448,IS138d2b1e8a51a0282acdd,-1,-1
27449,IS1eefae1a8eb83c9f5eb57,-1,-1
27450,IS1ffd85f3f172f1f8ea150,-1,-1
27451,IS11e93d8924b8fc2e75a28,-1,-1
27452,poepli,-1,-1
27453,IS18e350862ad876b826a6e,-1,-1
27454,IS1f90509028a2179494696,-1,-1
27455,IS1341b8b1e38b3013768e8,-1,-1
27456,IS1cd27c5e259d59aec73f3,-1,-1
27457,IS16c6d09a0555531365933,-1,-1
27458,eviltenchi,-1,-1
27459,IS1e4b554a2277fa4de42a0,-1,-1
27460,Sepsis,-1,-1
27461,IS15fd7e83a96fa48c76418,-1,-1
27462,Dharken,-1,-1
27463,IS1b504983e853ed7588fa6,-1,-1
27464,IS121f8598a9d851cb6199d,-1,-1
27465,nightside,-1,-1
27466,IS1b778aeb9219565f5456b,-1,-1
27467,Zergi,-1,-1
27468,IS1ccdeff256f74eb0ca58b,-1,-1
27469,IS12fed0b481aef6ba3a77a,-1,-1
27470,Dusktrek,-1,-1
27471,IS15d2c9b6944135776f084,-1,-1
27472,EvilNeru,-1,-1
27473,Corki The Bawler,-1,-1
27474,Gerald Necrosier,-1,-1
27475,IS1d738f8e39d3cc9477d11,-1,-1
27476,IS13c07e34ded2c3ef8f8f3,-1,-1
27477,IS1c4de5e8e703d4689c269,-1,-1
27478,IS185fb5fc8ce8b375f13d5,-1,-1
27479,IS1b12b521acbf09dc19b3f,-1,-1
27480,IS1325247431a9ee7ee45ef,-1,-1
27481,IS16ef1a0e2bbf2f4855c6c,-1,-1
27482,IS119844cc00a72f39253b0,-1,-1
27483,IS1d3d869b29610e5d91ccb,-1,-1
27484,IS1fe968c150c002e74ebcb,-1,-1
27485,IS184cb379ef405bc5cf90f,-1,-1
27486,IS1bfa3f27ec4bdbf15b0eb,-1,-1
27487,IS1adc0e1c50db2615b467c,-1,-1
27488,IS1b4abe6167dfe3714466a,-1,-1
27489,IS153af898002db3298a9b7,-1,-1
27490,IS197b19bcc1a3eda1ac864,-1,-1
27491,IS1dbd42ee1abbb938e090b,-1,-1
27492,Boose Mas,-1,-1
27493,uf1gi1XVdU,-1,-1
27494,IS1de79997f9a616c345a7b,-1,-1
27495,IS1d36ff091a2702449feb9,-1,-1
27496,IS151a11c3f945abece6238,-1,-1
27497,IS18b37eff635378a9b9c0f,-1,-1
27498,IS168fcf04aa41a3dd8d36b,-1,-1
27499,IS1aee7d0d2dc2acf885faa,-1,-1
27500,IS14b83d747e5d11922c367,-1,-1
27501,Phiphler,-1,-1
27502,IS12118ada1b2757cdfa55e,-1,-1
27503,IS1c62f96c334f08c534843,-1,-1
27504,Lerriuqs,-1,-1
27505,IS1bf0de1af4a7e9ecf3b68,-1,-1
27506,GoogleFett,-1,-1
27507,cire,-1,-1
27508,IS1f5619e8579159f70c437,-1,-1
27509,Zillix,-1,-1
27510,IS1666326d31f799eb85d1e,-1,-1
27511,IS1b780763c6dc7df93d38b,-1,-1
27512,IS1129830038cfadae1a4f6,-1,-1
27513,IS152e181b7998b5c6e38bc,-1,-1
27514,GiedQ6vX2t,-1,-1
27515,IS16862cc692cd15e20d757,-1,-1
27516,GDL El Pow,-1,-1
27517,IS1998d36a10038d1eaa7ea,-1,-1
27518,IS1b3183fc4f380480c7788,-1,-1
27519,IS15be15048fdb72ddd71a7,-1,-1
27520,IS1b2227cc7f5b8aada2c96,-1,-1
27521,DIACFU,-1,-1
27522,IS1bb596142516748ac52ef,-1,-1
27523,zTuPTYZHCC,-1,-1
27524,IS1a965d366c92c41a3751a,-1,-1
27525,IS19adca6f29470587a3d39,-1,-1
27526,CubanMissile,-1,-1
27527,IS1a322ed843f6a4bee9a91,-1,-1
27528,Tzerus,-1,-1
27529,Fierce Chris,-1,-1
27530,IS1125f65ba90c88d3c6cc3,-1,-1
27531,Briecheeze,-1,-1
27532,IS1f7d412b1ba38bc94e6e8,-1,-1
27533,IS163d89973aadd7e6cb95b,-1,-1
27534,IS1fe402503e06a5184bd69,-1,-1
27535,IS14ca7f85032e38705655c,-1,-1
27536,kFpFafixq9,-1,-1
27537,cymerc,-1,-1
27538,IS110534eb004d35c10aa2d,-1,-1
27539,IS1ec2aead58307fd858269,-1,-1
27540,IS1f840765291e98f4ea293,-1,-1
27541,IS1864090539113663415f3,-1,-1
27542,IS189c06f1d137c8833496f,-1,-1
27543,IS1e6067ab7c0d8fbdd5f21,-1,-1
27544,DoomKitty,-1,-1
27545,IS131a557951558ba906d39,-1,-1
27546,Jaynen,-1,-1
27547,IS1ed4d85107226536195f3,-1,-1
27548,carnagex321,-1,-1
27549,IS10025e0a30d21d4714152,-1,-1
27550,IS131a6dec8049de8f10fc9,-1,-1
27551,Space Lord 81,-1,-1
27552,oVv98mc7vJ,-1,-1
27553,nativas,-1,-1
27554,Zaapp,-1,-1
27555,Feuermaehne,-1,-1
27556,IS1b13b7ba78b3b614407ef,-1,-1
27557,IS184e7a2948f25a13f2768,-1,-1
27558,McBeard,-1,-1
27559,IS19ea025af220831ceee42,-1,-1
27560,IS115625cdcf7c34660bbb7,-1,-1
27561,Farkeman,-1,-1
27562,Nezafeero,-1,-1
27563,IS1ea01f362b28e7dd8f4ae,-1,-1
27564,IS10c8896e9d9fc9a2ca8ac,-1,-1
27565,IS1d44d3579a75ece205595,-1,-1
27566,IS1458cf93fb427a55da75f,-1,-1
27567,IS1333dc839f2f5c4200f7d,-1,-1
27568,IS1c07b5b3c8a978dd167c6,-1,-1
27569,IS1d83aa924fa8f13c05f25,-1,-1
27570,IS18c39788c0c5be3f1e8c8,-1,-1
27571,Chubbseh,-1,-1
27572,IS13ed353b9febcf47a2cc0,-1,-1
27573,ChectertoaIaseem,-1,-1
27574,IS12db4796d81cf0438e3cf,-1,-1
27575,IS1081da73ef9481ab5d170,-1,-1
27576,IS148652c62c6d1b27feecb,-1,-1
27577,tmplr,-1,-1
27578,IS179bfe270868c28b48b8d,-1,-1
27579,IS1e1c9424f81c8a96fd686,-1,-1
27580,Chiizballs,-1,-1
27581,IS1d00123c7afa479a90bc5,-1,-1
27582,Gir Draxon,-1,-1
27583,IS1130ad086869247c3f7f5,-1,-1
27584,Otay,-1,-1
27585,IS128f3b36d2676ca9df03a,-1,-1
27586,IS1c042afb36a69a049696d,-1,-1
27587,HssseseghscBdb,-1,-1
27588,IS11dd15c000484a2f49801,-1,-1
27589,IS1010bc68c23d9bc76e917,-1,-1
27590,IS18e53b1dd1f6514ff7a5b,-1,-1
27591,IS129eb0d76093123046738,-1,-1
27592,IS163b2a8f23bbb62b05b7e,-1,-1
27593,IS1d0e6aa548549ab20c0a6,-1,-1
27594,IS130666330b83d8d0e3f59,-1,-1
27595,eTRhYDCpP9,-1,-1
27596,IS18dd0927231751561d1fe,-1,-1
27597,IS1b43ce18d720c21903cda,-1,-1
27598,IS138f1bfdd2380c06b1ee6,-1,-1
27599,IS1903de6085dc70830792a,-1,-1
27600,IS16b97e589c2cf672d5aea,-1,-1
27601,IS17ce18a19e8df6f9a4a03,-1,-1
27602,IS157334a8814d7ab736e76,-1,-1
27603,IS18410c8b3dfb3d7a568e0,-1,-1
27604,IS1b73445e638650520c9c9,-1,-1
27605,Tony Danza,-1,-1
27606,IS113526a0d9d97e1401257,-1,-1
27607,IS1bc7b5cabf9b936cf78e1,-1,-1
27608,ShinyMcShine,-1,-1
27609,IS126b8056b0c26d845dda3,-1,-1
27610,IS1f73e71db3234723c8b51,-1,-1
27611,IS1827eb39657583b4249fc,-1,-1
27612,WiiNinja,-1,-1
27613,IS10bb8868a6e7c1969a713,-1,-1
27614,Hi lm MadIife,-1,-1
27615,IS1d5eb9924a8e48cad4c32,-1,-1
27616,li kn  in in,-1,-1
27617,Blazehero,-1,-1
27618,IS1284eabdf0e7358298804,-1,-1
27619,IS1e6101eba0bb5b2cea8e9,-1,-1
27620,IS1f325ed05244eb2cd0172,-1,-1
27621,IS1f293347233352a4edf81,-1,-1
27622,IS1d8f28d53f73a2879dc3e,-1,-1
27623,ALCP,-1,-1
27624,EG Heretic,-1,-1
27625,IS191b1282955588fe864eb,-1,-1
27626,IS1e62d4d56f4e13cb50fa4,-1,-1
27627,Briandor34,-1,-1
27628,IS12774f366f5d741b8a6ad,-1,-1
27629,xaLEr,-1,-1
27630,Mr Tango,-1,-1
27631,IS19a82e5f8d20088c5afdb,-1,-1
27632,CryoByjorne,-1,-1
27633,Dwoom,-1,-1
27634,IS15823db6767a73dcdd8f6,-1,-1
27635,IS173d4ceaad3b9ef9a17de,-1,-1
27636,IS1bf6fe212e70758d0701b,-1,-1
27637,IS1a0922e374a7c9d096d28,-1,-1
27638,IS1419beff8b318ec95e40c,-1,-1
27639,IS1400ccd9b50f6f5875d27,-1,-1
27640,wew313,-1,-1
27641,IS18275655416d3ceebc18f,-1,-1
27642,ynyHrwrv9h,-1,-1
27643,IS14f1eb65caf8491effba0,-1,-1
27644,IS1c66a4c72f28e7742f27f,-1,-1
27645,IS137f437d4fc2edf35b8fb,-1,-1
27646,IS103d0e9e4bcd2370c3a6d,-1,-1
27647,IS11cab96900be63f2c7ec4,-1,-1
27648,IS1f34a3a8bb148c87cce78,-1,-1
27649,dankthesmoke,-1,-1
27650,IS1c9b1ee059630afc5a838,-1,-1
27651,IS12198fe9a16bb135f3736,-1,-1
27652,5stXrhjCRc,-1,-1
27653,IS1534a6fe310bc744b5809,-1,-1
27654,IS15e5f0d11a782da9bf045,-1,-1
27655,DaxUrso,-1,-1
27656,IS1c399ad9dee25d69700fb,-1,-1
27657,IS1f85433f0acde61ae1cc7,-1,-1
27658,IS1e9e1fa1400d527798b7c,-1,-1
27659,IS199326dfa6c1d6f887b99,-1,-1
27660,IS1b98030ed78319d60be6e,-1,-1
27661,IS1024d6704a3133c7930a8,-1,-1
27662,IS1b4702992842989431d24,-1,-1
27663,IS1a34c1e31fc0a00ff04f6,-1,-1
27664,IS17ef40a8a11afea500470,-1,-1
27665,izhumy947,-1,-1
27666,IS172b916352c8040207bd6,-1,-1
27667,IS12ccd5b3d9fca3ff04c9c,-1,-1
27668,Tigounnnet,-1,-1
27669,Loadaphile,-1,-1
27670,IS1957c0eb323df484a7d8c,-1,-1
27671,IS1a8d2c83a555d39242bb9,-1,-1
27672,Chewbacca Jazmin,-1,-1
27673,beady,-1,-1
27674,VDZzQFQmzc,-1,-1
27675,valeric,-1,-1
27676,Dotasaurus,-1,-1
27677,Z1 Order,-1,-1
27678,HelloKitty,-1,-1
27679,IS13b7a3c6bd945ec42af8e,-1,-1
27680,IS1e2490d7202500b1b9bdd,-1,-1
27681,IS194b39ac7ad3b3bda71f3,-1,-1
27682,Aperantos,-1,-1
27683,IS1bac805e5e1f4e1f9651a,-1,-1
27684,dbat,-1,-1
27685,IS1cac6478a5ad7fbf1d14c,-1,-1
27686,IS158d458f358b517f9a3e0,-1,-1
27687,IS16a4f5240dc4051c2fb85,-1,-1
27688,IS13c685c3d78efcf0bea2e,-1,-1
27689,Erethreal,-1,-1
27690,IS1818a9374f1a926e8663c,-1,-1
27691,IS1be7a7c7499bd30fe2dea,-1,-1
27692,IS130ca04da43d74d2ada6e,-1,-1
27693,IS19de6d43d6e7a6774889a,-1,-1
27694,Surgery,-1,-1
27695,Feestos,-1,-1
27696,IS1f6cdbfbd48154fc5cf34,-1,-1
27697,IS186a40e8fddb2e0aa24ae,-1,-1
27698,IS130756f59a37106b005d5,-1,-1
27699,IS1672e8a5abcc3487b37e5,-1,-1
27700,IS138aa8e97ad9937489082,-1,-1
27701,IS1b31a931eaf0ae9a738c3,-1,-1
27702,IS10a13aa4bab118835a571,-1,-1
27703,IS1b5bc2756a63747c720e9,-1,-1
27704,V9ZTrXAr6W,-1,-1
27705,IS1c5c782c0b94df8eb5ea2,-1,-1
27706,IS11d38eaba93efda9397c0,-1,-1
27707,Elivar,-1,-1
27708,IS1bba63464a2795f93a562,-1,-1
27709,IS19b4e3893d74a7da626a5,-1,-1
27710,DominoTheDefiant,-1,-1
27711,IS1cad3a6a6966ebb3add3b,-1,-1
27712,IS1e1b908c3a1ac09527804,-1,-1
27713,brutalbishop,-1,-1
27714,Lidwa,-1,-1
27715,IS17838580d82db48fb5c87,-1,-1
27716,Angelxor,-1,-1
27717,IS174354e8a23ba9551d0cc,-1,-1
27718,IS1c62600bafacfb8e15a6f,-1,-1
27719,IS110b128facd8aeb745c8b,-1,-1
27720,seebsy,-1,-1
27721,jUca,-1,-1
27722,IS10af6b5d600ab13d46366,-1,-1
27723,Warr,-1,-1
27724,Xorasaurus,-1,-1
27725,IS112a636157397f2ec5189,-1,-1
27726,Grafalck,-1,-1
27727,IS11bd83f438070a4ef7e34,-1,-1
27728,clavius,-1,-1
27729,IS1e65bcd3f2b8bcedc7277,-1,-1
27730,SofaKing,-1,-1
27731,Badllama,-1,-1
27732,IS1d6e2bd7cae3eefae4abb,-1,-1
27733,IS11e5564c57a7c904aba2e,-1,-1
27734,IS140348a2ac9abf6fc7a85,-1,-1
27735,IS1e73110ac938b682384f0,-1,-1
27736,IS12880365ad4ee57da206d,-1,-1
27737,IS1352ccea95aae83fb690f,-1,-1
27738,IS15d9b68298f34bb21a872,-1,-1
27739,IS1ecf5697603b5a58254dd,-1,-1
27740,IS1f187414344493100eb2b,-1,-1
27741,IS1911442d21b961f8df014,-1,-1
27742,IS166db8ee639797d3c38cb,-1,-1
27743,IS15f5afcaad184601f66aa,-1,-1
27744,IS1e666a91002e02a39b0eb,-1,-1
27745,IS11c3b0a87d7c85736533b,-1,-1
27746,IS1517509334eae846760a2,-1,-1
27747,pavvo,-1,-1
27748,IS11ab33f23ab5738b3faca,-1,-1
27749,IS1de408a06fe0dd40d7a40,-1,-1
27750,IS148bf93e86f57aec926af,-1,-1
27751,IS193241f6ff9b0ba8498a5,-1,-1
27752,d awd a w ds d,-1,-1
27753,Alkey,-1,-1
27754,IS186b7e6249d1b5253dc2b,-1,-1
27755,IS1b21df4c5cdfdb2125cb4,-1,-1
27756,IS1c8fedc482b0f518c36eb,-1,-1
27757,IS1a10efe543e7bba170c12,-1,-1
27758,RedYavand,-1,-1
27759,IS1f1c892d8e3a56261d078,-1,-1
27760,Stp6cIOjY9,-1,-1
27761,IS17a95b93365c0dbcf48b1,-1,-1
27762,IS1918a677906afc9bdc1d7,-1,-1
27763,IS16139a9bd8386c,-1,-1
27764,IS16731cb32c7f76c3f4954,-1,-1
27765,IS149a89e4cb0cfddc81082,-1,-1
27766,xGeohound,-1,-1
27767,IS14485adc266e224d77b0f,-1,-1
27768,Smituga,-1,-1
27769,Piyrez,-1,-1
27770,IS1102e07a6c8c7333b685d,-1,-1
27771,IS12746b8ef049c9841643a,-1,-1
27772,IS1417dd5ee86e141fc2233,-1,-1
27773,IS16d5100957505b28a45b8,-1,-1
27774,GVAKZVSB1,-1,-1
27775,IS188859c6876f326d19f65,-1,-1
27776,IS1bd863982be2adea39e4c,-1,-1
27777,IS1283fb7739acf854fef05,-1,-1
27778,HYPzQxALvf,-1,-1
27779,Shurimaaaaaaaaaa,-1,-1
27780,IS1bb4bbd7ff64507e8f1e8,-1,-1
27781,IS116a819f61e78392e3d6d,-1,-1
27782,IS1de8ba6e1999713f29f4c,-1,-1
27783,IS1ddaa12b4c873fd4e546e,-1,-1
27784,IS1557a0f3e4370d3ae2073,-1,-1
27785,Nubtrocity,-1,-1
27786,IS1f0f4192c8c12b7a55dee,-1,-1
27787,IS1f3811c62a7864f45d06b,-1,-1
27788,IS13848cb0cb5db5ecbccdf,-1,-1
27789,IS18bc3618fd7642adab7a8,-1,-1
27790,IS1ade937afa0bdf2ea0844,-1,-1
27791,BB Hand,-1,-1
27792,IS1456d4cd42e0c89e99c83,-1,-1
27793,ISTSCXC,-1,-1
27794,Llum,-1,-1
27795,IS1c1115614365d8e20f10c,-1,-1
27796,IS1b22075db0cf92761830e,-1,-1
27797,IS151ec87204ddc1329e2eb,-1,-1
27798,IS13762b0b5e208041dd613,-1,-1
27799,IS1a5333cdcd0b700790f8b,-1,-1
27800,MacDizzle,-1,-1
27801,IS11de47194bcc16e578f02,-1,-1
27802,IS165e19c2799b9b529c82e,-1,-1
27803,ChicoBuarque,-1,-1
27804,IS1e96652259468415d4f77,-1,-1
27805,IS13af33775777b5183603b,-1,-1
27806,IS1f9b106575da9bb5f15a6,-1,-1
27807,Krittty,-1,-1
27808,IS1c57b8a91c3022d460c55,-1,-1
27809,IS1947a1aeead6447a922a6,-1,-1
27810,IS1c06737f091776b2e5462,-1,-1
27811,Sauropods,-1,-1
27812,Puhhy,-1,-1
27813,IS190cf01368d83dbfe9906,-1,-1
27814,RyudoBlaze,-1,-1
27815,Sir Shinanigans,-1,-1
27816,Trojka,-1,-1
27817,IS1c6706644ce234fc5ee1c,-1,-1
27818,ForSakenMe,-1,-1
27819,IS110f560d696ca955e9e03,-1,-1
27820,IS173a3e43c8699766169ee,-1,-1
27821,IS13f86b9b6d4cda87a4f57,-1,-1
27822,IS16d627bfa4143310b3452,-1,-1
27823,IS16c97fa4afe09d24caba8,-1,-1
27824,IS1064b50a0f9eade0fde49,-1,-1
27825,IS1e464da11645ecc25bc28,-1,-1
27826,IS1f80f59b7d826c6c2d43d,-1,-1
27827,Yd5ELBssSo,-1,-1
27828,IS16e113596ba843f3a3e93,-1,-1
27829,Wagnard,-1,-1
27830,IS191e7a6cd723c2ec6063e,-1,-1
27831,IS19dcfc08b0b18ad8a93a5,-1,-1
27832,IS1b7a6876e7153d53298f1,-1,-1
27833,Ronaroa,-1,-1
27834,IS13ead1a2435ec19c04bab,-1,-1
27835,IS10bb5339e0bc688966e9b,-1,-1
27836,IS18470d1b47642c872a2a1,-1,-1
27837,Doomhunta,-1,-1
27838,IS1d80d56b6dc22a9f4ab31,-1,-1
27839,Jpj2wG6c3E,-1,-1
27840,agentbilly,-1,-1
27841,IS11324ef7b29d63926de7e,-1,-1
27842,IS1c9a852dba3dd5370e0c4,-1,-1
27843,AnimeGamer,-1,-1
27844,IS1393277f971aeb297e2ef,-1,-1
27845,Spirakherit,-1,-1
27846,Brsscecswpcds,-1,-1
27847,Claxxess,-1,-1
27848,YjF6u9xt2B,-1,-1
27849,Zenodotus,-1,-1
27850,geogerf,-1,-1
27851,IS1c9b2e86172c3cfdbecc1,-1,-1
27852,IS10d025fe0b2e8cd776699,-1,-1
27853,IS159928f3e93a2d4f8b2ef,-1,-1
27854,QmTSRUPIr1,-1,-1
27855,IS19e20a8097cfdba95f311,-1,-1
27856,IS110225fd55b419d4c855e,-1,-1
27857,Luffy99,-1,-1
27858,IS1bbf265e17d1a3cb14b91,-1,-1
27859,IS15473b22386fd9f0632b1,-1,-1
27860,IS12305a56af86e552e47d5,-1,-1
27861,IS197d8545941c662c2a3a6,-1,-1
27862,azianpinoy,-1,-1
27863,IS1fe2501a08c50e7b72d36,-1,-1
27864,trantor,-1,-1
27865,Thanter,-1,-1
27866,IS1e6d2cd70a2ccc6130d1f,-1,-1
27867,Daeday,-1,-1
27868,IS13137b2777551335631ed,-1,-1
27869,IS158ad2c5d4286fc22980d,-1,-1
27870,IS129b93d95baf171634582,-1,-1
27871,Lord Patheos,-1,-1
27872,OOMoe,-1,-1
27873,IS1636e7cf2190a36677f98,-1,-1
27874,IS1b9c194e4b1a0f7326cdc,-1,-1
27875,IS1d441213b8a7f67e9aafd,-1,-1
27876,Einhander,-1,-1
27877,IS10f3d466927b558ba83ac,-1,-1
27878,IS10155dd3f0d107c9794a9,-1,-1
27879,LeDruida,-1,-1
27880,IS153cc3d07ee109c602083,-1,-1
27881,IS1288a148d2c3431b6692b,-1,-1
27882,IS18439ef6fc58a0b8f2a00,-1,-1
27883,GoldEagle,-1,-1
27884,Corpsified,-1,-1
27885,Kirapanda,-1,-1
27886,IS1919e2b30ae6fbedf9a32,-1,-1
27887,IS112c843c1bdfb0935c9a6,-1,-1
27888,Matingcall,-1,-1
27889,IS1ad574f452f293607041f,-1,-1
27890,IS166c2a880e6d7cb4a045a,-1,-1
27891,IS11d37a37bdfe5a1fecfba,-1,-1
27892,Zacsi,-1,-1
27893,IS1bd618aca7cfd08cd1aa8,-1,-1
27894,Scotty,-1,-1
27895,IS173607a3219fb5ba42e51,-1,-1
27896,IS1fc38b8d7be268b2b1dca,-1,-1
27897,IS15d25095a46fdda893cfa,-1,-1
27898,aelcoaKea,-1,-1
27899,IS183458fb6896609ea749e,-1,-1
27900,IS1a18b0d727b0cd8aff97c,-1,-1
27901,SirZap,-1,-1
27902,duffmobile,-1,-1
27903,IS15883ad7b020fdb42b250,-1,-1
27904,IS1b1b6d46717e726cac367,-1,-1
27905,Metallis,-1,-1
27906,IS1673be2bb086b021d2ba5,-1,-1
27907,IS115ea0930e355f452de8d,-1,-1
27908,IS1b06f43e79df86233e49c,-1,-1
27909,BentoBento,-1,-1
27910,IS1780ca1aa5dcbb4474e36,-1,-1
27911,IS166c87d55be2372632892,-1,-1
27912,IS14765132f4425191d1715,-1,-1
27913,IS18eb65f33ef15f9802a0b,-1,-1
27914,IS17278b2aeb7008506a6f2,-1,-1
27915,IS1e40086885257076ede3f,-1,-1
27916,IS10a2593faef99048a2c86,-1,-1
27917,Marutei,-1,-1
27918,IS11d7e1be45b44f8bba68e,-1,-1
27919,IS18d563aba2fa39bc65169,-1,-1
27920,TinyFlash1in,-1,-1
27921,IS126a6e4bb066bb2d30d39,-1,-1
27922,Elvandar,-1,-1
27923,BQOmMO718R,-1,-1
27924,IS197c242ac7d93b9fc7254,-1,-1
27925,IS1378bae9128f1cb3a59f8,-1,-1
27926,IS1feff1baef7286b95fe0e,-1,-1
27927,IS11b0ea6a589ee86028c1f,-1,-1
27928,IS1f0935fd159ccfe19345d,-1,-1
27929,IS19e27d921fa324d93e9dd,-1,-1
27930,IS12c70c027007f0e78eaf2,-1,-1
27931,IS12f4667f334b1f8853370,-1,-1
27932,IS11647f19545c0fe8e78ab,-1,-1
27933,IS1472d0f4f5b00facfd2e1,-1,-1
27934,IS106f67b1d40af656e4f5c,-1,-1
27935,Ganuvod,-1,-1
27936,IS1be880672f123d4b3dcfe,-1,-1
27937,IS1b939892e5b18bc6369b1,-1,-1
27938,IS11ff58e5f7fddfdb91679,-1,-1
27939,IS1359dac66324e418e8e62,-1,-1
27940,IS1734ee9cfb1d0bd72cb06,-1,-1
27941,IS12b3d3a1aa9343dbb994b,-1,-1
27942,IS11f87553c5d9f1046a84f,-1,-1
27943,IS14774dd294d6dc12ae201,-1,-1
27944,Mantera,-1,-1
27945,IS1fe28067bb0eba9ae409a,-1,-1
27946,Joesureshot,-1,-1
27947,IS11007c3c81a67a1dd4294,-1,-1
27948,erubeswagos,-1,-1
27949,IS1573a4dd241b0476c7910,-1,-1
27950,IS148023c466411a35b6c62,-1,-1
27951,TeranD,-1,-1
27952,IS14c3252b06e7ed387eb90,-1,-1
27953,IS155390c5cb9831685d6a0,-1,-1
27954,Fargora,-1,-1
27955,IS13829bb65aab0262e463b,-1,-1
27956,IS12a2650a129d7fa060bb4,-1,-1
27957,IS104789c85afa0a8b3f7b3,-1,-1
27958,IS1d97fcdb53af60cbe1f53,-1,-1
27959,aw3stuff,-1,-1
27960,IS16bb6aa6fc92d257505ab,-1,-1
27961,PVvrQZi72u,-1,-1
27962,IS1703ed33b3f05ddd2690a,-1,-1
27963,Artaq,-1,-1
27964,IS130d9df7528a7a7af9315,-1,-1
27965,chopster,-1,-1
27966,IS1d2660bbdc0f22d141ab8,-1,-1
27967,IS1ab06af83bde59115dd4b,-1,-1
27968,IS1246841d5b95592cb1218,-1,-1
27969,IS1d58f69d8505479da0d6e,-1,-1
27970,IS174e7cfd04c36d6bb6442,-1,-1
27971,IS194074d4ce2e7b748a206,-1,-1
27972,IS1449d276e802d78edfd87,-1,-1
27973,Pantsmagic,-1,-1
27974,Mistleto,-1,-1
27975,Captain Scro,-1,-1
27976,Ljay,-1,-1
27977,IS15125bd097efba25a803b,-1,-1
27978,IS12f2bee63f39b95a52ff1,-1,-1
27979,IS1041efd354bc550f76482,-1,-1
27980,Me Myself and 1,-1,-1
27981,KryaX07,-1,-1
27982,IS1c5892184bdf6ba9580ce,-1,-1
27983,IS181a6b5dac8a2966178ea,-1,-1
27984,tenZZtX2Cr,-1,-1
27985,IS1b3f37634445bd1317047,-1,-1
27986,IS16a04a9212d5456462a55,-1,-1
27987,IS1f3b24f6fe9e700d86a91,-1,-1
27988,IS14e5ac44b01592b12a0ad,-1,-1
27989,IS1fe2e2d6015ff68ee7072,-1,-1
27990,IS18e298f803b71ac4de06a,-1,-1
27991,IS108707a723b56062a502f,-1,-1
27992,IS16fe8a90666101fff1bf0,-1,-1
27993,IS113125418321ef002f24d,-1,-1
27994,IS1d8b4ed094c76f77ed049,-1,-1
27995,Galnegunnar,-1,-1
27996,Gm7PL5mYah,-1,-1
27997,IS1a4f70ef06157c549dbcb,-1,-1
27998,IS189a4ef831f12f47d1d26,-1,-1
27999,IS1ccf6f0f80f7d6a540928,-1,-1
