29000,Ijseemsese,-1,-1
29001,IS1c8712c2d06e31a05702b,-1,-1
29002,TGlucose,-1,-1
29003,IS1effc90f8e7d0e2581aff,-1,-1
29004,IS1754a534e9ff97728a32f,-1,-1
29005,IS1c0d1f0e86ae3b5aed870,-1,-1
29006,SpiritHanyou,-1,-1
29007,Planl0s,-1,-1
29008,IS15913a8338992ec6b7e72,-1,-1
29009,IS1d02e196ebcab34cfbffb,-1,-1
29010,IS1048a7d49aa0b20e2bff1,-1,-1
29011,8LfIcMaOPD,-1,-1
29012,IS1f22ae3bd5056dfedfd56,-1,-1
29013,IS1ca785116600afd44ce7e,-1,-1
29014,IS1a33fe1be826c0c897889,-1,-1
29015,IS1956e5a0382824f85c96a,-1,-1
29016,bMoFaMNXBU,-1,-1
29017,IS1a2d2af63f4c5567e7244,-1,-1
29018,August27,-1,-1
29019,q2t1QO4hCF,-1,-1
29020,IS1c9fd54fba7f63d556f3e,-1,-1
29021,IS1fa4f6e894ed5b631d445,-1,-1
29022,IS1b29bd7492717ccb0642c,-1,-1
29023,Malisbad,-1,-1
29024,IS1eb93fb854958a5f93d1f,-1,-1
29025,IS19c863ba65467986739c7,-1,-1
29026,IS1b05d33cd59e756e3ae6c,-1,-1
29027,IS10cdd76bc7d8e55ff307d,-1,-1
29028,Dimanax,-1,-1
29029,bribeiro,-1,-1
29030,IS11655ff8e14e18c74b879,-1,-1
29031,Drunk Irishman11,-1,-1
29032,RapDoug,-1,-1
29033,IS16b7d269793a6f40d1961,-1,-1
29034,BMVUiP7XLP,-1,-1
29035,IS15e97c9ac263991fe57cc,-1,-1
29036,IS164f5cd063e1f02371910,-1,-1
29037,IS10e4bdefe6e0f1636eea2,-1,-1
29038,IS140a30a353fa9ae7769ad,-1,-1
29039,Jaegarsoldat,-1,-1
29040,Mellyn,-1,-1
29041,Basso0,-1,-1
29042,IS191ad1c5c5f4888f39cbb,-1,-1
29043,DgbqVPYrIo,-1,-1
29044,IS19feead800375f0e96b04,-1,-1
29045,Parzy,-1,-1
29046,JustinSroufe,-1,-1
29047,IS11e3635a98cc062b602f6,-1,-1
29048,Wizzeg,-1,-1
29049,IS1b6569480940d2c1fde3d,-1,-1
29050,sdw dqw dqw dqw,-1,-1
29051,IS1ffd0f78dc0f561c25887,-1,-1
29052,tehgoody,-1,-1
29053,IS1118ba50b9ba0e49f5cdc,-1,-1
29054,IS19bd9afb50cda8643922d,-1,-1
29055,IS1e24a2ecb59dda7126dd8,-1,-1
29056,Rydiah,-1,-1
29057,lolmouse,-1,-1
29058,Gerjay,-1,-1
29059,IS150fa29788a3933b1619d,-1,-1
29060,Jazzer,-1,-1
29061,IS1e05e819b08eb4deecf01,-1,-1
29062,IS1d62423a27511b3dce122,-1,-1
29063,IS1950c927824118a3a42b3,-1,-1
29064,IS1da42ecaf1ed523ee083c,-1,-1
29065,IS156d065589ec818bda84c,-1,-1
29066,IS1ad0697d2d9b76470e234,-1,-1
29067,Geonis,-1,-1
29068,IS1fb6ee4ee1d8cb7a0b085,-1,-1
29069,IS1d3314c1d4cbd433b632b,-1,-1
29070,Dael,-1,-1
29071,IS1b1793b8a23d51e19ef15,-1,-1
29072,IS190dc8bde85374a049f63,-1,-1
29073,IS1517f2d701ebf845fdae4,-1,-1
29074,IS174724559c34666f5830f,-1,-1
29075,IS116645245e837c04682f8,-1,-1
29076,BillyBarbara,-1,-1
29077,IS13a206e18264d18eb3bb0,-1,-1
29078,IS161f951e614e15fd5994b,-1,-1
29079,IS114e291c13c1024c56a9b,-1,-1
29080,IS1ee1c00c5703f21b6cf18,-1,-1
29081,nephius,-1,-1
29082,IS1886ad84cc1f665dec086,-1,-1
29083,IS17ecdd80a84b2973a9b08,-1,-1
29084,IS18b1627bbe55eab85cd78,-1,-1
29085,IS16961572df916205f2eaf,-1,-1
29086,Kelazzhur,-1,-1
29087,IS17db8f496b4aea7d399f1,-1,-1
29088,IS174772922265c43df1a6e,-1,-1
29089,IS1482e2cdf59d6a1885d73,-1,-1
29090,HexplosiveZigg,-1,-1
29091,Ibuni,-1,-1
29092,Anneveld,-1,-1
29093,IS1f1dcd5c746974baf1060,-1,-1
29094,8IWJcgOess,-1,-1
29095,IS1758c4007c91144c3fb6a,-1,-1
29096,IS13dcbfb5684c662fd25ff,-1,-1
29097,IS1f1f994081bd5a4ab7817,-1,-1
29098,Sulfur323,-1,-1
29099,IS19c61b8c40338a7fa3b56,-1,-1
29100,IS1d5e2c595cbbf45c5cc78,-1,-1
29101,IS15107f5088e2c93ed743e,-1,-1
29102,sungkwon,-1,-1
29103,Mefron,-1,-1
29104,MealonX,-1,-1
29105,Rohan,-1,-1
29106,IS1bda178107489b9f54eb7,-1,-1
29107,HugeHen,-1,-1
29108,IS18272240aeed482095bae,-1,-1
29109,Xulkal,-1,-1
29110,IS1aa796ef05b887d97a891,-1,-1
29111,IS10d724c8a8400350276ed,-1,-1
29112,JDiggity21,-1,-1
29113,Los Pitufos,-1,-1
29114,anthrae,-1,-1
29115,NukixP,-1,-1
29116,IS1e96f24fe2cab11a18fc2,-1,-1
29117,IS1cc938abc806992026a19,-1,-1
29118,IS1216eeaf1946a803a7d5e,-1,-1
29119,Vik1ng,-1,-1
29120,IS14f2feb8e226f3d46876d,-1,-1
29121,SilentPeeMan,-1,-1
29122,Borak,-1,-1
29123,Z1 Pew,-1,-1
29124,IS1b8887db5645e46429ac4,-1,-1
29125,Kenshinl,-1,-1
29126,IS15d6c1f699e15a2691de8,-1,-1
29127,LKorBHojTS,-1,-1
29128,IS1de40d754ee728086e4dc,-1,-1
29129,IS13947f12d2e94d9630c6e,-1,-1
29130,IS1d12303960b223fb15e66,-1,-1
29131,PU4CG60o9u,-1,-1
29132,Brute,-1,-1
29133,IS11aeb261aa376df54f44d,-1,-1
29134,IS1828e911b47c0f2525161,-1,-1
29135,Jagos,-1,-1
29136,Big Nig Tough Stuff,-1,-1
29137,IS14e1226adb7da772bd372,-1,-1
29138,IS1afa92380905d9b99281b,-1,-1
29139,WandererGalv,-1,-1
29140,IS1dbdf27697fadd7ff14cc,-1,-1
29141,IS18578736796c743e17d27,-1,-1
29142,IS12df267d7e97eed9cc5b8,-1,-1
29143,IS1129b71419171602664ff,-1,-1
29144,IS101f08c49b55f78b4ac32,-1,-1
29145,Nimenoz,-1,-1
29146,wfiHxOnzNO,-1,-1
29147,IS10f5fd374ee98bd052ce7,-1,-1
29148,kuqQ0z6azC,-1,-1
29149,HosTage,-1,-1
29150,BigBlueBear,-1,-1
29151,Ranhansha,-1,-1
29152,IS1d0bc3f0465f0ff1ff653,-1,-1
29153,GamePack,-1,-1
29154,IS1ba8d6498247338ccb9e5,-1,-1
29155,IS1d3a7ac13ba69ce65434d,-1,-1
29156,Drak3nGun,-1,-1
29157,RighteousBob,-1,-1
29158,KnightLeon,-1,-1
29159,ZuesWillis,-1,-1
29160,IS175d5d19959a0fcebf123,-1,-1
29161,1eBdOP6fEv,-1,-1
29162,IS11a9694fc9efcdb1133db,-1,-1
29163,IS1e118107df1a54e5cb125,-1,-1
29164,IS11bfdd870fc3ed6292b1b,-1,-1
29165,IS1c85e66e15864e31174fe,-1,-1
29166,IS151433fdc45e523f90ff7,-1,-1
29167,IS1e7cd2d14d4da82e54feb,-1,-1
29168,IS1eee94d6f3a7df9ed85b1,-1,-1
29169,IS1e04fc109109fba92a7b0,-1,-1
29170,IS13288159fcd9af5277e3d,-1,-1
29171,IS1e866aac9b2bf95ed42d9,-1,-1
29172,IS14f50bd9da905c689bae7,-1,-1
29173,MrMcDefault,-1,-1
29174,5tion,-1,-1
29175,The Rulemaster,-1,-1
29176,IS10398e10c9466ef495b89,-1,-1
29177,Sanguinn,-1,-1
29178,IS152b3f2925ab248cdaef8,-1,-1
29179,IS157e1e1e1df7a2d80706a,-1,-1
29180,DirtyDragon,-1,-1
29181,Athifos,-1,-1
29182,Hellcannon,-1,-1
29183,IS1df06b7acf81405583cb6,-1,-1
29184,IS1629df4a4badaaef78f6c,-1,-1
29185,IS12e9930b00c967e64747e,-1,-1
29186,IS17309099b7a561b605e9e,-1,-1
29187,snowblind,-1,-1
29188,SU5xBTxSkw,-1,-1
29189,IS191fec95487293bbed704,-1,-1
29190,Kelmain,-1,-1
29191,IS16ac6cb10eded0ff9ef7b,-1,-1
29192,IS1bfece69231fbe32278a9,-1,-1
29193,Viyeunenkill,-1,-1
29194,Benedict,-1,-1
29195,GSaks3dW5r,-1,-1
29196,Ton1c,-1,-1
29197,lognarazul,-1,-1
29198,IS19beffdd8b37311204fc9,-1,-1
29199,KyKeoDSOsf,-1,-1
29200,Lhoigor,-1,-1
29201,IS1167c263fa777644370aa,-1,-1
29202,IS1a2d8514221428c6760ef,-1,-1
29203,IS15bee6936a5bcb383edc6,-1,-1
29204,IS1ef0f811078b484fd8530,-1,-1
29205,WhenIamGod,-1,-1
29206,IS104cef39f1aadd7b09d79,-1,-1
29207,Kroxy,-1,-1
29208,cowsofdoom,-1,-1
29209,IS194d9d76d1d0313c00873,-1,-1
29210,IS19dd38f4b45743fddc7ee,-1,-1
29211,IS10e2f6451bba7aa5cfb64,-1,-1
29212,IS12da66ca3b5d0c2d23069,-1,-1
29213,IS18029a86d27e74d140539,-1,-1
29214,IS1cbc9bb75228deddd9379,-1,-1
29215,IS1fa5feb1f70484171a7a9,-1,-1
29216,IS13d1f9a2144071eaf34d9,-1,-1
29217,Irobeth,-1,-1
29218,Papi Charly,-1,-1
29219,IS12c9ca2a4602cb4718f52,-1,-1
29220,JointyMcWeed,-1,-1
29221,Enixium,-1,-1
29222,IS143ab7f05335134909435,-1,-1
29223,IS16c898f73e9dfc6fa3794,-1,-1
29224,IS15a980d004d35ee664e97,-1,-1
29225,Sheepish,-1,-1
29226,IS11a20de804d2f8b8f8cad,-1,-1
29227,Superlapin,-1,-1
29228,planetkeeper,-1,-1
29229,Semaphor,-1,-1
29230,IS1c1b27fe544687d823bac,-1,-1
29231,envy626,-1,-1
29232,IS103a14523470c72264e09,-1,-1
29233,Treedog,-1,-1
29234,IS19329bbf97a9256104e4f,-1,-1
29235,HardSheep,-1,-1
29236,Azrilon,-1,-1
29237,IS1accf77475c575b178460,-1,-1
29238,IS12c257f35814beca57353,-1,-1
29239,Evilmon,-1,-1
29240,AttentionDeficit,-1,-1
29241,Cooties,-1,-1
29242,IS14791a7c4c9bd5351a2cf,-1,-1
29243,IS193192cb34e27b607e4f2,-1,-1
29244,Fishy,-1,-1
29245,GHzGqd7BuE,-1,-1
29246,IS1080ba5cebe43bea3bd15,-1,-1
29247,Bordy,-1,-1
29248,IS1978b63987f6695718b48,-1,-1
29249,IS102e0a1806f17f6c51e43,-1,-1
29250,IS1969fc058178b44f2f054,-1,-1
29251,chem4life,-1,-1
29252,Mallahet,-1,-1
29253,IS11a69007162b6219ea4c6,-1,-1
29254,IS150eab08bcfe770eaf98e,-1,-1
29255,IS189444149f4f226868fd5,-1,-1
29256,rrspjames,-1,-1
29257,IS1caf60d28b852556d52fd,-1,-1
29258,GDBNuke,-1,-1
29259,Hazzy,-1,-1
29260,Virtuearl,-1,-1
29261,IS12cc0af61cb2016aa1592,-1,-1
29262,Mutato,-1,-1
29263,IS1295c5a2e786a50c2e37e,-1,-1
29264,IS1f930701eefe83099d39a,-1,-1
29265,IS176375ab3a90f8b89b696,-1,-1
29266,IS13913a50bdcac419fe7a9,-1,-1
29267,Mogunz,-1,-1
29268,brantris,-1,-1
29269,IS139cc0a0226aeb635d6dd,-1,-1
29270,IS1507f79f8a7b192880778,-1,-1
29271,4Leks,-1,-1
29272,IS1617fa7148321b3c0c3c9,-1,-1
29273,IS13ac74d5255fa9097f3a9,-1,-1
29274,TheRowan,-1,-1
29275,IS1e4a231f083365f04e08f,-1,-1
29276,ChiRomo,-1,-1
29277,Dopey,-1,-1
29278,IS14dd0192d219f8be3be51,-1,-1
29279,IS15bab53e733ce5d5519f7,-1,-1
29280,IS1fddbae6b05020b195b07,-1,-1
29281,IS1fc0cdab5f65d721f2ee0,-1,-1
29282,naiger,-1,-1
29283,IS13442cdfb5dc8229dfe39,-1,-1
29284,IS1c1a6473ac648be9c4247,-1,-1
29285,IS17987a2ca409bbbfcc425,-1,-1
29286,Riot Calad,-1,-1
29287,IS1f34a1081986fb2ecf895,-1,-1
29288,IS10a52a8e3df82af428e27,-1,-1
29289,IS1070f4beb3e3335efcb27,-1,-1
29290,IS15133fdd9dbd917810547,-1,-1
29291,IS13cc5d56f5481d543b67d,-1,-1
29292,IS1239ad74f90306daae0ad,-1,-1
29293,IS17143d257c8402026e81b,-1,-1
29294,Sir Shylock,-1,-1
29295,Sid3x,-1,-1
29296,Wychwethyl,-1,-1
29297,Drlol,-1,-1
29298,IS126428ce2f4b0c9496fad,-1,-1
29299,Azeizall,-1,-1
29300,Demarlow,-1,-1
29301,IS1f849cfded441f0a38332,-1,-1
29302,9L7evYrwvR,-1,-1
29303,sddghcdssbel,-1,-1
29304,ChessBoardPawn,-1,-1
29305,IS17e5490900478a8fb77f9,-1,-1
29306,IS1d4dafe14bc929d5c2808,-1,-1
29307,rooster87654,-1,-1
29308,IS1bbda34ec0d063f11c699,-1,-1
29309,IS1bf8dca4e120157fab408,-1,-1
29310,IS139aee2714e7734c344cc,-1,-1
29311,A D R E N A L I Z E D,-1,-1
29312,captnmo,-1,-1
29313,IS1cffcce901353f9025c54,-1,-1
29314,IS18df938e896c598b30727,-1,-1
29315,QJVKLUXD1,-1,-1
29316,1nk6CLwcs0,-1,-1
29317,IS199ed20c99d2a2502c7b9,-1,-1
29318,IS198236fcc72f4b462f277,-1,-1
29319,IS1de758686c2635893ca0a,-1,-1
29320,Powergrip,-1,-1
29321,IS16ba8bf731a62eb9156af,-1,-1
29322,h0bb1t,-1,-1
29323,IS120a4e05a9b3ee8b1d9ec,-1,-1
29324,IS18ea843d71d30b766a2b0,-1,-1
29325,scraped,-1,-1
29326,IS1aa6082d480f1214c2ad2,-1,-1
29327,SuperRaton,-1,-1
29328,Reimer17,-1,-1
29329,Henreezy,-1,-1
29330,Dynn Chaotica,-1,-1
29331,IS12b5e1635fb338d152a4e,-1,-1
29332,xzavius,-1,-1
29333,IS1a122d5ef6ececa6d0bd4,-1,-1
29334,IS18c10a0e581f44c0627e9,-1,-1
29335,IS1f4803adc665552a3c95e,-1,-1
29336,IS1dc8f47cace725976a26a,-1,-1
29337,Dik Dak,-1,-1
29338,Arkanoid2520,-1,-1
29339,King Corvus,-1,-1
29340,IS1241eb7d1f601f058679b,-1,-1
29341,Franzuu,-1,-1
29342,Dreaming Habits,-1,-1
29343,IS13e5d6e4137df1af36760,-1,-1
29344,Flog Gnaw,-1,-1
29345,ZuMOYreOEf,-1,-1
29346,IS10c330f360b2a5a52992a,-1,-1
29347,Bowflexin,-1,-1
29348,IS150b824bbd20d352cbff4,-1,-1
29349,IS17cb7b3900d0959d23e40,-1,-1
29350,CxCKayell,-1,-1
29351,IS15898b0edab21c1b18ebd,-1,-1
29352,IS10b080e6bd19c10331244,-1,-1
29353,IS11575eb00e70075b5d1de,-1,-1
29354,IS176a9d94bd4f0add6dd5d,-1,-1
29355,IS1f7f56d1995e3e4bf8f8e,-1,-1
29356,Nereid,-1,-1
29357,Cog Ender,-1,-1
29358,IS1271e936cbb5745cb5f83,-1,-1
29359,Jecht,-1,-1
29360,qshfa832iv,-1,-1
29361,SpamsLaugh,-1,-1
29362,Lunasea,-1,-1
29363,tehGoslar,-1,-1
29364,HorseHung,-1,-1
29365,yohanio,-1,-1
29366,IS10f399c78c557b4899a58,-1,-1
29367,IS13629e1d02cc8a37bceb7,-1,-1
29368,IS15f5bd392ab8f9fc72fb8,-1,-1
29369,IS13c9c77404e31c6f25c55,-1,-1
29370,IS11f1f6cd49a76f3acc6fa,-1,-1
29371,Heyren,-1,-1
29372,IS19bbbc1d392d52fa333e6,-1,-1
29373,TRsfaNGPwp,-1,-1
29374,IS14ae1750f4010be7b87ec,-1,-1
29375,IS1c49a86c36dcc39ff7e92,-1,-1
29376,IS1f41544067ac9492a39ff,-1,-1
29377,IS13d121f1a0e4729ff6a08,-1,-1
29378,Schmodude,-1,-1
29379,JmGSS,-1,-1
29380,DivineLiar,-1,-1
29381,HugowReis,-1,-1
29382,Kidz Heart,-1,-1
29383,IS146fe81658c708ca68c61,-1,-1
29384,Neoroshi,-1,-1
29385,IS1d1ea44a8588c7bc4a016,-1,-1
29386,fotis12,-1,-1
29387,IS15e5368cfe9ad4048eeea,-1,-1
29388,mondopenguin,-1,-1
29389,Chaosmonkey,-1,-1
29390,IS1a0a289d3b4075901d298,-1,-1
29391,Ferdan,-1,-1
29392,ickabah,-1,-1
29393,IS1d89e526991b282388e5a,-1,-1
29394,IS1f7693950b8a7f2e66699,-1,-1
29395,Hadooken,-1,-1
29396,Hiddenxdragon,-1,-1
29397,Rëgnum Dei,-1,-1
29398,X84l89KQ9L,-1,-1
29399,Nabawe,-1,-1
29400,Slinger11,-1,-1
29401,cheshirebat,-1,-1
29402,IS1b2000d3f83cfb75cdb47,-1,-1
29403,AgroMeister,-1,-1
29404,IS1d4b155b3d2b18304b7ed,-1,-1
29405,Toklin,-1,-1
29406,Bait,-1,-1
29407,IS1ea60cec264b23ad4d34a,-1,-1
29408,IS1b24676ff61d9b59c10a0,-1,-1
29409,IS1652ed35b0554cb7f62f2,-1,-1
29410,IS14b31b1e4edbaa79bf6ca,-1,-1
29411,hydrafall,-1,-1
29412,IS138733b81d7745499dd4b,-1,-1
29413,habanero,-1,-1
29414,kidcomplex,-1,-1
29415,IS1b18a25a4a3cb5cae6bb5,-1,-1
29416,AC1gn78eRg,-1,-1
29417,IS14a12f3e8340a2b679567,-1,-1
29418,YPdgZVBqKy,-1,-1
29419,IS13964777aeaeb47124a7f,-1,-1
29420,Narigaum,-1,-1
29421,IS19a8c1124eb992bae98f9,-1,-1
29422,IS1aea6758580944fd40b5d,-1,-1
29423,IS19b699e77de6ad8bb0001,-1,-1
29424,The Clumsy Ninja,-1,-1
29425,IS1334fa8ce36cc20f5480d,-1,-1
29426,IS1c42f729a1ff2ac219b5a,-1,-1
29427,IS1a3b14820069536bcaf38,-1,-1
29428,IS1a9f4cc9276c307397c6d,-1,-1
29429,Kaeldor,-1,-1
29430,29430_DEL,-1,-1
29431,CHVRCHH,-1,-1
29432,Hiroku,-1,-1
29433,IS1ed47bec025ca88301b3f,-1,-1
29434,Orchix,-1,-1
29435,ItsThatTeemoGuy,-1,-1
29436,Bayleaph,-1,-1
29437,IS1de5cbd98c2f68461a27b,-1,-1
29438,CanadianBeaver,-1,-1
29439,Xeiphyer,-1,-1
29440,Balorlord,-1,-1
29441,Solo Mid Nasus,-1,-1
29442,IS1d0c47cf772bd1942a5af,-1,-1
29443,islesofurth,-1,-1
29444,IS1880f27c0b5b69756e749,-1,-1
29445,IS146c81f650fc5a6136d2e,-1,-1
29446,shockolatte,-1,-1
29447,IS166275cb9995123834c72,-1,-1
29448,HalloffameJoKer,-1,-1
29449,Jabroney,-1,-1
29450,IS106c6737e4ac25603c02a,-1,-1
29451,Keronin,-1,-1
29452,IS109743d8d3ead1e63423d,-1,-1
29453,IS1c27ed798151c4a0741bc,-1,-1
29454,Circumstance,-1,-1
29455,IS136037481546bf5543536,-1,-1
29456,7OoxUyxba1,-1,-1
29457,XbnRlUByKr,-1,-1
29458,IS1bc455488ad906feaf213,-1,-1
29459,IS1508c892c4dfe0abdf27e,-1,-1
29460,IS1db219783a71ed8225336,-1,-1
29461,tasoli,-1,-1
29462,joker br,-1,-1
29463,Nile,-1,-1
29464,Zerthai,-1,-1
29465,IS1c6bd953a5c27a5ca9258,-1,-1
29466,Ashavir,-1,-1
29467,Krald,-1,-1
29468,Jordxn,-1,-1
29469,IS1bfa813e0865ba0a4103a,-1,-1
29470,IS1fb745f5a2fccc8f1393f,-1,-1
29471,IS1936cb58c8f7ff4e3976a,-1,-1
29472,IS1de79052d4dd683573113,-1,-1
29473,Aits,-1,-1
29474,IS14cfcf41ba6dd986d1c09,-1,-1
29475,BananaHammuk,-1,-1
29476,FF Deekster,-1,-1
29477,IS1f244f1eb7e01c2231d38,-1,-1
29478,Dreyu,-1,-1
29479,IS144f55ccc88f0b760ad11,-1,-1
29480,JinxSC,-1,-1
29481,IS1801fa8bed40ce44b9a89,-1,-1
29482,IS1c6959188a848c2c64a94,-1,-1
29483,IS1800076afc2ea0fe16305,-1,-1
29484,IS15f5bca5c9794e8c44ffc,-1,-1
29485,Powar,-1,-1
29486,Swervinmonks,-1,-1
29487,Heffrey,-1,-1
29488,Charlie47,-1,-1
29489,IS14120c225e2e80b60d0fe,-1,-1
29490,IS10ebde93ec1634e28a102,-1,-1
29491,IS11aa280f8293efa226a9b,-1,-1
29492,Feugen,-1,-1
29493,Leroy Jenkins,-1,-1
29494,GravityBong,-1,-1
29495,Rbbe bgsvvrg,-1,-1
29496,IS1fdb62b74ee279d51bf93,-1,-1
29497,IS1c20e2823a7ab62d31141,-1,-1
29498,IS105f4ce6c53e0af0bc0e3,-1,-1
29499,IS1234f1efc530be0857d35,-1,-1
29500,drftsx,-1,-1
29501,Rithy MA,-1,-1
29502,HEALtoast,-1,-1
29503,PHJov4tH8x,-1,-1
29504,IS13e14d32df3fc20f74fb6,-1,-1
29505,pkdpt4Xw7N,-1,-1
29506,cDC1uJtjev,-1,-1
29507,TeutonicTill,-1,-1
29508,CrdbgcZschsry,-1,-1
29509,IS140a0e9118526e45d4389,-1,-1
29510,Thrillhouse,-1,-1
29511,Jermatoo,-1,-1
29512,IS12b90ca3eee3e832920ba,-1,-1
29513,Synnister,-1,-1
29514,Hand 0f Horus,-1,-1
29515,IS197dfd9b77ffae75eef1a,-1,-1
29516,Dengore,-1,-1
29517,GNemi,-1,-1
29518,Quarenten,-1,-1
29519,DrGenghis,-1,-1
29520,IS120d6cd130fc0cc820386,-1,-1
29521,IS1f7fa3c2c4bd0bf5dabc4,-1,-1
29522,lastonelol,-1,-1
29523,Buguhguh,-1,-1
29524,IS14480d292c7b0210f7545,-1,-1
29525,Baltiqta,-1,-1
29526,IS17eae902e13a8f202e947,-1,-1
29527,IS1d4722eb7e4746084eba1,-1,-1
29528,Dhmx,-1,-1
29529,IS14eed238449e4bf4a5df4,-1,-1
29530,IS1d0080554b694a21e5ba7,-1,-1
29531,Uttar,-1,-1
29532,IS1ec4598bc7fe923d12972,-1,-1
29533,Dymek,-1,-1
29534,IS1b58e9cc4b4a82e8a0f46,-1,-1
29535,IS1839d1baac6aea8357e7d,-1,-1
29536,IS19b9af42e8093e81cc124,-1,-1
29537,IS17299a57727ff5c0d4998,-1,-1
29538,IS19bb6519cd146973a27ec,-1,-1
29539,IS162936c7f7d5ad32f69e4,-1,-1
29540,IS14f1a03c679a79b0a443d,-1,-1
29541,Algormortis,-1,-1
29542,IS1ca21054077df4d52bdcd,-1,-1
29543,Xinio,-1,-1
29544,IS10734cb163b5fe8168cac,-1,-1
29545,IS1f7306a4eb02c65adb290,-1,-1
29546,IS159ba0c5773d149146e05,-1,-1
29547,orph101,-1,-1
29548,IS1c978c3c54d3d22f42c48,-1,-1
29549,IS1a5498fb417683dfd8488,-1,-1
29550,ZerusWolf,-1,-1
29551,Darigaazedge,-1,-1
29552,IS15e0a5c4a5b62c0ca9770,-1,-1
29553,ZLU32HSHlt,-1,-1
29554,AmgPlsNooo,-1,-1
29555,Schnauf,-1,-1
29556,IS1339058e0e19fc2db036e,-1,-1
29557,mastercylinder,-1,-1
29558,IS11185eec3b0c1c0b1ba14,-1,-1
29559,Hobbeb,-1,-1
29560,IS17c924d2f5aef6f5a7334,-1,-1
29561,IS1dc168d3d955414ceb8e9,-1,-1
29562,Nerothos,-1,-1
29563,IS18972122bb5cbeda135b2,-1,-1
29564,Crappypappy,-1,-1
29565,Neuromancer88,-1,-1
29566,Thorak,-1,-1
29567,IS10864f4af64b7d4b493f0,-1,-1
29568,Dumpyomufinz,-1,-1
29569,5HLYgGLV7b,-1,-1
29570,IS1ca566c986fb793e7ecc7,-1,-1
29571,foolio247,-1,-1
29572,doNt EaT soap,-1,-1
29573,squizzerls,-1,-1
29574,Venn,-1,-1
29575,IS1dafacc197c3f5121128e,-1,-1
29576,IS190e4e041d2db5fd36999,-1,-1
29577,IS135b0349ee47aaac993d5,-1,-1
29578,IS1ba25bc66ac22006a13cb,-1,-1
29579,IS1b5204e788fb979887c92,-1,-1
29580,IS1174497ca51d13c40b98a,-1,-1
29581,IS1112c1e9e4a3b45e68212,-1,-1
29582,IS1833bf77feaa9bb1f02e6,-1,-1
29583,darkFranco,-1,-1
29584,rK5FE2EPkd,-1,-1
29585,IS1588e728b78d11696d2fb,-1,-1
29586,IS1783905fa7f510698e9ce,-1,-1
29587,IS1aed91344330b0d863db5,-1,-1
29588,TheBlackWatch,-1,-1
29589,IS13001af37b8b07f06a6a6,-1,-1
29590,IS1f08592f03045a9c009a0,-1,-1
29591,Darkspyda,-1,-1
29592,IS1791683a4cd6e416acae3,-1,-1
29593,IS194ee8afc7c6e448d159d,-1,-1
29594,IS1e88046a3cdb8772e53eb,-1,-1
29595,Sneaky4Prez2K16,-1,-1
29596,TattieBogel,-1,-1
29597,Damsmoroms,-1,-1
29598,LuckyEddie,-1,-1
29599,anhquan1992stx11,-1,-1
29600,Cresten,-1,-1
29601,Street Clam,-1,-1
29602,IS164dc3779f551de67b95e,-1,-1
29603,IS1a6ce932d3cc285f98d78,-1,-1
29604,Pirkan,-1,-1
29605,WastedMonkey,-1,-1
29606,IS16fc1f93c4f5f223cd1bc,-1,-1
29607,Ptmd,-1,-1
29608,alexdino,-1,-1
29609,IS125f2518236e28761c9da,-1,-1
29610,Lpd3QoNkNr,-1,-1
29611,gsn3,-1,-1
29612,MfLC26tWV9,-1,-1
29613,IS117afca8bf5cc475fed0b,-1,-1
29614,IS18f372a410a0fc2db1d82,-1,-1
29615,Vicente,-1,-1
29616,RedFefnir,-1,-1
29617,IS1c21320cccd0b55ecba00,-1,-1
29618,IS1498622c8933ea5319243,-1,-1
29619,IS1020cedc498afe707a197,-1,-1
29620,mooelcow,-1,-1
29621,Simply Amazing,-1,-1
29622,IS169d553e252bd6e1a565c,-1,-1
29623,IS15f24d4d1181392064079,-1,-1
29624,IS1c0f55a10393582501d42,-1,-1
29625,Ionna,-1,-1
29626,IS131f00f8c9a0005101b01,-1,-1
29627,DZaXiu3gTW,-1,-1
29628,IS1e857c412a552c4f160d6,-1,-1
29629,IS16c9858e0d34bfda57f56,-1,-1
29630,IS12d81da1f36b3ee240c0d,-1,-1
29631,IS1ab1033250c9f8b0016b1,-1,-1
29632,IS1ed4a239fa49305613d6b,-1,-1
29633,apdastous,-1,-1
29634,IS1f8559df02ddc121ae835,-1,-1
29635,IS15be746ae7a1d44f50a7f,-1,-1
29636,hYzURSs2x3,-1,-1
29637,IS117b836ccd9f58fa18900,-1,-1
29638,IS1eb2606f15ffb43391bf1,-1,-1
29639,lolsummon,-1,-1
29640,HolyRoller,-1,-1
29641,Stronghilt,-1,-1
29642,IS15c1f2c139e704417d295,-1,-1
29643,dern,-1,-1
29644,FNC Rekles,-1,-1
29645,IS1bc5e1ded2fe3ce1d9865,-1,-1
29646,IS106224c0880771445819a,-1,-1
29647,Edubsimuth,-1,-1
29648,IS18f7234c087e34318241d,-1,-1
29649,IS1776f622da0602c807f2a,-1,-1
29650,Judgebob,-1,-1
29651,Hipster,-1,-1
29652,Cortilian,-1,-1
29653,kbsa,-1,-1
29654,IS10e117b12b24d88aff20e,-1,-1
29655,IS179238a70fe1a03c3d4b5,-1,-1
29656,JiggleIt,-1,-1
29657,span256,-1,-1
29658,IS17e8e187e7cc2e0572623,-1,-1
29659,IS1ebb74ac7895ab81fcabf,-1,-1
29660,IS199e1bf18973b242f9b65,-1,-1
29661,ToBeHaunted,-1,-1
29662,IS14ad2b3f83ba695cecd6a,-1,-1
29663,Luke The Duke,-1,-1
29664,TSRJim,-1,-1
29665,IS1757f17eafe999d14f97f,-1,-1
29666,littlecatnth,-1,-1
29667,IS18bdb46d4f26821bf1106,-1,-1
29668,IS122aa23c78c4acf712915,-1,-1
29669,IS1d68b2ee9cf404da91ce1,-1,-1
29670,IS1f62ddb7f2f46e9bd5790,-1,-1
29671,fadingathedges,-1,-1
29672,IS1ebf1163b976f2fa03cdd,-1,-1
29673,Urkk,-1,-1
29674,dioptric,-1,-1
29675,IS11082416afef7402e006d,-1,-1
29676,IS1c2214ed62c128944c932,-1,-1
29677,Ironhyde,-1,-1
29678,Aphashia,-1,-1
29679,IS12ff831d2a744c4a07f70,-1,-1
29680,Fabrezze,-1,-1
29681,IS1558428398779631b66a5,-1,-1
29682,Fnordish,-1,-1
29683,Streck,-1,-1
29684,IS1bfd4b060c97b5,-1,-1
29685,DVv9mJ5q7X,-1,-1
29686,Chiquim,-1,-1
29687,moblack,-1,-1
29688,IS18f8649702b974e035744,-1,-1
29689,fbmuK4wkRy,-1,-1
29690,IS176f8b67e864cc4ad9e23,-1,-1
29691,IS16ae8c99e0a47a7ca7d57,-1,-1
29692,IS18f98a63d227c23da4f4e,-1,-1
29693,IS10596ed7115dbdc49df43,-1,-1
29694,IS14fb843751040837c95b4,-1,-1
29695,Maioral,-1,-1
29696,IS1f267664d517a596ac387,-1,-1
29697,bdschussMkII,-1,-1
29698,Ginta,-1,-1
29699,IS10fde217d65da2aeaebdc,-1,-1
29700,IS1cbc3155a2e65598a5c7b,-1,-1
29701,IS1f149fc319dd839707a36,-1,-1
29702,IS1d5ecc06de4a595978a81,-1,-1
29703,Legacystar,-1,-1
29704,PbfTwWzZSt,-1,-1
29705,IS15bd36a898172ae082c53,-1,-1
29706,Maneck,-1,-1
29707,IS1a65458fe49a61319e02a,-1,-1
29708,rghsse Hbprghsb,-1,-1
29709,IS1d3686c8868d35352e20b,-1,-1
29710,YSB2Ommx41,-1,-1
29711,oldmanboy,-1,-1
29712,Crowee,-1,-1
29713,0mSSqQqP1o,-1,-1
29714,IS18cb357098311250d4213,-1,-1
29715,Judaius,-1,-1
29716,JacqueDelaneu,-1,-1
29717,DommyDevito,-1,-1
29718,IS1a856bc3a1f69721ffad0,-1,-1
29719,Philip Ngo,-1,-1
29720,IS1054f2626b6fd5d719224,-1,-1
29721,IS1248052b90399d61b4e06,-1,-1
29722,EssGee,-1,-1
29723,Luciferius,-1,-1
29724,MagEriction,-1,-1
29725,IS1c39bf61f7d9a987615e5,-1,-1
29726,IS110c51ad89ed3c61f9329,-1,-1
29727,tcAvES5kgB,-1,-1
29728,IS1deefe759ecd02af8ee82,-1,-1
29729,Carptesticle,-1,-1
29730,IS11d8566cd20e6d8a20251,-1,-1
29731,IS10eb0dad96db6b0735e8a,-1,-1
29732,ArmordillOK,-1,-1
29733,IS1a4ea748c10bae11a7946,-1,-1
29734,BQdEgf0DpW,-1,-1
29735,IS14a41e9189fb185196a42,-1,-1
29736,CommieNinja,-1,-1
29737,IS10d07e8026f245d9bf263,-1,-1
29738,IS1e284c267e9bb1bd5499d,-1,-1
29739,IS1c290f92240a327d865e8,-1,-1
29740,IS1b315e625bd2fc4ea2393,-1,-1
29741,IS101299a2eca9319c229d4,-1,-1
29742,IS11bb8c259b569451e20a5,-1,-1
29743,IS11a9ae1b32bde776e9e82,-1,-1
29744,IS17e455459138fe3ce2abf,-1,-1
29745,Thistledown,-1,-1
29746,IS196988c2d5d13fa8ca93a,-1,-1
29747,IS139f5c37b5041aad1ff9b,-1,-1
29748,jel2552988,-1,-1
29749,IS1f5b27e9af974fe437abf,-1,-1
29750,Lady Nova,-1,-1
29751,Riven and Me,-1,-1
29752,Arrenthan,-1,-1
29753,IS1c5dae544e0a76eedde4b,-1,-1
29754,DragonCecil,-1,-1
29755,NoLenity,-1,-1
29756,IS1fe178eb7dcc33b6bc3d9,-1,-1
29757,Etup,-1,-1
29758,IS1fbb45783c5ccd26daed2,-1,-1
29759,IS16d29acf100c89ee9b1d3,-1,-1
29760,IS1224e6df555eab12c4fc7,-1,-1
29761,IS1e38e1dcf27a0db6f23dc,-1,-1
29762,icu47,-1,-1
29763,Fluffyjacket,-1,-1
29764,IS103d14fc020557a7c6ee2,-1,-1
29765,itsianhawk,-1,-1
29766,JungIeRiven,-1,-1
29767,FightTest,-1,-1
29768,nireth,-1,-1
29769,krazzi,-1,-1
29770,IS1045a3e83dbc8756803ad,-1,-1
29771,gifster,-1,-1
29772,IS1882b7715b90c7c29aea2,-1,-1
29773,Sanidin,-1,-1
29774,IS14e03b08d4135153be64e,-1,-1
29775,ColdBlooded,-1,-1
29776,eseyseej wghre,-1,-1
29777,IS130711f71a60a3d5c965c,-1,-1
29778,Zephel,-1,-1
29779,Stitchs,-1,-1
29780,IS154940a7de06dc63e4ed3,-1,-1
29781,eviln3ss,-1,-1
29782,IS1d48576a06eed788fad54,-1,-1
29783,IS1580ce30b60ca38f773dd,-1,-1
29784,IS11bddf1dba0a0e00c814c,-1,-1
29785,IS1525f8ca1f8d727b5780c,-1,-1
29786,Boltinheigmer,-1,-1
29787,IS158a72d642c635f4972ce,-1,-1
29788,Battery500,-1,-1
29789,XF3oqmyx4f,-1,-1
29790,IS18759db40185ccec22661,-1,-1
29791,Plutoooooo,-1,-1
29792,IS124e88bdd3a40b3b1c8bb,-1,-1
29793,exuno,-1,-1
29794,Aurelina,-1,-1
29795,Evil Ryu,-1,-1
29796,Thlayli,-1,-1
29797,IS1cfca0ee92f8d14087c7d,-1,-1
29798,IS1b3d56b116e77e026592a,-1,-1
29799,IS13790d67dbf4379f75355,-1,-1
29800,IS1392b173dc70700fda957,-1,-1
29801,Cyragar,-1,-1
29802,IS1e8479c698490d100a7a8,-1,-1
29803,Z3 Lok,-1,-1
29804,M0nz,-1,-1
29805,IS1e20606f7a6a59f32ab8b,-1,-1
29806,IS1052474f2320d0a3a9473,-1,-1
29807,IS172cb9b68cf5f161d1e6f,-1,-1
29808,IS1d9bcc60635a51eb2b697,-1,-1
29809,IS1ce661e16668898810624,-1,-1
29810,IS1aa1296cad40f7cf3f809,-1,-1
29811,IS17f7e8bb7818c4b421f9d,-1,-1
29812,IS119a3e01c5d351e699abc,-1,-1
29813,CaptainPwnet,-1,-1
29814,LhbfQ7l2R2,-1,-1
29815,ACEBRAVO,-1,-1
29816,IS1a6dec3cf0a018f64f1cd,-1,-1
29817,ZeroStar,-1,-1
29818,TUgEGyrvHG,-1,-1
29819,DooMz,-1,-1
29820,IS12aefb861309e1f063b78,-1,-1
29821,Calobi,-1,-1
29822,IS11f29ee08dedd7855a0ed,-1,-1
29823,Shiryum,-1,-1
29824,IS1dfdd73cd283ad31a3444,-1,-1
29825,TMaK5Tx,-1,-1
29826,IS13e85e6a44dafc01b6f91,-1,-1
29827,dybrez,-1,-1
29828,mehboink,-1,-1
29829,alsowik,-1,-1
29830,standingcow,-1,-1
29831,IS11c731017bd0dd7cf63ef,-1,-1
29832,IS1f114c048f4a91d701085,-1,-1
29833,ShadowOrigin,-1,-1
29834,IS17d26bd9adb1e32481c28,-1,-1
29835,IS1c8e9f17396c5af955ed5,-1,-1
29836,IS1fcfd485bc46a399aedea,-1,-1
29837,IS1d5864b4db865ccf4d02b,-1,-1
29838,IS188486298a2fcd68c2dfb,-1,-1
29839,IS171063a6db763f5c9ff73,-1,-1
29840,Jimbones,-1,-1
29841,rVvaUQU60D,-1,-1
29842,IS116fdb322b3a7f749979e,-1,-1
29843,IS1fc417ac22b46cd3d0c84,-1,-1
29844,EndLess12345,-1,-1
29845,IS1cf9377d91798ac47cf2f,-1,-1
29846,Druggarnaut,-1,-1
29847,IS11cbdb72f2e85d87fb118,-1,-1
29848,IS14ed96fb1b77191e612d0,-1,-1
29849,IS1f118022711bf916c6703,-1,-1
29850,IS15d2cfe2e87861a72f1f6,-1,-1
29851,IS1308d6c55e79d4d4e6eb0,-1,-1
29852,Peach,-1,-1
29853,IS157324393c707fb3f6f67,-1,-1
29854,IS15cba6bc726b4545e788c,-1,-1
29855,BB Que,-1,-1
29856,CrmsnShdw,-1,-1
29857,AF9ynl9cvO,-1,-1
29858,IS1f4a7c9f4ad85ed45709e,-1,-1
29859,miLonCio,-1,-1
29860,IS1063d200ffcd455f90e5f,-1,-1
29861,pwnstradamus,-1,-1
29862,Permit,-1,-1
29863,IS1692b91ef2f048cea8378,-1,-1
29864,ALMS,-1,-1
29865,IS1734d1bb6932d3f5b48fd,-1,-1
29866,Ashwant,-1,-1
29867,IS1f77fe4714ad0669c9e19,-1,-1
29868,IS1391714dd41620490d8db,-1,-1
29869,FeCTS Advent,-1,-1
29870,IS1838471ceff508d9f67c7,-1,-1
29871,IS1f0b7342f35ae9dfa0165,-1,-1
29872,IS1d015d176f8b3d28a03b5,-1,-1
29873,smalls,-1,-1
29874,IS1436617a8bddffede5e3d,-1,-1
29875,IS175d799e9e9cd27f756b6,-1,-1
29876,JHxCMXvIfY,-1,-1
29877,Triga,-1,-1
29878,Mxhunter,-1,-1
29879,Yanger312,-1,-1
29880,IS1734482fd0bcc2dc9bb79,-1,-1
29881,NegativeZer0,-1,-1
29882,IS18d4363bff3c4b63bd685,-1,-1
29883,bloodshot54,-1,-1
29884,Harlex,-1,-1
29885,IS1b0f7b4533b1c366bdbe6,-1,-1
29886,IS184445bc249e8a83462fe,-1,-1
29887,IS18f80f0d1ce793c6382cc,-1,-1
29888,NeonxLoL,-1,-1
29889,Zhetta,-1,-1
29890,ms1821,-1,-1
29891,Jamesbob,-1,-1
29892,saver12,-1,-1
29893,IS1c5ad9e07d3e2507b181a,-1,-1
29894,Arcana,-1,-1
29895,IS1e5a00262793195a3d228,-1,-1
29896,IS16906654fd9190feeb801,-1,-1
29897,neozanmato,-1,-1
29898,IS19b9181b417a09c866afc,-1,-1
29899,IS14777d1db65ec26526022,-1,-1
29900,IS1493f5f2606ccaaa0f20e,-1,-1
29901,IS13cac8e16533bc79c673c,-1,-1
29902,Millioncorn,-1,-1
29903,YOLOshiri,-1,-1
29904,IS16f6ed17e514e404d77ea,-1,-1
29905,ItnUXIGqvh,-1,-1
29906,BallonTit,-1,-1
29907,Pumpkin457,-1,-1
29908,IS1862a8c0d48cc21c09bbf,-1,-1
29909,aDozenFuries,-1,-1
29910,Tuba,-1,-1
29911,IS16ed2c3621fe8e2339e91,-1,-1
29912,Transall,-1,-1
29913,IS1bcd8ef4d89d644c91fe9,-1,-1
29914,IS16907c36ed7c6c82c592f,-1,-1
29915,IS15ea0d451432596856363,-1,-1
29916,IS125702178395dfe6f062a,-1,-1
29917,wjNUocKVPS,-1,-1
29918,Thrayn,-1,-1
29919,IS189b30649ca4e7f47ec24,-1,-1
29920,IS19c03161a015801fe0b43,-1,-1
29921,LePierrot,-1,-1
29922,relampago,-1,-1
29923,IS18ef1c6f8d5078c51712a,-1,-1
29924,MadSkillN,-1,-1
29925,babylizzie,-1,-1
29926,Lao Ping,-1,-1
29927,LoCicero,-1,-1
29928,IS1383bf86339603c2f0996,-1,-1
29929,ViceRR,-1,-1
29930,Marowak,-1,-1
29931,IS1aceab7be17065ebdb6e5,-1,-1
29932,Dkim,-1,-1
29933,Ncrediblebulk,-1,-1
29934,IS1ea8653a0ed11b4a89dd2,-1,-1
29935,IS18024527341be2df86b9f,-1,-1
29936,undeinpirat,-1,-1
29937,N3WBL3T,-1,-1
29938,IS1558e0ea7cd7dee76e9db,-1,-1
29939,IS1d4f009eccce97c41ca71,-1,-1
29940,IS10da66d54eb0f20cbb95e,-1,-1
29941,Malfuis,-1,-1
29942,IS16ec44049c28c7dd27089,-1,-1
29943,gosensgo14,-1,-1
29944,IS1427614cbc193920b16df,-1,-1
29945,IS15913a61bba3db2c670e8,-1,-1
29946,dgRw0vQ2qh,-1,-1
29947,IWRileyReid,-1,-1
29948,IS132b0b663450f8cfa54cc,-1,-1
29949,Jamesio,-1,-1
29950,Mr2Percent,-1,-1
29951,TB4SG8eUHP,-1,-1
29952,IS11609ce1fd8410db6fb14,-1,-1
29953,IS1ec9b46d95b112035d4d3,-1,-1
29954,Jammando,-1,-1
29955,IS141c7c908b9eb17e1847d,-1,-1
29956,IS18690c58902a1eb00c835,-1,-1
29957,Originate,-1,-1
29958,IS15eb60f8c70fc494c9983,-1,-1
29959,IS11bbdc010209c018587d3,-1,-1
29960,craziplaya21,-1,-1
29961,IS122668353ada28e15463e,-1,-1
29962,IS1abcedcf3cecb0859343a,-1,-1
29963,IS1d41d1320aba4928daf8d,-1,-1
29964,Myschivius,-1,-1
29965,MeSuperJew,-1,-1
29966,vIe5HNTbgh,-1,-1
29967,IS17838689285ce155e7a64,-1,-1
29968,IS15dcaac313e78183ebf61,-1,-1
29969,IS1600da9abeddc1b03f2c8,-1,-1
29970,omegablaster,-1,-1
29971,gordoxzor,-1,-1
29972,IS198c6af011ed1a5d93e9d,-1,-1
29973,IS148f8a586538960c8cff2,-1,-1
29974,celix,-1,-1
29975,IS1bff04186105489d86bf2,-1,-1
29976,Verr,-1,-1
29977,IS1c4f8273b76094426e9fe,-1,-1
29978,aldenard,-1,-1
29979,IS11d9af7833c27a0fbaa1c,-1,-1
29980,aznmaywah,-1,-1
29981,IS1fe0a6b2d8d51583b36a7,-1,-1
29982,Frostycuchulain,-1,-1
29983,Stumpas,-1,-1
29984,IS15ca76477c4edbc885d2c,-1,-1
29985,Opacita,-1,-1
29986,Kyruski,-1,-1
29987,Azrael212,-1,-1
29988,IS17569040afe197a881803,-1,-1
29989,StubbyBro,-1,-1
29990,IS1ec1d1fded7651d2e2f82,-1,-1
29991,Inorx,-1,-1
29992,IS14f3b8116c6316bce0db9,-1,-1
29993,luciesthegrey,-1,-1
29994,IS1d3e60c07ce65b152fefc,-1,-1
29995,IS16f7ceca55668d9ad9dc6,-1,-1
29996,IS18edfd2b88d6990956b1e,-1,-1
29997,73M0N,-1,-1
29998,IS101f8865e35f4c3b87ed1,-1,-1
29999,IS1154624caf0cfb717eda3,-1,-1
