30000,Andrick,-1,-1
30001,IS194ffcda2258170740a1e,-1,-1
30002,IS1c06fbc5e2c754e75e500,-1,-1
30003,IS10f47c2797dee42254939,-1,-1
30004,corbaine,-1,-1
30005,SBjunkie,-1,-1
30006,jinx4800,-1,-1
30007,IS1b8f4a58b6c1890f3ca86,-1,-1
30008,IS1b04b259284d197401656,-1,-1
30009,Zingmaster,-1,-1
30010,sroBavAyqz,-1,-1
30011,IS14ac11e1fd4fd33b2ae8b,-1,-1
30012,corel5702,-1,-1
30013,IS10a3f9d10dc85a625c0c9,-1,-1
30014,Solgun,-1,-1
30015,Snuglebunny,-1,-1
30016,slimeguru,-1,-1
30017,IS157668bd8e85742d9f9cd,-1,-1
30018,IS1efc36721984187f2afc6,-1,-1
30019,IS1e24f764b930240fa5c96,-1,-1
30020,IS151726b438b7ad535adbc,-1,-1
30021,IS1c07b4f71e7ae356dabda,-1,-1
30022,IS1a7c760a840e70aa66af9,-1,-1
30023,Ninja Stuff,-1,-1
30024,IS10fa8ef1216f473ef9437,-1,-1
30025,IS17762a5385b7f44da20ce,-1,-1
30026,EfYouSeaKayLoL,-1,-1
30027,druid,-1,-1
30028,Bloodba7h,-1,-1
30029,IS14020dbe481ae37603842,-1,-1
30030,Tear,-1,-1
30031,IS1bdb261c5bb63c1d437c3,-1,-1
30032,OutlawTorn,-1,-1
30033,TigerKnee,-1,-1
30034,DDRFlip,-1,-1
30035,IS1a1d968dc4fde9667a5be,-1,-1
30036,Hanspedersen,-1,-1
30037,NaturalResolve,-1,-1
30038,IS16ba003e028f278e3ab15,-1,-1
30039,Shealth,-1,-1
30040,IS1fe7435ad0e42297111ec,-1,-1
30041,Turnt Insane,-1,-1
30042,g3du,-1,-1
30043,Dospac,-1,-1
30044,IS1ed8db93b804eb3203a75,-1,-1
30045,IS1db3aa687f23c27956104,-1,-1
30046,IS1c1f1de10c2fba822e99a,-1,-1
30047,IS1d71eacac4a85c855e149,-1,-1
30048,PlayHaven,-1,-1
30049,Gladdi,-1,-1
30050,IS1b95e4ab7c789751475bf,-1,-1
30051,Coopers,-1,-1
30052,Tigga,-1,-1
30053,IS1727ef0eb8c159cc246d6,-1,-1
30054,Chronolis,-1,-1
30055,Rienzian,-1,-1
30056,adhdrunsme,-1,-1
30057,Rhinestone,-1,-1
30058,Kynewborn23,-1,-1
30059,IS142f269ed41f985563900,-1,-1
30060,IS1ae6ed4fc1703402ea917,-1,-1
30061,IS12999c8339d77fc3eed44,-1,-1
30062,IS1c46b74753eb6dd9136dd,-1,-1
30063,IS1f9c55254cbafe079b3c5,-1,-1
30064,IS1b24df8091b3e4b62e501,-1,-1
30065,sagedye,-1,-1
30066,Barook,-1,-1
30067,IS1bc25847ecef1067b24f0,-1,-1
30068,IS15987e9f1a31c6642a2c4,-1,-1
30069,IS1b1c322cf1e27d4009180,-1,-1
30070,IS1bdf1d3a44e6de12e146a,-1,-1
30071,Eonny,-1,-1
30072,Sovering,-1,-1
30073,Kookabeara,-1,-1
30074,IS11c5b161897f6fe80dea6,-1,-1
30075,IS1b2fce93b3e4c26877d6b,-1,-1
30076,5Se0cvRJgG,-1,-1
30077,IS1fa74ba1e50a429b828ca,-1,-1
30078,TaKt1k,-1,-1
30079,nikon,-1,-1
30080,Euthanasia,-1,-1
30081,IS169130d1cf0951e189df3,-1,-1
30082,Dirty Meeper,-1,-1
30083,Rm0pWePc3V,-1,-1
30084,Allnight,-1,-1
30085,Beta Rammus,-1,-1
30086,XZdyr70svi,-1,-1
30087,IS164867f1dce3be564fb7a,-1,-1
30088,IS14a0be1a48b7bdd424882,-1,-1
30089,sodominute,-1,-1
30090,ExpertNewbie2,-1,-1
30091,IS1ed06d8c2bfa60658a502,-1,-1
30092,Archath,-1,-1
30093,Alexithymia,-1,-1
30094,Bunneh,-1,-1
30095,IS196df18e1e7bd77072993,-1,-1
30096,Hozomeen,-1,-1
30097,IS1b5006ea95c18d5088b9a,-1,-1
30098,rfE67DA0u3,-1,-1
30099,IS19e9b6549954e526d6b64,-1,-1
30100,Balbanes42,-1,-1
30101,IS18e49faa1a6608880d002,-1,-1
30102,IS1ea57f8d9a7fc2f739595,-1,-1
30103,IS1f12892dee0121e6fad4a,-1,-1
30104,IS1654b36629c1470763487,-1,-1
30105,henrycen,-1,-1
30106,IS189b59a89a5f20cc3f303,-1,-1
30107,IS1c8d8b53b7e43085a0587,-1,-1
30108,Pfnuesel,-1,-1
30109,Koreania,-1,-1
30110,krayzie23,-1,-1
30111,ericiscool,-1,-1
30112,IS152b4be21c91c92a697e9,-1,-1
30113,IS18185cb68fa211921a335,-1,-1
30114,Syanne,-1,-1
30115,IS104415f0798e0d2105a13,-1,-1
30116,IS13f37ae65ba1c9d0e2b57,-1,-1
30117,thug Iife,-1,-1
30118,IS199f755109fa80dcd8b10,-1,-1
30119,xHazard,-1,-1
30120,IS1340fc8cc5c21e0473579,-1,-1
30121,IS1dd5fec715a4e358257af,-1,-1
30122,Alythe,-1,-1
30123,IS1002c42d2b16457deba2f,-1,-1
30124,Mayple,-1,-1
30125,IS1ac10252a1a3430cb44cc,-1,-1
30126,bruyot,-1,-1
30127,Banzi,-1,-1
30128,highcards,-1,-1
30129,IS1cfcbeabe0607bbaf5a77,-1,-1
30130,IS19f51a72086333588e655,-1,-1
30131,IS185360c7c9c063de8bdf9,-1,-1
30132,IS1f28752503a1cb341c896,-1,-1
30133,hardkhor,-1,-1
30134,hvLiX3suEl,-1,-1
30135,IS16e27e0619d46a07be9d3,-1,-1
30136,Robtoast,-1,-1
30137,IS1060782d767feed8e6c88,-1,-1
30138,IS155575b6e95d411c9cead,-1,-1
30139,Linnaer,-1,-1
30140,IS16cdf0e1a84974d452a9f,-1,-1
30141,Khold,-1,-1
30142,IS1a5d5ca7fba949cae3cfa,-1,-1
30143,Metallicus,-1,-1
30144,ThoughtThisWasDota,-1,-1
30145,IS180ae78f158aca7089b23,-1,-1
30146,IS1c2bf591caa7d263d2f33,-1,-1
30147,IS1802a4ad2257148b44c71,-1,-1
30148,Drggg,-1,-1
30149,IS1f67e516c5c463b1e7597,-1,-1
30150,Blizznerd,-1,-1
30151,Thayos,-1,-1
30152,Gryfter,-1,-1
30153,IS1f970c223de2959268e5a,-1,-1
30154,squiz,-1,-1
30155,IS181427155bc725c003594,-1,-1
30156,IS11eca8661ff099dfb95b3,-1,-1
30157,Riftler,-1,-1
30158,LetsGoExploring,-1,-1
30159,Banana SIamma,-1,-1
30160,NeoRagnarokX,-1,-1
30161,BugSlayerx,-1,-1
30162,rawrzilla,-1,-1
30163,Akilae,-1,-1
30164,IS1592b9b8dd27bf8c82e80,-1,-1
30165,UrQuan,-1,-1
30166,9gyWvwl6Eo,-1,-1
30167,Spatula Evolved,-1,-1
30168,IS1e95a3f99bdcc68420756,-1,-1
30169,IS124f6cc171f27ca576572,-1,-1
30170,IS1da934b134a58709022a3,-1,-1
30171,cravin09,-1,-1
30172,C to the D,-1,-1
30173,4tBScazqjw,-1,-1
30174,IS12c0416e1d66d0f38baaf,-1,-1
30175,k3ka,-1,-1
30176,IS1e344ee61d0d2bd54838b,-1,-1
30177,IS1e3b738dd9b305a9f0515,-1,-1
30178,IS19675bbf837615b1ac977,-1,-1
30179,IS1fd5a7d8f2b6da38384d9,-1,-1
30180,IS127d626562c22c83010f0,-1,-1
30181,IS1fdc385c3fca2c0de05fd,-1,-1
30182,IS116c05caf4ef35a6c4b0c,-1,-1
30183,IS13fa86551c7112c259a3a,-1,-1
30184,Sevorast,-1,-1
30185,qInf3iTPYf,-1,-1
30186,Vebo5rr,-1,-1
30187,IS169c813c699a00168c37e,-1,-1
30188,Varcharias,-1,-1
30189,UmadCuzUBaaad,-1,-1
30190,IS19506f068af26a2c525c5,-1,-1
30191,IS1891d1b7581e77eafac40,-1,-1
30192,OzStankin,-1,-1
30193,IS11370f811e649f9a6252a,-1,-1
30194,IS11e21ba9f80b3c3684ce5,-1,-1
30195,IS13b52ad152791d821faa5,-1,-1
30196,TyXRmoyzv1,-1,-1
30197,baliztikrdp,-1,-1
30198,IS1c873424298c3285a2dc7,-1,-1
30199,IS1a1522bfbb098c4597aa6,-1,-1
30200,IS1a3fc489fa11aaac1618b,-1,-1
30201,tipsywacky,-1,-1
30202,IS1e4e2b89f45b7554ac7ab,-1,-1
30203,IS1130520ace5dd7,-1,-1
30204,S H 4 I N S,-1,-1
30205,IS1d1a1489232864c606b4d,-1,-1
30206,IS1827433a7f8c54bbd5a81,-1,-1
30207,IS14f859d0080c915f744b3,-1,-1
30208,IS156866a88cc47130625d7,-1,-1
30209,IS1be580c26d8551f4071f1,-1,-1
30210,IS1ec65ed6d29f568cebd48,-1,-1
30211,Docdead,-1,-1
30212,IS1eb5414f2103193d4c8dc,-1,-1
30213,IS14abf4e581a542aa70db5,-1,-1
30214,IS1afcdb4a2af8644b852b2,-1,-1
30215,tinpin,-1,-1
30216,RawFuL,-1,-1
30217,Galvanized,-1,-1
30218,IS147432c8a44200229791d,-1,-1
30219,IS15a7d90aa7eb49927e1b9,-1,-1
30220,IS1b87aeb02e489dc7c48ec,-1,-1
30221,IS1bf3a616e9193db0446d8,-1,-1
30222,IS12cefade0487f255c3f5d,-1,-1
30223,ShinigamiRyuk,-1,-1
30224,IS1c520071ac934b5845e50,-1,-1
30225,Dark Fox DX,-1,-1
30226,IS1af01b7128e9c939ac234,-1,-1
30227,IS1c76f48087ad34feb72a0,-1,-1
30228,coastghost,-1,-1
30229,vlandar,-1,-1
30230,dhtmnccTB7,-1,-1
30231,IS15b3ef6409c11fa1dec18,-1,-1
30232,Siegegamer,-1,-1
30233,IS187fe0507793338aa7593,-1,-1
30234,IS196299889eaf9999e1b7b,-1,-1
30235,IS1097f0418ed14dd528b38,-1,-1
30236,Ridislel,-1,-1
30237,Rofel,-1,-1
30238,Hewwy,-1,-1
30239,IS15536e2316645dba28c66,-1,-1
30240,Goldthane,-1,-1
30241,Atamano,-1,-1
30242,Keyite,-1,-1
30243,IS1fb9efaa9786a9de27353,-1,-1
30244,IS163d9a18aa0073f7f5c8b,-1,-1
30245,ericwrightfat,-1,-1
30246,IS1adb6db5976ca4f149665,-1,-1
30247,IS1a2823b92d06f2ea3e298,-1,-1
30248,IS1dbc14cea7766ccd0256e,-1,-1
30249,Youre Just Mad,-1,-1
30250,Drake Pandor,-1,-1
30251,6HZjfpUU2Z,-1,-1
30252,NgoPunsIntended,-1,-1
30253,IS1c1ad8ad9076be0b669c2,-1,-1
30254,IS132acacf9cb6ef1ab91b9,-1,-1
30255,Lukse,-1,-1
30256,IS144d655fff2a6c350d5ca,-1,-1
30257,IS1f85fb55b6e3e36548b14,-1,-1
30258,Crackbateh,-1,-1
30259,IS12c88399103ce6326e043,-1,-1
30260,IS19b125a98a20619c2671c,-1,-1
30261,IS1809ddb09db45c2c68693,-1,-1
30262,Parenthesis,-1,-1
30263,IS158220b7b2c03e333db41,-1,-1
30264,IS1cec527c1ac7bf54e2791,-1,-1
30265,IS19e6cbea01b5354b5092c,-1,-1
30266,IS1bfee9378e0af71e171a1,-1,-1
30267,IS1bd27738eee2532472d28,-1,-1
30268,valindar,-1,-1
30269,IS137954fb6ed41b144e18d,-1,-1
30270,IS1e1972afaae235744bd1d,-1,-1
30271,Jillshadow,-1,-1
30272,IS1f76323313e33d189b3ce,-1,-1
30273,IS1a91d4c01e536a0673341,-1,-1
30274,InFEcTi0uS,-1,-1
30275,Molotch,-1,-1
30276,deathrat,-1,-1
30277,IS1cc3414d569db712d8846,-1,-1
30278,IS1cce725efa1fe469232a5,-1,-1
30279,IS1e1875cdda3f2a19ba156,-1,-1
30280,IS145d0900ef685cbb43baa,-1,-1
30281,IS1c0a2715563dbbc56b94a,-1,-1
30282,Killimus,-1,-1
30283,DarkestBuddha,-1,-1
30284,IS1d2c9c656c30fea0cf347,-1,-1
30285,Grombo,-1,-1
30286,CaptnSexyNoodle,-1,-1
30287,IS135f7edf4b14ce1176d78,-1,-1
30288,Sunfury,-1,-1
30289,IS118ba700506718cd8d915,-1,-1
30290,IS1d5d27b69eba851357a31,-1,-1
30291,IS104e3aec72ce594a0bec1,-1,-1
30292,IS11cddd5d253e9c63c1a27,-1,-1
30293,snailmouth,-1,-1
30294,Gylend,-1,-1
30295,Galliesko,-1,-1
30296,craac,-1,-1
30297,IS1dca88a7117c1d344a553,-1,-1
30298,IS1f6d539461fc40141577a,-1,-1
30299,IS1d8fbef6dbce688905c71,-1,-1
30300,MightAcorn,-1,-1
30301,MDxL8lM1sA,-1,-1
30302,IS1bcd432f515088a070b8b,-1,-1
30303,CosmicForce,-1,-1
30304,New Tricks,-1,-1
30305,spruceberry,-1,-1
30306,IS10cb9a9825048b5cb59aa,-1,-1
30307,Dozlalol,-1,-1
30308,Keldroth,-1,-1
30309,IS1ecd7f25216f4fb2a4e13,-1,-1
30310,IS1b222c720affbaf39f9e7,-1,-1
30311,IS158273830d48bbc2d94a7,-1,-1
30312,IS158b7cdb9cc785adc7627,-1,-1
30313,IS11cbc7d6ac9b689352327,-1,-1
30314,IS1c7c69b449a75520a45d8,-1,-1
30315,Telefax,-1,-1
30316,IS1b68dc8181947fa6400ea,-1,-1
30317,IS1f5590dec035e184a5b18,-1,-1
30318,IS1dbf7bb7d7d6c2a01bb96,-1,-1
30319,DarkSileNt,-1,-1
30320,Alexandros007,-1,-1
30321,HavocNinja,-1,-1
30322,IS1423475a19dea9e939b87,-1,-1
30323,IS1296fa601af58724d8a7f,-1,-1
30324,Trivy,-1,-1
30325,IS1ceddcf807acffb973a7e,-1,-1
30326,IS1f58b976ade80c5aeab54,-1,-1
30327,Saraell,-1,-1
30328,IS106feef9e1ce0cd9e0178,-1,-1
30329,IS193d029a3a43ae55148f1,-1,-1
30330,IS16d1fadb2214307e71219,-1,-1
30331,IS11ef82d67308fc850bf5a,-1,-1
30332,IS12f1aca11501d3f332477,-1,-1
30333,AlmazX,-1,-1
30334,rBuVjS5Tff,-1,-1
30335,IS1d5c49af25c4e84ea29d8,-1,-1
30336,Wurth Korea,-1,-1
30337,IS112da61a9c91065435848,-1,-1
30338,IS13509f2790081f79bf3c8,-1,-1
30339,IS11f18186f9152e28c1b3f,-1,-1
30340,Pandarlol,-1,-1
30341,IS11209de20e71d9a2dc66f,-1,-1
30342,IS12245e67f23f6d8f7db1a,-1,-1
30343,IS170f11a5986502ddf997e,-1,-1
30344,OrochiSaffron,-1,-1
30345,IS166828cbfc88b038fa41e,-1,-1
30346,QK9n82zJvz,-1,-1
30347,Sekai,-1,-1
30348,IS17131b0061979ecb645e8,-1,-1
30349,Xavana,-1,-1
30350,IS1b354bfd42b98c629ef05,-1,-1
30351,IS1a3ca2db797f5aa593417,-1,-1
30352,Amelgaul,-1,-1
30353,Aukgizzard,-1,-1
30354,IS109d2d652039077794382,-1,-1
30355,zlUiqppLqh,-1,-1
30356,Zurayth,-1,-1
30357,IS10c8bc8df9c6a8386f127,-1,-1
30358,IS12e4d7daa0dfa803df05c,-1,-1
30359,IS19ecaf5fd05fd16b4ffd0,-1,-1
30360,IS1c9becb69a52624396966,-1,-1
30361,IS1ce5759a37db387d85268,-1,-1
30362,Requies,-1,-1
30363,IS118179f5be661698fb8e7,-1,-1
30364,IS1b1ce3973d53b8576c3eb,-1,-1
30365,IS1789ab2ad43d084afac90,-1,-1
30366,EA98F,-1,-1
30367,Proffesie,-1,-1
30368,IS17acac524d4db1358f39a,-1,-1
30369,3XAqlqhkyz,-1,-1
30370,IS12a573d9233ad9ab707a3,-1,-1
30371,IS15f7d4b3b776ff7c4c596,-1,-1
30372,IS19f3c5af58a346076e638,-1,-1
30373,IS1f90ac3a4ffeaddadf03c,-1,-1
30374,IS1d166bc3a655b090eccd0,-1,-1
30375,BQnRuFjkhb,-1,-1
30376,IS181e4f963bdb30117593a,-1,-1
30377,IS171e0a5619a2157c8c22a,-1,-1
30378,IS19e4cd5d036349dbc460e,-1,-1
30379,4Ak2vkalzN,-1,-1
30380,IS1fe6c0144a2372626ef1a,-1,-1
30381,IS1e0beb7f2992c5378b3f6,-1,-1
30382,IS1c43a7977b366e1fcc6f1,-1,-1
30383,IS14732462010cf42039ae5,-1,-1
30384,IS1825c24ca520d8d28255e,-1,-1
30385,IS15310d3ba617913e81d27,-1,-1
30386,frubly,-1,-1
30387,IS16c2500d5d0fc371f21e0,-1,-1
30388,IS15bc3ce770290bc8609dd,-1,-1
30389,IS13a3bc33d48930adb6d3b,-1,-1
30390,IS1e6147d58ed1814247508,-1,-1
30391,IS11e9a215d06fe83166945,-1,-1
30392,Acri,-1,-1
30393,IS1ff20c165303cfa98a81a,-1,-1
30394,Stetzer,-1,-1
30395,IS1a86f2fd70cc17c564994,-1,-1
30396,IS1bb5c050fea077e1b02b6,-1,-1
30397,IS10b63ea7268209d1750db,-1,-1
30398,chyne,-1,-1
30399,7fa0Eic59z,-1,-1
30400,cream998,-1,-1
30401,IS1268e105f30d78f668250,-1,-1
30402,IS1bedde6a6633d90819e82,-1,-1
30403,IS160ba20772f6325fa8f60,-1,-1
30404,IS138f4dae5f9d24730ef05,-1,-1
30405,IS1de3e060ac5ce39b7d0f2,-1,-1
30406,IS1e6955130f2b2720d0873,-1,-1
30407,IS1d1c12d915d4f8a574ce8,-1,-1
30408,IS143577bc5c24521b2f320,-1,-1
30409,Summer,-1,-1
30410,IS1baa6327b03ddf0b8ebf6,-1,-1
30411,strumfex,-1,-1
30412,IS109bfac437b5479ce6552,-1,-1
30413,QgHiPFTsXG,-1,-1
30414,IS124be3a84e0c3490b4177,-1,-1
30415,IS1a31079e9876887a36006,-1,-1
30416,IS120760e30c07624ed6674,-1,-1
30417,Big Ballz,-1,-1
30418,SmellyTerror,-1,-1
30419,AWJeOphO4l,-1,-1
30420,IS11177901d1f5f135bf9e6,-1,-1
30421,IS18bb803b008e9db07b715,-1,-1
30422,IS175204cb5f27ac7aa91df,-1,-1
30423,IS1f769e89facdc1cd7dec9,-1,-1
30424,Faysal,-1,-1
30425,IS17e344906d5bb973b0fb4,-1,-1
30426,IS191c1e35eb71164d4b951,-1,-1
30427,IS13cca46d75d9066d3d0d9,-1,-1
30428,vanVidd,-1,-1
30429,WaMGPah3GV,-1,-1
30430,IS1077cd65d92aa33697153,-1,-1
30431,Evollutje,-1,-1
30432,Sunslayer,-1,-1
30433,IS19b340cd53d7d7dd016ec,-1,-1
30434,IS12934d59a9522b5bfa87b,-1,-1
30435,Z1 Red,-1,-1
30436,Carmon,-1,-1
30437,IS178ae249fdbcc432c0f72,-1,-1
30438,Fenrisulv,-1,-1
30439,IS101f7b263d6175fb8b7b6,-1,-1
30440,IS1127d0849484c0c7d4462,-1,-1
30441,IS10b623c92d43061cca24e,-1,-1
30442,IS126246581744124859b07,-1,-1
30443,IS1abfe8c7d9c9717ec1599,-1,-1
30444,1D1GLvLS8S,-1,-1
30445,sb5h92sGoW,-1,-1
30446,IS160f4883462d0e2779207,-1,-1
30447,IS12de1ab3d4ed57d54ff83,-1,-1
30448,IS190dfda83e7803a3c08db,-1,-1
30449,IS1c2c907dad393b9c2626d,-1,-1
30450,ponymaster420,-1,-1
30451,IS100884b9da655b280a267,-1,-1
30452,IS11b580a34ca2770eca240,-1,-1
30453,IS15f8a60a41b6195e9f329,-1,-1
30454,Metalis,-1,-1
30455,IS1922da3cfd3244c02133a,-1,-1
30456,IS12a4d29e02759470b2d79,-1,-1
30457,IS16e1f5a2143e49351536a,-1,-1
30458,IS13b784f44cac35923997b,-1,-1
30459,IS1b7db41acc4c73d04bf9e,-1,-1
30460,Ataraxia,-1,-1
30461,Oodlee,-1,-1
30462,IS1d4bd7115c929f91a36cd,-1,-1
30463,IS1dfde61bf8b57d4539351,-1,-1
30464,Exelyte,-1,-1
30465,IS16b56d45dc52578263d65,-1,-1
30466,IS15110b0e0e20d2e68a0d7,-1,-1
30467,IS17afc806e65229667f255,-1,-1
30468,IS1c2d6faa5eb83259a84cd,-1,-1
30469,IS1e39780ba7f1e45d51c7c,-1,-1
30470,IS190ee1fe5d798702b1d5b,-1,-1
30471,IS15e4faaa1078845097647,-1,-1
30472,IS1c96760be4d8673c0aefd,-1,-1
30473,IS1fa77c76a9264ea9963a7,-1,-1
30474,IS1715c8ed68c86d29d93a7,-1,-1
30475,IS130601020f83d7b6883e0,-1,-1
30476,IS1c51411e59867566d1c71,-1,-1
30477,IS124c6462e060025315804,-1,-1
30478,S4RiNG4N,-1,-1
30479,IS11e20cf4e29ae4f352c54,-1,-1
30480,IS1edfab13eb0dc9e38ecd6,-1,-1
30481,IS139e67bf9f008bb122a6f,-1,-1
30482,IS135c80c4c0933e4e910f7,-1,-1
30483,IS1d0f8261cbfc4809cd152,-1,-1
30484,IS13c27d2ef14ba5924c651,-1,-1
30485,IS18ab7e4ed73439792a28a,-1,-1
30486,IS1d195eac336b90015af49,-1,-1
30487,IS194f86b8bbcf140a3d4bd,-1,-1
30488,TVfbSsgD13,-1,-1
30489,EG3yUY90bV,-1,-1
30490,IS1d975b53e4bca4d1b72b0,-1,-1
30491,IS1378778289deed163196b,-1,-1
30492,Baerwolf,-1,-1
30493,IS10344c9254ce81e001ae4,-1,-1
30494,IS1ec42b569b55b0b165d84,-1,-1
30495,IS1b5829eb26461055fbeeb,-1,-1
30496,IS158297ee23ae23d6e18fd,-1,-1
30497,asd as dddd d,-1,-1
30498,IS11ea6e8b2af2f6564e81a,-1,-1
30499,IS18f3b83f52900567a91ed,-1,-1
30500,IS130c556d6c558896983ee,-1,-1
30501,IS19988d64065d7e2fddf1a,-1,-1
30502,Rsdlobster,-1,-1
30503,IS1ee62bcea0903b59b18fe,-1,-1
30504,IS18d0baedcfd7e3b468f54,-1,-1
30505,IS1c1c08ef24364cc70a0eb,-1,-1
30506,IS12fc9644fb523e09f8413,-1,-1
30507,HBDCCyGLsu,-1,-1
30508,IS11c00c07819e881cbef37,-1,-1
30509,IS1a4b9b04294ef31cdf73b,-1,-1
30510,IS19679edb2ae60d326cb01,-1,-1
30511,IS101d84a2aa5eb87859ce0,-1,-1
30512,IS110c8822b1d08b4f8d1d4,-1,-1
30513,IS19c8d934989a8709ca6ff,-1,-1
30514,IS144d1637a5be4d8b096f9,-1,-1
30515,IS1312a741f903324a022b2,-1,-1
30516,Ketçaplı TUZ,-1,-1
30517,IS122d433d4033f05714c1d,-1,-1
30518,IS1e4be3ec10e608b0693be,-1,-1
30519,IS1edb68cf53f8f0f8f5b70,-1,-1
30520,IS1e0042302653e2910092b,-1,-1
30521,IS1b3be45f80c65fb9eb2ad,-1,-1
30522,Plan665,-1,-1
30523,IS1ec54ec026f15b9a000b2,-1,-1
30524,IS1ae005d047b2a7a14efae,-1,-1
30525,IS1dba4a37bcd35936c7422,-1,-1
30526,IS1d2e57c0a4ff98b919891,-1,-1
30527,IS115e8e31989d3cfc64161,-1,-1
30528,IS15f050a653d29f443ccf8,-1,-1
30529,IS14abc0ac961e1dda262cd,-1,-1
30530,IS1b430ef7bdbdea51e60e3,-1,-1
30531,IS11ab78e26d6c5ca31202d,-1,-1
30532,IS1230b3c1e74e37b875a38,-1,-1
30533,Cloud911,-1,-1
30534,Alberte,-1,-1
30535,Teyem,-1,-1
30536,IS188de254bd4cac1e3833d,-1,-1
30537,IS1f011fa23bfef71dbb28a,-1,-1
30538,Azazel,-1,-1
30539,Champagne,-1,-1
30540,IS14fb788527a171d688538,-1,-1
30541,IS185fe6937a619d4246be5,-1,-1
30542,IS1d47d64a72e7b7a97789d,-1,-1
30543,IS17ae5b760bb2a6760dc88,-1,-1
30544,OyRqNpNpMS,-1,-1
30545,IS1e24172db1497d5f93970,-1,-1
30546,IS1202221d6672722f514cf,-1,-1
30547,IS12054e4d84a3126eccbda,-1,-1
30548,IS1634c4c73ab1e333b3772,-1,-1
30549,IS10e9092e63ab5e7cd856e,-1,-1
30550,kazukiyu,-1,-1
30551,IS1e220ada177041bab94fa,-1,-1
30552,IS129fd421a394177b821e6,-1,-1
30553,Dhampirking,-1,-1
30554,Beatrice J,-1,-1
30555,IS14375d70e5de050e6693e,-1,-1
30556,IS16a44dd31130911a57322,-1,-1
30557,IS1d9f5bc28871dc6d4c6d9,-1,-1
30558,IS1d2d23ed18e061daa90f6,-1,-1
30559,YsQZnLdzsT,-1,-1
30560,IS17fe59c05e30e078ced00,-1,-1
30561,IS1b8e4ce08a47202c0d5a4,-1,-1
30562,IS1f47688f59c0fc4403b5b,-1,-1
30563,IS1113a54cf8cc31cd39072,-1,-1
30564,IS13325b24d7e451316aa9f,-1,-1
30565,IS15b3ceee4193c0dee1754,-1,-1
30566,IS1a947454404f77fbbf58a,-1,-1
30567,TormentorD,-1,-1
30568,IS10546b1ae814455bdcc31,-1,-1
30569,IS11379e0af1cd15197a96e,-1,-1
30570,God of Spoons,-1,-1
30571,IS1c7d9c6c3f2f6be4dcb1f,-1,-1
30572,IS18ff5bf4dd506f5f54cc1,-1,-1
30573,IS1ca5211572b11bca3cbe5,-1,-1
30574,IS1c0c82ad4c5c7dca411d8,-1,-1
30575,IS1f647bee12e61eff66c05,-1,-1
30576,IS1cdfcb22a3814cb8a0954,-1,-1
30577,IS16066b261ae31dfcc9646,-1,-1
30578,IS1b3108710af3cebaa2f74,-1,-1
30579,IS1210cfae2f82b777c1f27,-1,-1
30580,IS1b618f549c6c8692c4e88,-1,-1
30581,IS1a7dbd4174702b9b22afd,-1,-1
30582,IS13f33026fbdf6c7b7d110,-1,-1
30583,IS143f541b183503f33a8c6,-1,-1
30584,IS18ff14d95120eef2e6a3c,-1,-1
30585,IS16f8f9e26b778f92a9cdd,-1,-1
30586,IS1f0d5d9c4c72668c81b63,-1,-1
30587,IS1f30684a55980833a7316,-1,-1
30588,IS15a6a1dbe075fb82c411f,-1,-1
30589,IS1ba5f6b63786af5313615,-1,-1
30590,IS1e469c8bfa8a45272a6bc,-1,-1
30591,Z3 Left,-1,-1
30592,IS1ea7ef05b4bc3c1e37d09,-1,-1
30593,IS1555e1183b6b752cbeba7,-1,-1
30594,IS1272b66300d4126b4f9e9,-1,-1
30595,IS1a9a6b30a02869a605fd8,-1,-1
30596,IS166693e97a7349d85589c,-1,-1
30597,qewqadqw,-1,-1
30598,RamboAz,-1,-1
30599,Rankaisija,-1,-1
30600,IS172428dbb70f41f833783,-1,-1
30601,BvQudtOKdZ,-1,-1
30602,IS12657e1af75ee6cb84898,-1,-1
30603,IS13c43f75e915a6,-1,-1
30604,IS1c84385730c20b6a569e3,-1,-1
30605,IS123e8167e10a47e340fed,-1,-1
30606,IS12ebb1cf52d9a6abc90ca,-1,-1
30607,IS1e10e2238f8ebee694c96,-1,-1
30608,IS183f36207c1cc2fb4dce1,-1,-1
30609,IS13298c513fbac96c77241,-1,-1
30610,IS1403e9c6c0a50a8cef71f,-1,-1
30611,IS11fd029953dc12efab959,-1,-1
30612,IS1c6b66311f9ef1fed6c89,-1,-1
30613,IS1615fa44ae7657a773566,-1,-1
30614,IS1fb73723ba5d5819a5e84,-1,-1
30615,UlTerR,-1,-1
30616,IS1f5f3b947d7d401d8fba4,-1,-1
30617,IS19d65ebfec0ec9f536fac,-1,-1
30618,ULPkfgtxd6,-1,-1
30619,IS191bf9429e3a39af69ab6,-1,-1
30620,IS174b0d4f3b0e05b8f42c2,-1,-1
30621,IS11a866f1d1f4644d2ce50,-1,-1
30622,Infison,-1,-1
30623,Sabot,-1,-1
30624,CryptiKAu,-1,-1
30625,EZREALissimo,-1,-1
30626,MhfRmOU5NF,-1,-1
30627,IS1066bbe31d1fae79596af,-1,-1
30628,JeNovA,-1,-1
30629,IS15566cc4f04717e209a22,-1,-1
30630,IS1cbfeb8cacea78283c327,-1,-1
30631,wjc19j9Q6u,-1,-1
30632,razR Kilano,-1,-1
30633,IS1aeb86d80ec9744cd2990,-1,-1
30634,IS101a33df7163f7c84bf26,-1,-1
30635,IS180753db5a8dce2f24a52,-1,-1
30636,IS1b3a62e57c6541770b65d,-1,-1
30637,Drchaos0,-1,-1
30638,CiwesJAWHl,-1,-1
30639,IS13ea21b2479fa7c1503d8,-1,-1
30640,PlayWithMeNow,-1,-1
30641,IS11b9ef0f5f8dec2752e0b,-1,-1
30642,IS1a0134a5feaec493f088c,-1,-1
30643,IS15090add692e2a4377e8d,-1,-1
30644,rKw08PGTsn,-1,-1
30645,IS15ce83afa8354f9ac5fff,-1,-1
30646,IS1ac74550943df6a7e5eb9,-1,-1
30647,Aeromir,-1,-1
30648,IS1295d37bc67fbb7737963,-1,-1
30649,YafMe,-1,-1
30650,IS1a7d8a1524d062a44b5d8,-1,-1
30651,IS1a19bd0bb21d16003b0f0,-1,-1
30652,IS1f908a4c77b219eaffed5,-1,-1
30653,IS152c89b6bcafc83d1ec72,-1,-1
30654,Knexus,-1,-1
30655,cDbXWoLdJa,-1,-1
30656,Kharde,-1,-1
30657,IS17d1a8c3c27092d00b6c1,-1,-1
30658,gteYdrux7w,-1,-1
30659,IS18329fb37b0c97223fff2,-1,-1
30660,IS10fd1b8e1be886fe6f22b,-1,-1
30661,IS1a76478650a7eea56cfc1,-1,-1
30662,SCRUBL0RD,-1,-1
30663,IS138f4c8c90e1d37968dc1,-1,-1
30664,IS12e1044113ffca7e322ee,-1,-1
30665,IS13df14c2f5f946c128de4,-1,-1
30666,IS15029c67f0c234c532874,-1,-1
30667,IS17b1abc961ebc08c28de0,-1,-1
30668,RaIFktfU9V,-1,-1
30669,IS17dcd61c116f52e398d81,-1,-1
30670,Z1 Kayle,-1,-1
30671,IS137198df8cb5519828d2a,-1,-1
30672,IS1ca949f187f64ff2d15b2,-1,-1
30673,IS18ed990fe50e3562d0983,-1,-1
30674,Howlkey,-1,-1
30675,IS1e40aa2b604c52d6c5613,-1,-1
30676,IS10ad7471fbefe5e296c92,-1,-1
30677,IS165e167d44ea8384aca04,-1,-1
30678,IS131a0fad4a5f65feb82e0,-1,-1
30679,IS11fed10cb9988a23d5d02,-1,-1
30680,IS1b79ef3d5b359f0a2cb91,-1,-1
30681,cew7ijMDCX,-1,-1
30682,IS19f325b63a9dbeed2885b,-1,-1
30683,Witmanikie,-1,-1
30684,WaCrex,-1,-1
30685,Jsclaf,-1,-1
30686,Brentmeister,-1,-1
30687,IS187a5b0a27f7be2c915b5,-1,-1
30688,conker78,-1,-1
30689,IS1d1710da5106ffbabf73c,-1,-1
30690,IS1539f5d9b227667e4260b,-1,-1
30691,IS127bf4dd7ff5bc1ba7d0d,-1,-1
30692,IS16c1c1c3b2a65fa2b6676,-1,-1
30693,IS16d70a888d143988d8a4b,-1,-1
30694,IS1bebea38815d169d47848,-1,-1
30695,IS1dd8712866e81ddeaa03d,-1,-1
30696,IS12e3cbc3d5f3f12fe809c,-1,-1
30697,NepoGroup,-1,-1
30698,IS175efc30d93e0c500bf6f,-1,-1
30699,IS17c8e7bacce545b6bdd02,-1,-1
30700,IS16cc8e0fb564b6ff44ff2,-1,-1
30701,IS168122fb8c00807dea91f,-1,-1
30702,IS1abecaf2385d8845f0c91,-1,-1
30703,IS18c1d1a462f18a5d458a0,-1,-1
30704,Sym Kensaki,-1,-1
30705,deligma,-1,-1
30706,IS1aa627625a6c3fa98f0fc,-1,-1
30707,Lycar,-1,-1
30708,HowlingKommando,-1,-1
30709,IS13a11ad0c84dd302d6a8a,-1,-1
30710,IS10f253656bcf4419ce43d,-1,-1
30711,IS1867ed0a8825406908b91,-1,-1
30712,ZoEbOBFiqz,-1,-1
30713,HDNR T1 DArKHoNz,-1,-1
30714,IS112fa368f74671eaac799,-1,-1
30715,IS15b49f1374a2b4820da29,-1,-1
30716,BAJINGAN,-1,-1
30717,IS1bb47df2585a2590be0a7,-1,-1
30718,tweak2much,-1,-1
30719,IS10ae743b6a79eb5dd70c0,-1,-1
30720,IS19f4a3bdeef465b616eb7,-1,-1
30721,IS1af6f632432640463941a,-1,-1
30722,floun,-1,-1
30723,IS12233449d6c1e0cea47df,-1,-1
30724,IS184e12a4b466e7680e7f8,-1,-1
30725,blackhaze,-1,-1
30726,IS1e1761bc78ea814268bc3,-1,-1
30727,IS12107c69cf67acb6d302b,-1,-1
30728,IS1aec069e5bd6701dabf8b,-1,-1
30729,IS105676a7a4c8023ce184e,-1,-1
30730,IS15f821f495e4419b4821b,-1,-1
30731,IS14fff87d26abff7c6d17a,-1,-1
30732,nkAAA,-1,-1
30733,IS1b5f1e466536643548ed9,-1,-1
30734,IdKn,-1,-1
30735,IS1dfe566550879b6a9754e,-1,-1
30736,IS1022dd1d7873fb80c8703,-1,-1
30737,IS10a47e18a5c99ba191a06,-1,-1
30738,IS1f314737732c317c87039,-1,-1
30739,pavaska,-1,-1
30740,baron,-1,-1
30741,Bjoink,-1,-1
30742,IS1af9fd58e2c3521628217,-1,-1
30743,IS192ee0b4d16cf0fc98790,-1,-1
30744,IS108381b63bff44b803d3f,-1,-1
30745,IS181798d13df8b256e3a99,-1,-1
30746,IS1100f04f225a780c2dc20,-1,-1
30747,Dawnfist,-1,-1
30748,Kronivar,-1,-1
30749,IS1b5edd19e56048a7c4ec1,-1,-1
30750,IS1a50b7793a093360e4186,-1,-1
30751,IS18f5021e113525a55e6f4,-1,-1
30752,IS1560caa9ed2c8865efa99,-1,-1
30753,IS13fc473a8a11232e89d82,-1,-1
30754,IS11a132a36052748a10320,-1,-1
30755,IS1ab61b41e110f72b4ef61,-1,-1
30756,G8Jg5hImda,-1,-1
30757,Blmz,-1,-1
30758,IS1175f91fab08064d6b217,-1,-1
30759,IS1c541065a40d7e1563269,-1,-1
30760,IS143a64771fecd43472229,-1,-1
30761,WaxMyBax,-1,-1
30762,Uppah,-1,-1
30763,IS14300cc76ee1bef1ac2aa,-1,-1
30764,IS15c0da3c75cec8770a72d,-1,-1
30765,Lucidae,-1,-1
30766,IS10d71d0d517e552b8245f,-1,-1
30767,IS1f333588177e3580aa7a9,-1,-1
30768,IS12fcd8be2eb989d4e098b,-1,-1
30769,IS1143714d8f7d78bde7deb,-1,-1
30770,IS1b1fe3dd50baf7c362808,-1,-1
30771,wKdxCDKwCU,-1,-1
30772,Yun Dal,-1,-1
30773,IS13bcdbb86140a1801305d,-1,-1
30774,Typezero,-1,-1
30775,IS142ae620d9e9b0a57eb56,-1,-1
30776,IS159c26e3280c607f8fe5e,-1,-1
30777,IS1c8343f4f63f6e53ac7c4,-1,-1
30778,IS1741711041a1e67526b11,-1,-1
30779,IS1c0dbeb1d58e2126c42d5,-1,-1
30780,IS1d01a4146b88619ec601e,-1,-1
30781,enano porno,-1,-1
30782,IS151d753fecf97244464a2,-1,-1
30783,IS13223e4aae3b833114354,-1,-1
30784,IS15bfbdda771533cd7f694,-1,-1
30785,IS16b5eac54bc18260b8cd4,-1,-1
30786,IS1c1fac07a1fc7b2c449fb,-1,-1
30787,IS136f617d5a2e1b08ef868,-1,-1
30788,IS1fc45fd236fcc934a0297,-1,-1
30789,IS149904c3ef11359bdaa4e,-1,-1
30790,hobokent,-1,-1
30791,I Can Train,-1,-1
30792,IS1db8545c12aca5e0fc43f,-1,-1
30793,IS19773a673e93723316c4e,-1,-1
30794,IS1ad902984219aeed24eb9,-1,-1
30795,IS1bde8721e90963c00c8c0,-1,-1
30796,IS183dcb39aa9ff31efa85b,-1,-1
30797,IS1e9b61657be9422dd6c29,-1,-1
30798,PRETENT10uS,-1,-1
30799,IS1838b20551ee482d46fb6,-1,-1
30800,IS1aeb13be05aab06902066,-1,-1
30801,IS18481c33c38f79ba7f5bb,-1,-1
30802,DanielNrj,-1,-1
30803,IS1f1770156d20fd45a7a6e,-1,-1
30804,IS1176c75820740b17aa553,-1,-1
30805,IS1506693f0c0a8e693be86,-1,-1
30806,aizaru,-1,-1
30807,Jibanizer,-1,-1
30808,IS102ee10cfc72af8eb195e,-1,-1
30809,IS181180c21b62b4de5f3d2,-1,-1
30810,IS13b6d6532ed63ff6ae276,-1,-1
30811,IS18e497ad2813b4cb8930f,-1,-1
30812,RAMMUS KlNG,-1,-1
30813,IS1af26dc0e4d76caac2826,-1,-1
30814,IS1a7798ce7f1bccac9a247,-1,-1
30815,IS1eb56bab6d06f6f292a0e,-1,-1
30816,IS150fba024eca72d6a458e,-1,-1
30817,Rllulium,-1,-1
30818,IS14fc4ff5ab2c92ee5b98f,-1,-1
30819,IS1b2ae052eb3f684995821,-1,-1
30820,Manny Ramirez,-1,-1
30821,IS143afa7b24fb5311f8dfc,-1,-1
30822,IS1838bdfe5ecdeadb520be,-1,-1
30823,IS170c1c8438f72e19b7170,-1,-1
30824,IS1c47dffead9c1cf4eb9fe,-1,-1
30825,IS1189246cab7ef50685f0b,-1,-1
30826,Bakinets,-1,-1
30827,Bierno,-1,-1
30828,IS132ad9065bbadfe5c2319,-1,-1
30829,IS1305cbe39aad807215562,-1,-1
30830,IS1eb77129989e557dd50d0,-1,-1
30831,IS1b3dc1ae27b920d1cacf8,-1,-1
30832,z1 pump,-1,-1
30833,IS1613bcd2de4dfc1f06ce0,-1,-1
30834,IS1ea177c0fdb7013b1707b,-1,-1
30835,IS1a1d3e613285a57f69f4f,-1,-1
30836,IS1c50dca6a1370d803eb19,-1,-1
30837,Sukka,-1,-1
30838,IS114983ed6b6e9dbbff735,-1,-1
30839,IS13a343069bd70601b676c,-1,-1
30840,IS141be1c476cd158fc4301,-1,-1
30841,IS11875a06c4fa666166697,-1,-1
30842,IS1870bd312eed9df6d48ff,-1,-1
30843,IS14f196e07626ad6bf49c8,-1,-1
30844,Talyth,-1,-1
30845,Kushmeyer2,-1,-1
30846,IS13fcc2a520cc43c0d4f11,-1,-1
30847,IS17a8018594d98f28706f2,-1,-1
30848,IS174cdb50d8d1fd2a020ab,-1,-1
30849,IS108f6474dbc9f945bfd64,-1,-1
30850,8infinite8,-1,-1
30851,IS1aed1810a82e1d5138f52,-1,-1
30852,No real skill,-1,-1
30853,IS1d1822d546ed038ea33ae,-1,-1
30854,IS137d4894131d516649a5f,-1,-1
30855,IS1f701449abad130cce798,-1,-1
30856,IS1c344e8f8e229d8e080f3,-1,-1
30857,IS1ab89c566464be34e091a,-1,-1
30858,Errandir,-1,-1
30859,IS1aa5600b32dd429c159da,-1,-1
30860,Dropped Wards,-1,-1
30861,IS13557dfe66286add0e8a1,-1,-1
30862,KOKOMAN,-1,-1
30863,IS1402752eb646cc6f51ae7,-1,-1
30864,IS1c9875618b3d7833831e2,-1,-1
30865,Akito Osbourne,-1,-1
30866,Lansatac,-1,-1
30867,IS1a8ab28da953a402b6669,-1,-1
30868,IS14bde9f504d9c6ef027d1,-1,-1
30869,IS156ae53f9c827665af265,-1,-1
30870,Stinging Kongol,-1,-1
30871,bakka peezy,-1,-1
30872,IS1d61d515bb65deac0259c,-1,-1
30873,IS15b9fdb3149eaba9665df,-1,-1
30874,Senpai Turtle,-1,-1
30875,IS1ec68cddb9d103387ffbe,-1,-1
30876,IS1736c45838ef0ed2fcd37,-1,-1
30877,IS180fb17d38c9c3398cd2c,-1,-1
30878,IS162c0e7412bcb263eb6ac,-1,-1
30879,IS14b0c08149542a21096c0,-1,-1
30880,IS182614a4931f309704d69,-1,-1
30881,IS12803fb8773ad50e528c9,-1,-1
30882,IS1fb6d2b95cd397439f23a,-1,-1
30883,m4z1ng312,-1,-1
30884,LadyVayda,-1,-1
30885,IS1f426769ee7fe737f82ff,-1,-1
30886,dragonmaster5,-1,-1
30887,IS1526fbb9c54d80873abcd,-1,-1
30888,Griever14,-1,-1
30889,IS13d331a3cf6a0f5f1e748,-1,-1
30890,IS1e6c7676fcc685ec2b32a,-1,-1
30891,IS189c6ceb7086dd22d6447,-1,-1
30892,IS180da5ba3b374911d10cb,-1,-1
30893,Scient,-1,-1
30894,IS15202c98385e8adaf711d,-1,-1
30895,IS1cc8c0a70d5befedf754f,-1,-1
30896,IS151707e72fcb84e48b6ed,-1,-1
30897,IS13972dc2c7dcd0f80517d,-1,-1
30898,Damnationxx,-1,-1
30899,IS1fd11cf728657591b2c02,-1,-1
30900,cTTOpf2IzY,-1,-1
30901,IS1c46a1f5cfe4cda915574,-1,-1
30902,IS1a23182bf604e3b202915,-1,-1
30903,Flinky,-1,-1
30904,IS1f2c263607fbc27e7a34e,-1,-1
30905,IS10e37db826b95ca6c44fd,-1,-1
30906,3OOFYP4K24,-1,-1
30907,IS19b5834cb5e9286b4ce4b,-1,-1
30908,IS11f34a396ebc7a9ba9f7c,-1,-1
30909,IS10b656f8986f42a76092f,-1,-1
30910,Banana Backwash,-1,-1
30911,IS1ec0a0df354707b5a1c08,-1,-1
30912,Kavalier,-1,-1
30913,DebaserZbs,-1,-1
30914,IS10db3eabc4a9936cb2f6d,-1,-1
30915,IS11930edf770e801372880,-1,-1
30916,IS1e711ce2a5eb3df2253dd,-1,-1
30917,DVaGEM7D27,-1,-1
30918,Vyrotek,-1,-1
30919,Z3 Grizzy,-1,-1
30920,IS19fccdeacce5d01fd5dec,-1,-1
30921,IS192b97e341d8eb21b82ea,-1,-1
30922,IS18b057bcc082a7db75a57,-1,-1
30923,Cantrell,-1,-1
30924,IS17b89a1c674d08211e768,-1,-1
30925,IS1b7cf8d33b0319c4a5c98,-1,-1
30926,Knahel,-1,-1
30927,IS1e138b47062d56c60fbd8,-1,-1
30928,IS10ae1a003583c7d2b853a,-1,-1
30929,IS12e348171c5a7523c067e,-1,-1
30930,IS14c666ac02b8d1b5d9d59,-1,-1
30931,IS1568f9333a89fa8796938,-1,-1
30932,IS1791cab369832567f7715,-1,-1
30933,Kujou Mikoto,-1,-1
30934,IS1f85b8fc0eb8ad5b36458,-1,-1
30935,IS17bd60be9ab6609b9bbf7,-1,-1
30936,trias,-1,-1
30937,IS18d7e744930ba3a082559,-1,-1
30938,IS169102f83450fbf2c684c,-1,-1
30939,IS184cead6c4af4423a9ccf,-1,-1
30940,IS14f3f200ea3d194facf12,-1,-1
30941,IS1fa9517e18acae3b29348,-1,-1
30942,IS11c4ee20ac49e72216fa4,-1,-1
30943,Eloi,-1,-1
30944,IS164a9c1ad922562815c1a,-1,-1
30945,IS19e8d4c4bf739243bb546,-1,-1
30946,IS18caab9e0eba4c30ad7d8,-1,-1
30947,virgib,-1,-1
30948,HesleyRdbghs,-1,-1
30949,IS147580e6d5d2744fdeae3,-1,-1
30950,Rior,-1,-1
30951,nothingpants,-1,-1
30952,IS1d7231701d300a7b4451c,-1,-1
30953,IS1c1b85b239a4cea69f48b,-1,-1
30954,IS1103ccc0bf44e8cdf6770,-1,-1
30955,twistedfaith5342,-1,-1
30956,IS1922e68f90b9358f8be0b,-1,-1
30957,IS16551bda7abb393ac860c,-1,-1
30958,IS1898865a5f348bb4e818d,-1,-1
30959,Scosglen,-1,-1
30960,IS18a85689cc0481d9d7303,-1,-1
30961,Ferguzman,-1,-1
30962,IS17900e74f4a55a03db1fc,-1,-1
30963,Lord Beuler,-1,-1
30964,Klappa 123,-1,-1
30965,IS13e568546f66654ee5ee1,-1,-1
30966,IS1968fd8c34d5727e4996d,-1,-1
30967,Drakozz,-1,-1
30968,IS18a25947ecf9ba174e0f5,-1,-1
30969,flaakmonkey,-1,-1
30970,IS170a916606634c3e76da6,-1,-1
30971,toomad,-1,-1
30972,Buppers,-1,-1
30973,born2expire,-1,-1
30974,IS1fb934f53571fb56151d6,-1,-1
30975,IS11ac2195e984d6eee33b8,-1,-1
30976,ncBGD552lw,-1,-1
30977,IS1b857ebddb2619860007c,-1,-1
30978,PwningMeSftly,-1,-1
30979,xBoba,-1,-1
30980,Navega666,-1,-1
30981,IS1e2d0700e7b6b75f6b2a1,-1,-1
30982,ThePhantom,-1,-1
30983,Kryx,-1,-1
30984,CaptainLx,-1,-1
30985,IS1b97501335e2792e5abc7,-1,-1
30986,Grudgebringers,-1,-1
30987,Bramickias,-1,-1
30988,IS1c961e50faa879b057e97,-1,-1
30989,IS17f0e879697f012ea3815,-1,-1
30990,IS1a0e086c45ca392adf13f,-1,-1
30991,Feed Bot,-1,-1
30992,Milagir,-1,-1
30993,IS17b10afdf6efcb920dea9,-1,-1
30994,mushrooman,-1,-1
30995,iPLMfWskmj,-1,-1
30996,IS1ccf4b6e6a8b1763508fe,-1,-1
30997,IS164aab5c68f62979c320b,-1,-1
30998,Bqs5NFs3Ah,-1,-1
30999,IS142fd71f4fdd4cba9414e,-1,-1
