31000,IS19c569b6f3640d5407d8c,-1,-1
31001,LegendaryOne,-1,-1
31002,IS1eb732c56810c4736e3c3,-1,-1
31003,Adrenaline,-1,-1
31004,h1tlerdindonuffn,-1,-1
31005,IS1571b38a7914b74f63a9e,-1,-1
31006,IS176f1e86faa0c9edd702d,-1,-1
31007,IS193f9549979e3488cab04,-1,-1
31008,IS15d235a2e01d7a1a5b43c,-1,-1
31009,Legndsfsd,-1,-1
31010,IS1d558eef803211e81f4f2,-1,-1
31011,IS1ecd682cd8536ae27cdb9,-1,-1
31012,IS11e35b2ac8c0f6a8ec78b,-1,-1
31013,IS1cac86c0988f11d76e690,-1,-1
31014,IS18f5c70bf4ffad3485829,-1,-1
31015,IS12c94ef6f35d90282702f,-1,-1
31016,xillmatix,-1,-1
31017,IS19b6d4cee4da276d4970e,-1,-1
31018,IS1ac3aca7bed16b57444b8,-1,-1
31019,IS169eeef4279da40dcdfe0,-1,-1
31020,Telestia,-1,-1
31021,IS16be1b8a91b27e41d2f77,-1,-1
31022,IS1575d96bf70873edc52a4,-1,-1
31023,IS1327158619fb1326434cc,-1,-1
31024,Fragzor,-1,-1
31025,Blademasta,-1,-1
31026,IS10dc11a6b1d4568c786da,-1,-1
31027,IS14a8b439cf5e46fc5dfd2,-1,-1
31028,IS1c8911c6a5362f89a06ab,-1,-1
31029,anchpwz,-1,-1
31030,IS1c025bedbdc88b3640ae9,-1,-1
31031,IS1cea42c643ce986dc203a,-1,-1
31032,IS1ef8cbdcb51f0dc4972a8,-1,-1
31033,BetaNooB1,-1,-1
31034,IS171b5c2bf66d416a06ce2,-1,-1
31035,IS171b5f923a3481975f65d,-1,-1
31036,clubzspadez,-1,-1
31037,IS14d057e8ba796fcae6942,-1,-1
31038,IS1b0872845c4fcdcda7922,-1,-1
31039,IS1d6ee2d708a4a6cb24291,-1,-1
31040,IS117ca4a108b5be6f756ac,-1,-1
31041,vstroz,-1,-1
31042,IS120d202186d63f9048dfa,-1,-1
31043,IS157655b7248284b413b6f,-1,-1
31044,IS197c55a790d4e7ae23a9c,-1,-1
31045,Obliviron,-1,-1
31046,StroMi,-1,-1
31047,IS13bb139951cb0ae9ddeee,-1,-1
31048,IS16d4de2ba1551614a08c8,-1,-1
31049,IS1fa19e1a9ca41ab05f050,-1,-1
31050,CEZV2dh9Zi,-1,-1
31051,IS1157f2b1b68bafb1f0a3e,-1,-1
31052,00msHaslfV,-1,-1
31053,IS17a8cc2a9738ebde4bfcb,-1,-1
31054,IS1bc990fb88b539bc3a45e,-1,-1
31055,IS180984de07508b68237d8,-1,-1
31056,IS1ae2f3cb5907b9280bcaa,-1,-1
31057,IS1eb9ce9c29e1698dbc84e,-1,-1
31058,IS197d94cc5061d1c593a3b,-1,-1
31059,IS19b628dabb2d25376a142,-1,-1
31060,IS1463497c9fbaabf8b4621,-1,-1
31061,BurntSushi,-1,-1
31062,OneCitadel,-1,-1
31063,Varjis,-1,-1
31064,Xenzoku,-1,-1
31065,Vicîous,-1,-1
31066,IS15cbfe605cdbed7f4e26d,-1,-1
31067,IS1b19790400382abdd532d,-1,-1
31068,IS1f4283654c0503482e74b,-1,-1
31069,Souly,-1,-1
31070,IS11385d5bb4ea2ae8fe585,-1,-1
31071,IS17e528fb0edd21579e9c0,-1,-1
31072,IS1709ce1b63d12c5447791,-1,-1
31073,IS1eecfd2e847498002cd29,-1,-1
31074,Salrok,-1,-1
31075,IS123edaed26cc0c74f47ab,-1,-1
31076,IS16a5d20efbe942d6cf993,-1,-1
31077,Jammin13,-1,-1
31078,IS1a7e1b49002de4cbf7ad3,-1,-1
31079,IS1214c3bb498c11c10ea4d,-1,-1
31080,IS1273a9ed83a46a130c0a3,-1,-1
31081,IS137568c2a9934f32e6155,-1,-1
31082,IS1381b848ea23326085151,-1,-1
31083,IS1ae220b98267172f2f0ba,-1,-1
31084,Skorri,-1,-1
31085,NeODyK,-1,-1
31086,hXuxC1R6rV,-1,-1
31087,IS1bb4aa16f114e795a59e8,-1,-1
31088,beribi,-1,-1
31089,IS18e999b5cd937d5e6827e,-1,-1
31090,IS1aef482be0d07b465f6a5,-1,-1
31091,IS167eaf55e6620f468b0ec,-1,-1
31092,CryoPlasma,-1,-1
31093,IS11c3b9cdbc9c568949344,-1,-1
31094,IS1c865e224346e6b92d772,-1,-1
31095,IS1626dc2f1b77e52bb301e,-1,-1
31096,IS160182918e2fd6f5c6672,-1,-1
31097,IS1369ee992dae0ad39b856,-1,-1
31098,IS1183ba0188b2303662550,-1,-1
31099,IS1ecd5a1c7a80773f01ec2,-1,-1
31100,donttouchmybutt,-1,-1
31101,CannonFodder Dee,-1,-1
31102,Flea,-1,-1
31103,IS1dbe0f1ea8ad16a331421,-1,-1
31104,MailmanOdd,-1,-1
31105,IS1d9c79ad2b9be2fd0aa84,-1,-1
31106,bbjessica,-1,-1
31107,IS1eb83217574d4dccd5551,-1,-1
31108,IS18526c59c138f85525aa8,-1,-1
31109,TsundereAsh,-1,-1
31110,Ziploque,-1,-1
31111,IS1b2c6f09825829e492b8d,-1,-1
31112,IS119f8456e4366203e5562,-1,-1
31113,bergsby,-1,-1
31114,IS1fd6f11914a4ec9dfedbd,-1,-1
31115,Flupper,-1,-1
31116,IS18308ae9cde8917e2ada9,-1,-1
31117,6yCn4nxiy2,-1,-1
31118,laudi,-1,-1
31119,IS107b5a3f83951be5b4df4,-1,-1
31120,IS108b41f64a8af2fb59920,-1,-1
31121,Riva Bulwer,-1,-1
31122,windfaden,-1,-1
31123,caroyaaHarley,-1,-1
31124,Mantastic,-1,-1
31125,IS1b47cc3b55a73fc486c54,-1,-1
31126,IS1b2e3453b7aad610c6515,-1,-1
31127,IS1663504c5cc3a143a9b89,-1,-1
31128,IS1e14bfcf5ae20ee4c23f0,-1,-1
31129,IS132a05b10cd8b625c81fd,-1,-1
31130,Cherubas,-1,-1
31131,Dannamoth,-1,-1
31132,Exinferis,-1,-1
31133,IS142f7f0cdaff766a58238,-1,-1
31134,Upgrayedd,-1,-1
31135,Drexas Timeforge,-1,-1
31136,Spasmer,-1,-1
31137,Nakx,-1,-1
31138,IS11d4b41ca6aade4419e42,-1,-1
31139,IS1e75425c7f2c2c9e96a5c,-1,-1
31140,gamingondonge,-1,-1
31141,IS164c4f62dd88d4558b1d6,-1,-1
31142,IS16462ac3bf23804a39bd5,-1,-1
31143,Joeface,-1,-1
31144,IS1c30a8bdbce38be61b422,-1,-1
31145,IS1c2aa2770a7ba2a3cd2e8,-1,-1
31146,RWoyvPhMbT,-1,-1
31147,Crazzthor,-1,-1
31148,wwwwwwwwasdasdas,-1,-1
31149,Twodudesonabike,-1,-1
31150,Blow Horn Royal,-1,-1
31151,IS150ef81d52ee81dd1d7b5,-1,-1
31152,IS12b5d0728970ede4b0777,-1,-1
31153,IS1f68d161448e658fdd76b,-1,-1
31154,Bronze 5 Brasil,-1,-1
31155,IS1db0a3a3baad4f763ae21,-1,-1
31156,IS12ed3d0bcf89ded827461,-1,-1
31157,IS1c252c3aa57552a94af25,-1,-1
31158,SushiFtw,-1,-1
31159,Olwin,-1,-1
31160,IS13676829466004e600e64,-1,-1
31161,IS135dd51c914156e01007a,-1,-1
31162,IS124eacf57bdf97c1f9c9e,-1,-1
31163,toast424,-1,-1
31164,Large Box,-1,-1
31165,IS1bce6299c291eb39e0022,-1,-1
31166,IS1519f0c04728a1bdb9313,-1,-1
31167,XxFlipxX,-1,-1
31168,IS17641d5479f233810a798,-1,-1
31169,IS1e8072b0d637d16f5fdb9,-1,-1
31170,IS1bd1505ef0f804c21cc2a,-1,-1
31171,IS17c803d4033366d8da20b,-1,-1
31172,IS1afa030c827d58b2cc858,-1,-1
31173,TrueGoible,-1,-1
31174,ABullet84,-1,-1
31175,IS17bac8c90cc042869a7ea,-1,-1
31176,NoraNeko BA,-1,-1
31177,Geitz,-1,-1
31178,Felblood,-1,-1
31179,Alzex,-1,-1
31180,IS167efc8123bf85fc1ccb4,-1,-1
31181,IS1d0f6ae0de365c1fcd418,-1,-1
31182,pmd,-1,-1
31183,IS184f060b7b565135e2365,-1,-1
31184,IS1b7e8af316bdc0cb84fad,-1,-1
31185,IS1e1831a5b0a1998e38d1e,-1,-1
31186,IS1b1433c961ace509971d0,-1,-1
31187,Barfur,-1,-1
31188,dvspns,-1,-1
31189,Garad,-1,-1
31190,IS199fb17d7ff6bc384a52f,-1,-1
31191,IS17fd3f2c94fabf299fb97,-1,-1
31192,WPSGIBZmHD,-1,-1
31193,IS152a688f6b5cc14bb3006,-1,-1
31194,Otheym,-1,-1
31195,IS1122922a55fb102f602e3,-1,-1
31196,IS1cb746b0ab4c888939818,-1,-1
31197,Krax,-1,-1
31198,IS17898b86235766021c19f,-1,-1
31199,PAX Kek,-1,-1
31200,kuru46,-1,-1
31201,Kiraly,-1,-1
31202,aktentasche,-1,-1
31203,IS1c53253882a9f9f913cbd,-1,-1
31204,ThatJester,-1,-1
31205,Magnus Magus,-1,-1
31206,IS193d25ab5c2a67595a270,-1,-1
31207,ViperXVII,-1,-1
31208,Galestorm,-1,-1
31209,IS1521adc60043e97240958,-1,-1
31210,IS1e632cdfcf01eefd6b01e,-1,-1
31211,neogeo777,-1,-1
31212,Niltak,-1,-1
31213,BQDUZUn04K,-1,-1
31214,DroboBit,-1,-1
31215,frotarlibre,-1,-1
31216,IS18a125139fe2dc0054ff1,-1,-1
31217,IS1ce43edc5a85208ee60cf,-1,-1
31218,bovicide,-1,-1
31219,Feuern,-1,-1
31220,o8Mac8o,-1,-1
31221,IS105430ce177318,-1,-1
31222,IS1c0f49746452faa415c1c,-1,-1
31223,IS13d8bf303f4771e6973e6,-1,-1
31224,IS1487a12030c6dbde8e3d3,-1,-1
31225,CommanDURRRR,-1,-1
31226,IS184cc28fef0104e64b5bc,-1,-1
31227,IS1ee03c915839cffd2024b,-1,-1
31228,IS19a7338900193f90fbba5,-1,-1
31229,IS14189fb225dbaec8f9e62,-1,-1
31230,The Jesus Bird,-1,-1
31231,IS195515259692b741b890e,-1,-1
31232,Arinio,-1,-1
31233,IS10be196f95f166fec2807,-1,-1
31234,Wildshot,-1,-1
31235,IS152d647a288e3d46b3b2e,-1,-1
31236,IS1caf06f342a367cfe6304,-1,-1
31237,Shasmo415,-1,-1
31238,IS1a162ba900d37ea48e67d,-1,-1
31239,imorala,-1,-1
31240,Gult,-1,-1
31241,IS1c7f69fff513048513324,-1,-1
31242,IS113d2c43c17204efab297,-1,-1
31243,IS121c1d4e317cbbbcac5a2,-1,-1
31244,IS1fe49a14de9a4899ab466,-1,-1
31245,IS1164605d79454b8db8671,-1,-1
31246,IS19c44de2b0eb8aff4e258,-1,-1
31247,Knight985,-1,-1
31248,IS1390e498517b310f7a378,-1,-1
31249,Scrumdidilyumptious,-1,-1
31250,Gorgan,-1,-1
31251,xDrivebypwnedx,-1,-1
31252,IS12e728f513dbe744803f6,-1,-1
31253,Meroes,-1,-1
31254,Kattsallad,-1,-1
31255,KingPlays,-1,-1
31256,IS1a43f2ff08bb3af6780e7,-1,-1
31257,Peleckis,-1,-1
31258,IS107754c99925e78035b3f,-1,-1
31259,Z2 Sharkmitk,-1,-1
31260,the cheese guy,-1,-1
31261,BobDoleV,-1,-1
31262,IS1d4e678783e668802b7a6,-1,-1
31263,IS175c803d9084ac18e39b9,-1,-1
31264,kookiez r yum,-1,-1
31265,LoveDollRomance,-1,-1
31266,SoloRammusOnly,-1,-1
31267,Virtuslol,-1,-1
31268,SweD3m0nK1ll3r99,-1,-1
31269,IS1cea9561c1edfbf3a3451,-1,-1
31270,Elmuerte,-1,-1
31271,Cpt Nugget,-1,-1
31272,CAIBAD,-1,-1
31273,IS132975adf6bd97c53014e,-1,-1
31274,Mentalfrost,-1,-1
31275,IS16ad8f19a6952c950ab32,-1,-1
31276,IS1afde0fc1ba4e68c4636c,-1,-1
31277,Exnagu,-1,-1
31278,Kilamir,-1,-1
31279,4 The Fans,-1,-1
31280,Vyrian89,-1,-1
31281,IS14b5675c82f561eb9cd4c,-1,-1
31282,IS1d13d0ce8b389da309842,-1,-1
31283,guy3o3,-1,-1
31284,Mavèn,-1,-1
31285,IS15786b076e998ffdd1052,-1,-1
31286,buddhabud,-1,-1
31287,ANGRY KOREA MAN,-1,-1
31288,IS1e57a9fa715376dae4c20,-1,-1
31289,IS152441b7e5a9e7bf5fc0a,-1,-1
31290,AintNoLuv,-1,-1
31291,IS1fd9ad99831d5df783c7c,-1,-1
31292,IS1644c5859e7a54ff1e716,-1,-1
31293,RicoSuavier,-1,-1
31294,McOwner,-1,-1
31295,IS11012fe15ae0402e93620,-1,-1
31296,deathjester,-1,-1
31297,Fluffmeister,-1,-1
31298,Debastacion,-1,-1
31299,IS1c15dac6e857cd7e33e05,-1,-1
31300,BestAmumu420,-1,-1
31301,Menara,-1,-1
31302,IS12fbe4f1a6ae2a1770329,-1,-1
31303,Rapos,-1,-1
31304,IS168d7184664859cf30a80,-1,-1
31305,IS1025826d518de83521e51,-1,-1
31306,IS1be0b96729728d035a7ae,-1,-1
31307,IS1e64555a2babbb2ccddc2,-1,-1
31308,IS11af89a37f8403b84efd4,-1,-1
31309,K1rkmand,-1,-1
31310,mikeysoif,-1,-1
31311,IS1677d2896836bb5921cb4,-1,-1
31312,Draconlore,-1,-1
31313,IS159e3f1d42bccb8996777,-1,-1
31314,IS1a7d37f99cca6c69549b5,-1,-1
31315,IS18ebef52df7eb2f4dabd8,-1,-1
31316,killjoydoc,-1,-1
31317,PandaSmurfff,-1,-1
31318,Woundums,-1,-1
31319,Syous,-1,-1
31320,Apoleo,-1,-1
31321,Bobbygg,-1,-1
31322,issfire,-1,-1
31323,CaDG3K2i52,-1,-1
31324,IS1a303dd8c02b7da1c9206,-1,-1
31325,Lloyd,-1,-1
31326,IS104326425e0c525115724,-1,-1
31327,Deadly,-1,-1
31328,Gorlu,-1,-1
31329,IS1bf73ce680c2b78aa328f,-1,-1
31330,IS1d3c53bd76874aaf30773,-1,-1
31331,IS17e4b74ae21595155ec91,-1,-1
31332,IS19bfb4817643c0e12b11e,-1,-1
31333,yako2020722,-1,-1
31334,IS1d586a02eb907a0c9c0dd,-1,-1
31335,Xylo,-1,-1
31336,Broccoliman05,-1,-1
31337,IS155d63828af3bfab778f6,-1,-1
31338,IS13f9185ea27c41855ed64,-1,-1
31339,Rhapocalypse,-1,-1
31340,IS154529b3d9c4e209b74a0,-1,-1
31341,IS13403a001386b2c3da054,-1,-1
31342,meglomaniac,-1,-1
31343,IS148cca47014655c2c4789,-1,-1
31344,IS17e64f03ecdc16f7eae8b,-1,-1
31345,me emo,-1,-1
31346,Z2 Wizis,-1,-1
31347,IS160c8a58057ed7e2eb77b,-1,-1
31348,Flawless,-1,-1
31349,Mechroe,-1,-1
31350,IS19717a88413651fdddf4c,-1,-1
31351,SgtPepper,-1,-1
31352,HongKongFever,-1,-1
31353,tastelikesmilez,-1,-1
31354,IS15b7ad2ba940585e53500,-1,-1
31355,IS188877f7b1097e978f99e,-1,-1
31356,Ritzadette,-1,-1
31357,IS1b928b05590a311d0c44b,-1,-1
31358,IS1794c08f3479a856c0796,-1,-1
31359,IS1b86e2c7cd51c43831a46,-1,-1
31360,dethbykuala,-1,-1
31361,CA Faisal,-1,-1
31362,Khirov,-1,-1
31363,lazyaxus,-1,-1
31364,Valyn Styx,-1,-1
31365,IS1302dc36d319d35c7bf65,-1,-1
31366,IS1d615460cd56c8093de16,-1,-1
31367,Vaerenth,-1,-1
31368,90J8ugqvKO,-1,-1
31369,IS1522eb5392efe446d8a5b,-1,-1
31370,Ryoozaki,-1,-1
31371,SHAAAAAAAANE,-1,-1
31372,rCh0qEK63q,-1,-1
31373,IS19bcf57916a733e5ff5e3,-1,-1
31374,Craz1220,-1,-1
31375,XDbeta,-1,-1
31376,Zhalimar,-1,-1
31377,IS17c0eb25d7a8b7250da5b,-1,-1
31378,IS127b40fb2353fc03e2bf0,-1,-1
31379,IS1bab5c01c0cd06386b958,-1,-1
31380,IS1e9058de9fde01d54540d,-1,-1
31381,IS1078ae0895b5c06bac1be,-1,-1
31382,Edbert,-1,-1
31383,JiKo,-1,-1
31384,IS1180149ff1107d6d48f78,-1,-1
31385,IS1b2383740f768ed209602,-1,-1
31386,tJg2vPEGc4,-1,-1
31387,IS14a5c4979465f4d27e1e3,-1,-1
31388,kimore,-1,-1
31389,Melee Moses,-1,-1
31390,Rapadox,-1,-1
31391,IS122f4f5a45903bc4f319a,-1,-1
31392,NiglesTheClown,-1,-1
31393,Z3 Op,-1,-1
31394,IS1be663374dbe676987dbc,-1,-1
31395,IS13565d4d3b82b0db2fc65,-1,-1
31396,IS113aaef1f5029de4792b0,-1,-1
31397,WYQJBHPZ1,-1,-1
31398,Deneth,-1,-1
31399,62WBf13qEq,-1,-1
31400,vH8UHLYqyg,-1,-1
31401,IS199731a626c0002467c65,-1,-1
31402,IS133f9ac603a67fb18fd94,-1,-1
31403,Silvanio,-1,-1
31404,IS114eda9b2ade90076c44d,-1,-1
31405,IS18e898a1ed151bb8b401b,-1,-1
31406,IS1c099be6137ba7a909cc7,-1,-1
31407,defenestrate,-1,-1
31408,IS1c59a1f7e4fba73cee0db,-1,-1
31409,XalyumeX3,-1,-1
31410,stangmar,-1,-1
31411,WalletWorker,-1,-1
31412,EtDecius,-1,-1
31413,IS164f350d065d0a5c51123,-1,-1
31414,IS140203e88cb7cb014b74f,-1,-1
31415,TchieLo,-1,-1
31416,IS1ec667e3a3e05d935fe8c,-1,-1
31417,Daba,-1,-1
31418,Vdv8PEXnFk,-1,-1
31419,Terrovek,-1,-1
31420,IS178205e237f8694399ddc,-1,-1
31421,Dasterin,-1,-1
31422,IS1173fb5788fa25b2aa3d9,-1,-1
31423,Atremidor,-1,-1
31424,smccreadee,-1,-1
31425,vUTWAtlzy3,-1,-1
31426,Saint Seraphiel,-1,-1
31427,IS1eab6e586fe0cfde77948,-1,-1
31428,JohnnyDam,-1,-1
31429,IS124d03b9fc7fee7e2ad8a,-1,-1
31430,Rquit,-1,-1
31431,hybridd23,-1,-1
31432,IS1cec203871db6d9595586,-1,-1
31433,IS102a28fef53520783d4c0,-1,-1
31434,Sole Ant,-1,-1
31435,IS1dfa8be4c3eaa864c56ee,-1,-1
31436,IS1f7e21e4aff5f1047801e,-1,-1
31437,IS1ec2a53ee7e4d8eeab451,-1,-1
31438,IS111f2c634896ef544cfe0,-1,-1
31439,IS1d57e5e844a749fee53fb,-1,-1
31440,IS11dfc4839ba23a3d2443a,-1,-1
31441,IS12dc72696c329a4d47b8f,-1,-1
31442,IS1d29d7ca6f72297aebb9d,-1,-1
31443,IS18883d5b39d05bd64fea2,-1,-1
31444,viewtiful,-1,-1
31445,IS1cd1b10ae553c61803c61,-1,-1
31446,Rhilum,-1,-1
31447,InNAWELive,-1,-1
31448,Celdatari,-1,-1
31449,IS1e5d69f5ae982b8b664f6,-1,-1
31450,IS131b73667f3a2b9224888,-1,-1
31451,IS1f5c713a4c14044747778,-1,-1
31452,kidmad,-1,-1
31453,Tabernaster,-1,-1
31454,IS148a0ea6152d4bad9a10d,-1,-1
31455,Jay The Legend,-1,-1
31456,wsy Chrghbgy,-1,-1
31457,0mQdH597ru,-1,-1
31458,IS14c27bc46a147e73aa552,-1,-1
31459,Dan The Mam,-1,-1
31460,FrUiCoKtu,-1,-1
31461,ternaldo,-1,-1
31462,Carpenter,-1,-1
31463,IS14971b47bce5de45189fb,-1,-1
31464,IS176fa7a0ae152ce0c68c7,-1,-1
31465,Toliris,-1,-1
31466,prefieroeldota,-1,-1
31467,Flurus,-1,-1
31468,IS122030339fcf2960c15e9,-1,-1
31469,IS1d07ae686344a55414be1,-1,-1
31470,Pellesini,-1,-1
31471,IS19522d556899edb9f10bd,-1,-1
31472,IS13d2ad754529fc4244f3e,-1,-1
31473,IS1d09f88940ead90462022,-1,-1
31474,Torak375,-1,-1
31475,studwalker,-1,-1
31476,IS104f5b3f3c6123055a974,-1,-1
31477,IS1c1b80bbb33fb12e890af,-1,-1
31478,IS16bbddca5ab8fc0b8357e,-1,-1
31479,IS106601625e713d31605f9,-1,-1
31480,itsed05,-1,-1
31481,IS1b0e169de0b47ae9c2842,-1,-1
31482,Ross the Rabbit,-1,-1
31483,Mighty,-1,-1
31484,IS1e38339105b7d1af05990,-1,-1
31485,IS175387908967a23b9a8d4,-1,-1
31486,IS1f20298b0a1b76ca29334,-1,-1
31487,Douglina,-1,-1
31488,Latif,-1,-1
31489,IS13512a0e6558da13d7328,-1,-1
31490,IS19602948e674a85fbfe09,-1,-1
31491,IS176cf01048f4b1d367e35,-1,-1
31492,IS17f776c78f839d0203739,-1,-1
31493,IS131e2174277b34e5aa64b,-1,-1
31494,ImbaTangos,-1,-1
31495,PrinzTowerDive,-1,-1
31496,IS128d99ff95e6bd9ca0acc,-1,-1
31497,IS17c8e7e25a9b588299f84,-1,-1
31498,IS14ae4123761055e639bc2,-1,-1
31499,76eTEv50cJ,-1,-1
31500,Servanda,-1,-1
31501,gumbo cola,-1,-1
31502,m rok89,-1,-1
31503,IS1e93049d2bfe3e7356354,-1,-1
31504,IS1f95cad3abaf272f459f8,-1,-1
31505,makel0s,-1,-1
31506,IS148d8d09d1d2523ea8941,-1,-1
31507,IS1ad038aeeb0ea72b825ad,-1,-1
31508,IS19692d7651ce74fe4522e,-1,-1
31509,IS181b43f0f9241d77b513d,-1,-1
31510,IS1e511a4d6f8c83b041556,-1,-1
31511,IS1dc997409125af72078c4,-1,-1
31512,RenegadePhoenix,-1,-1
31513,IS144d57924ed5450567889,-1,-1
31514,this is SNOW,-1,-1
31515,IS1d5a1d863d20da580a0a3,-1,-1
31516,IS1b3143b81404c6258f316,-1,-1
31517,Noktis,-1,-1
31518,rommulus,-1,-1
31519,IS15311cf89610229831027,-1,-1
31520,IS1658403dbe13be9cdd839,-1,-1
31521,bobAkirafett,-1,-1
31522,IS1d5a941676918831d37e9,-1,-1
31523,Octovert,-1,-1
31524,Martian Rainbow,-1,-1
31525,TheLostOne,-1,-1
31526,IS1b46c8d49017ebd7689b5,-1,-1
31527,IS1ff91430519184ad6f244,-1,-1
31528,Hordcore,-1,-1
31529,mr u suk,-1,-1
31530,IS1975ae99d6b7d5353c0e8,-1,-1
31531,vvghvviel Chribg,-1,-1
31532,AFK when toxic,-1,-1
31533,AfterTheBurial,-1,-1
31534,Sirson,-1,-1
31535,Z3 Dery,-1,-1
31536,IS12ccd4b657efdc8f3e636,-1,-1
31537,BubbaHotep,-1,-1
31538,8iii8,-1,-1
31539,Blind Moo Moo,-1,-1
31540,Evelynn Butt,-1,-1
31541,IS10df9826ea5f5bd72d025,-1,-1
31542,IS150fab695d8338a14844b,-1,-1
31543,Mr Shull,-1,-1
31544,IS17a5ad6fa86481d86836b,-1,-1
31545,IS1ce45d5413435a4c3aa10,-1,-1
31546,Slashwork,-1,-1
31547,IS1cab1172ee5c75838ae3f,-1,-1
31548,IS172edd98b2e11a2fc3a4f,-1,-1
31549,Ultime,-1,-1
31550,Evilmon2,-1,-1
31551,Blazn,-1,-1
31552,IS199f0c3df0f414eb9165c,-1,-1
31553,IS15624924eb900758be690,-1,-1
31554,IS1d16a865d20c29ac11e61,-1,-1
31555,IS17c01bfb6be2204887fa2,-1,-1
31556,IS172ac74f26af5dc2472a8,-1,-1
31557,Wombat,-1,-1
31558,iceapple,-1,-1
31559,IS13ae10e9cbdb6dc452ed0,-1,-1
31560,IS1dedd5653800ce7703d35,-1,-1
31561,IS111c6ab450dea47b25d15,-1,-1
31562,slimebow,-1,-1
31563,IS11319b27acd7ead4cd93b,-1,-1
31564,turexx,-1,-1
31565,2Btrjzx0ee,-1,-1
31566,Harambe Deth69,-1,-1
31567,IS1f5b26dcb95a74bae98eb,-1,-1
31568,IS13845e540b7981ee4a09b,-1,-1
31569,Fennis,-1,-1
31570,IS1604f3a488b0e4b0f1420,-1,-1
31571,IS1d9842f3e2b0c3520ed5e,-1,-1
31572,Eahgor,-1,-1
31573,xracer,-1,-1
31574,Pithore,-1,-1
31575,IS1721650bf82c39619ab88,-1,-1
31576,IS1d6d29a3eead260040e87,-1,-1
31577,IS1d7336a8e77d192e7e44e,-1,-1
31578,IS1080349de97f7f9cbc00d,-1,-1
31579,IS1872631508762c767e73b,-1,-1
31580,IS1ec08e3e913145fcbab5e,-1,-1
31581,ThatGore,-1,-1
31582,comodore64653,-1,-1
31583,IS1f74e4289298c5c2fc1bb,-1,-1
31584,IS1005c70dc51527a70162a,-1,-1
31585,IS148ce6e1a61b422d4ee45,-1,-1
31586,Furydices23,-1,-1
31587,Out Played,-1,-1
31588,Exemcee,-1,-1
31589,Smokinbob,-1,-1
31590,IS1a3846e8e578938ba5629,-1,-1
31591,meowmeow,-1,-1
31592,IS1552ef3ae620e96a796ec,-1,-1
31593,lledo,-1,-1
31594,IS132e106350909a16de19e,-1,-1
31595,IS137535c1c559def28e60f,-1,-1
31596,jikan,-1,-1
31597,IS11791d215daa2eedb8b7c,-1,-1
31598,Saurus,-1,-1
31599,Cyle,-1,-1
31600,IS14bda3f5f3e5d8d786786,-1,-1
31601,rN5i2Ai9Mv,-1,-1
31602,IS1814ce6c0a9b2d3bf41c1,-1,-1
31603,Nithralder,-1,-1
31604,IS11aed100893d4ba43bb15,-1,-1
31605,IS166e2ed7c2e2407b3fe8c,-1,-1
31606,IS1363bad70138b84cfe2cb,-1,-1
31607,GLACIOU5,-1,-1
31608,IS1a4f70b89c5e87a60e3e9,-1,-1
31609,6OM6A,-1,-1
31610,Harpzor,-1,-1
31611,Slaughter,-1,-1
31612,IS172c4339624db3d9fa537,-1,-1
31613,Gordunk,-1,-1
31614,Paipo,-1,-1
31615,IS16a36771c8c8b8bf64129,-1,-1
31616,IS1aa7b8049fcb713afb2b7,-1,-1
31617,Pinche,-1,-1
31618,IS12d347df2f803efe8c5bd,-1,-1
31619,IS13daab2f86f70dff08061,-1,-1
31620,IS15b452cf260f63ca8157c,-1,-1
31621,Tripped,-1,-1
31622,j27b1tSfE5,-1,-1
31623,IS1a5825ac4655a8aeb8289,-1,-1
31624,IS168713a4d1c5b1e7f5ad4,-1,-1
31625,daguy23,-1,-1
31626,IS17e415bf24de9e1b0f3ff,-1,-1
31627,IS10837963e95b2d8eded47,-1,-1
31628,LondonVoodoo,-1,-1
31629,IS1326da65e1f48fa0474d5,-1,-1
31630,IS1e1aadf66b36c31e29e7c,-1,-1
31631,IS1a2e1ccc7bdf1b106c8d9,-1,-1
31632,IS13701dbacf41a3c5af4ba,-1,-1
31633,IS189e7fffcc386e3508484,-1,-1
31634,Shadell,-1,-1
31635,IS1ac2c9fd7fef0d0bbba3f,-1,-1
31636,IS150d0a10bff027133bb73,-1,-1
31637,IS1945e521e74f65e846d1d,-1,-1
31638,IS188dcd2cb1052725e2683,-1,-1
31639,DancingManatee,-1,-1
31640,BitterbloomOrig,-1,-1
31641,Tall White Guy,-1,-1
31642,IS1f9ad2d1b05a321e4b5b8,-1,-1
31643,AtomicZombieMachine,-1,-1
31644,Karrot,-1,-1
31645,Brutal,-1,-1
31646,IS196ae985f9c015fbe7af8,-1,-1
31647,IS17e56db22342d046579c1,-1,-1
31648,IS1c844cc5d47d6a25cb029,-1,-1
31649,Gratt88,-1,-1
31650,IS1321c2b5eb6c76daeea63,-1,-1
31651,Thugalinium,-1,-1
31652,IS197746dd5ae6549648310,-1,-1
31653,PugsPugsPugs,-1,-1
31654,GRiM BoB,-1,-1
31655,IS1107026ad0b0be011fa73,-1,-1
31656,IS15aa3a7802f895f56fe20,-1,-1
31657,IS15c0ad727255443108b73,-1,-1
31658,IS1131b599f9b6cee22199e,-1,-1
31659,IS12606232d6003462b96b5,-1,-1
31660,IS16930ed48a94c79f7a92d,-1,-1
31661,IS1381bfb7e18a535028faa,-1,-1
31662,IS1f643ec18e5f931bada26,-1,-1
31663,IS1148056eda6ac6f961c63,-1,-1
31664,IS1d74362f6a1ab0ac89a50,-1,-1
31665,IS1b1520a3508d47cb5adbb,-1,-1
31666,IS10ec69c80ff56917f3956,-1,-1
31667,IS173e9e0ecdfa4e158d3a5,-1,-1
31668,kVFGHtFzUl,-1,-1
31669,IS1a515102d02037f2af2f4,-1,-1
31670,IS10a9c4e0997d626ffe73c,-1,-1
31671,blak,-1,-1
31672,Quinnister,-1,-1
31673,Rage36,-1,-1
31674,Aphorism146,-1,-1
31675,IS13f415d7a0cb66da9c510,-1,-1
31676,IS1268066c03442b2cc922b,-1,-1
31677,IS1beb2fabeaf09d667f9b9,-1,-1
31678,IS1078884cb7b22838b827b,-1,-1
31679,IS18284436c4498f37f4a7a,-1,-1
31680,IS13951004c8ebb7511ffc1,-1,-1
31681,IS1b453d6cc48e0969e5cb7,-1,-1
31682,IS1de1ee7c597dca0e2f57d,-1,-1
31683,IS12a53ba4098fe605df806,-1,-1
31684,Kisanya,-1,-1
31685,Mastakojo,-1,-1
31686,IS1fc442a66e4b2b71abbf8,-1,-1
31687,IS1a0838c21882579b1e65a,-1,-1
31688,IS12bee96b88020c7afadb8,-1,-1
31689,IS11aec5bda1a4dce588ba4,-1,-1
31690,IS1e92c0fe0ed10fcb56c9f,-1,-1
31691,IS15d3acdac4a6b99195f75,-1,-1
31692,xoosW7J856,-1,-1
31693,IS161ce5189874474bf4e72,-1,-1
31694,BlueDevilBoxer,-1,-1
31695,IS15896ae18fc41567b76a1,-1,-1
31696,Jimmy,-1,-1
31697,Gremloch,-1,-1
31698,IS129df027aeab02d92dab9,-1,-1
31699,Omiae,-1,-1
31700,Grimgor Ironhide,-1,-1
31701,B0RU,-1,-1
31702,Raudy00,-1,-1
31703,AslanDoS,-1,-1
31704,Jiblet Hunter,-1,-1
31705,IS1ad4744560fda1eab52bb,-1,-1
31706,IS1dfc734b019cc77a5c796,-1,-1
31707,Sir Beardsworth,-1,-1
31708,Kazul,-1,-1
31709,Only King Rammus,-1,-1
31710,IS1b5bdda1dcd920c4965a6,-1,-1
31711,IS1edac55e57c64b23d2843,-1,-1
31712,IS10180f042ac8764629220,-1,-1
31713,IS1548b8fc47a6d067b52b4,-1,-1
31714,aLogan,-1,-1
31715,EI2DZOdSIi,-1,-1
31716,Perm,-1,-1
31717,Nylian,-1,-1
31718,IS1e4b9c98fcc1b30fffef6,-1,-1
31719,IS1f690a0b661af37a30cfe,-1,-1
31720,Grubar,-1,-1
31721,IS146d9ad08bef0c2229f6b,-1,-1
31722,Lil Brittle,-1,-1
31723,IS11c3b8a3b81e5002f3490,-1,-1
31724,mularific,-1,-1
31725,fr4m3r4p3,-1,-1
31726,Ranimat,-1,-1
31727,Grizzly Paw,-1,-1
31728,IS1b695257a74108459b8f3,-1,-1
31729,IS1567803aff8703a899116,-1,-1
31730,IS1b01dd69ee72920cf25ed,-1,-1
31731,Moloq,-1,-1
31732,Eyke,-1,-1
31733,Pufflez,-1,-1
31734,IS19f8744b980829a6bfd15,-1,-1
31735,Fodace,-1,-1
31736,IS1aaf2a2be5c738a80f0c3,-1,-1
31737,Phanman,-1,-1
31738,Dr Octogotopus,-1,-1
31739,Akarai,-1,-1
31740,IS1fdafb241d6d887e6aefe,-1,-1
31741,Zekk,-1,-1
31742,sjzHPbjtJF,-1,-1
31743,IS17d1e6f9c79c53e387954,-1,-1
31744,Learnedsoul,-1,-1
31745,S2isRipPiN,-1,-1
31746,IS1f73ab2c04e1a6963c932,-1,-1
31747,Kemlore,-1,-1
31748,taiwanesepie1556,-1,-1
31749,juliv45,-1,-1
31750,IS156edbc80a8e7d634d5c1,-1,-1
31751,Arashi,-1,-1
31752,IS1419a1dc903bcd8856251,-1,-1
31753,Orphiel,-1,-1
31754,IS1b7df0c51ed30959480ec,-1,-1
31755,IS1f561d9d13161071f518c,-1,-1
31756,IS1f8dfbbe41afb846e469e,-1,-1
31757,IS1ad72c24e545c31bf8a49,-1,-1
31758,IS1fccd108d4ce07b2587b5,-1,-1
31759,IS1e06aa5d562d95ed29bd2,-1,-1
31760,IS12aaa7ea2b6c957ef639b,-1,-1
31761,IS1b4c05f3b5c4241e8bf7f,-1,-1
31762,IS10fbd267176ede23a3fa7,-1,-1
31763,IS1f2290509181bf4348c6d,-1,-1
31764,IS1fe8b899c5a70deb061d8,-1,-1
31765,Xelxiuz,-1,-1
31766,Snookered,-1,-1
31767,IS17fa90af459bcde18b1d8,-1,-1
31768,IS1479e14d56352f6b383ff,-1,-1
31769,IS1c96e93805413b83969be,-1,-1
31770,IS1e5cc03562b4e13ac4394,-1,-1
31771,Dradik,-1,-1
31772,Pal1n drom3,-1,-1
31773,IS1fa6c8f9156e96a02d40a,-1,-1
31774,IS1cd85fc47ce045d440caf,-1,-1
31775,TunneLVisioN,-1,-1
31776,Spork,-1,-1
31777,IS18a61719b12acf46f14c0,-1,-1
31778,Druches,-1,-1
31779,xagTF3B5Mg,-1,-1
31780,IS1117e0db830a42ddf944c,-1,-1
31781,Nail,-1,-1
31782,Vron,-1,-1
31783,IS1e8a228ed1fd7fab86e23,-1,-1
31784,moosebutter,-1,-1
31785,Tzedakah,-1,-1
31786,Cheesepantz,-1,-1
31787,IS1478e872460bfaa0ba337,-1,-1
31788,IS138a0e831ccfffb1265e6,-1,-1
31789,IS175336529c17abf994b52,-1,-1
31790,IS151954f4c8b742a2b306e,-1,-1
31791,Quiksmith,-1,-1
31792,Velphegor,-1,-1
31793,IS169ea5d6c8aacb9613245,-1,-1
31794,IS1618749826c0f39ed7364,-1,-1
31795,pFx4Ezbk58,-1,-1
31796,RMofCCM,-1,-1
31797,IS10143d39e20cb356df793,-1,-1
31798,mphosis,-1,-1
31799,IS1321c01d18786dc19e1f2,-1,-1
31800,IS1139de6617963c3e73cff,-1,-1
31801,IS1912ac8a9bd8914aed99e,-1,-1
31802,Beren,-1,-1
31803,ScharLaTan,-1,-1
31804,bOOmShanKa,-1,-1
31805,IS178bbe2f6f5172474f86b,-1,-1
31806,IS12d681ea0df8a9f863a82,-1,-1
31807,IS18b0390abbd2bec778563,-1,-1
31808,IS14ada81365d7c2acb0735,-1,-1
31809,0mRHqYiXh3,-1,-1
31810,IS14dbebf306630991b11a7,-1,-1
31811,IS13f95bade291c40ae428c,-1,-1
31812,cakemonster3000,-1,-1
31813,goonholio,-1,-1
31814,Broodthorn,-1,-1
31815,IS1cff8760eead96426b961,-1,-1
31816,IS144f99c0313a41316e90e,-1,-1
31817,IS126ed12d4f2070b44bc81,-1,-1
31818,ImmortalFree,-1,-1
31819,Praise,-1,-1
31820,vVv Nightbane,-1,-1
31821,snookerTrainstation,-1,-1
31822,mpDzT91ddg,-1,-1
31823,Chadauw,-1,-1
31824,IS1e12e46d286639eccd3e1,-1,-1
31825,BhFsaoxTkR,-1,-1
31826,IS140b8f6decb2a7c365f91,-1,-1
31827,Luumis,-1,-1
31828,IS135e2b57a3195bd433b2a,-1,-1
31829,ManningZ,-1,-1
31830,IS1657ced4ab9e2308c1f97,-1,-1
31831,IS1ee587a2efd7b5577d91b,-1,-1
31832,zleorg,-1,-1
31833,IdeaFix,-1,-1
31834,IS1d2828e1ff531bec85d37,-1,-1
31835,Mcdougins,-1,-1
31836,IS1ac2784ea52baee05d95f,-1,-1
31837,PhoenixLE,-1,-1
31838,Meurdrak,-1,-1
31839,IS1ca7b256ee86cefd9c488,-1,-1
31840,HoundOfTerror,-1,-1
31841,LameSaint,-1,-1
31842,xfact0r371,-1,-1
31843,blcktzN,-1,-1
31844,IS1c82c0131d4e61c85dd8a,-1,-1
31845,Prowar,-1,-1
31846,IS15b44845b6b553cfcddbd,-1,-1
31847,IS161bfd1e49b4a03fcf441,-1,-1
31848,IS1835c444fb6d4ce6d56f0,-1,-1
31849,IS1f8263b768cc19dd8ba70,-1,-1
31850,IS1cc39b74a8383c3213aa6,-1,-1
31851,betwoobly,-1,-1
31852,IS1f1c3475cd39bf83c1c9f,-1,-1
31853,ChocolateDisco,-1,-1
31854,IS19d91047d62ad16125a72,-1,-1
31855,IS1e2198b54bbfa84495737,-1,-1
31856,Quivalen,-1,-1
31857,IS1a554c1494f3bba0bc7b1,-1,-1
31858,IS12c144f5cee93569fe2c1,-1,-1
31859,Artereis,-1,-1
31860,IS1cf2dff63796aa47202fc,-1,-1
31861,DRAGO995,-1,-1
31862,IS149b1817a5d73d3bf8e02,-1,-1
31863,IS1df5d63c679e5f99182b2,-1,-1
31864,JipTravolta,-1,-1
31865,IS1ddf821087989ae514550,-1,-1
31866,Thaclo,-1,-1
31867,Hizeme,-1,-1
31868,IS18226f297e389d8382baf,-1,-1
31869,ch33z3,-1,-1
31870,IS131fd6adf629b13a79ed4,-1,-1
31871,Crazy Demon,-1,-1
31872,myij8AiAR6,-1,-1
31873,Darkbend,-1,-1
31874,Nerevar,-1,-1
31875,philipinoman,-1,-1
31876,IS18875d655072649e59b27,-1,-1
31877,isilpro,-1,-1
31878,IS11e1b2377de6781e881b1,-1,-1
31879,Helacious,-1,-1
31880,IS126a101efae8da2a1936e,-1,-1
31881,Muskrateer,-1,-1
31882,IS1e8e0d266d97071669ccb,-1,-1
31883,dutchsoccer,-1,-1
31884,IS1e71843298d80bed5cfde,-1,-1
31885,diddlymaster,-1,-1
31886,IS1f88037bd0701b351d5df,-1,-1
31887,IS117378a8577a75444f5d7,-1,-1
31888,Tres Pesos,-1,-1
31889,IS1f11b15280b17416ac030,-1,-1
31890,chaden,-1,-1
31891,IS1ba2e1f0d4a99089bc3f6,-1,-1
31892,IS10a52a38e1f799d3fc004,-1,-1
31893,IS167f87eb46b3e9a4a7a38,-1,-1
31894,IS12f7bd42ac688af0af3e9,-1,-1
31895,IS1d63ba9e6094180cc65cb,-1,-1
31896,Therai,-1,-1
31897,IS10d4c618b4764e11d49db,-1,-1
31898,velcroman,-1,-1
31899,IS13901439b31356661d9a2,-1,-1
31900,NoobMaster,-1,-1
31901,IS10cf8214932e344a07215,-1,-1
31902,Death Sentênce,-1,-1
31903,Rowsdower,-1,-1
31904,IS195dc4db4d894530def8a,-1,-1
31905,Khaos,-1,-1
31906,IS117c3c78a74ebe45f00ca,-1,-1
31907,Heigo,-1,-1
31908,Antien,-1,-1
31909,IS1cc49a9e5d67285a26668,-1,-1
31910,IS1b67dcf7e17e04522fff0,-1,-1
31911,IS15b73736f0d77f98377bb,-1,-1
31912,XgiangianX,-1,-1
31913,CakenVanilla2,-1,-1
31914,dmac FC,-1,-1
31915,Z2 Vecter,-1,-1
31916,IS1edd349cd1e5ce4435c15,-1,-1
31917,IS18f82ad46290f9478a666,-1,-1
31918,HaykenBR,-1,-1
31919,ZiZka,-1,-1
31920,Zhario0,-1,-1
31921,IS172af9037875a027f94a6,-1,-1
31922,Stormeye,-1,-1
31923,TwilightsCall,-1,-1
31924,Sepallo,-1,-1
31925,IS14dff7c0c6ed4df420520,-1,-1
31926,CackMagic,-1,-1
31927,IS1d79426b73845df9f57f6,-1,-1
31928,cJIahdjZv3,-1,-1
31929,Diselage,-1,-1
31930,IS1f8c6ca6a3b7ece3af051,-1,-1
31931,Shuichiroh,-1,-1
31932,BrianPeach,-1,-1
31933,IS1537435036c2cdc4b0074,-1,-1
31934,boo54577,-1,-1
31935,BattousaiX,-1,-1
31936,afco,-1,-1
31937,IS14ec470b1f7f5dc024e20,-1,-1
31938,Mfq5wbaNFD,-1,-1
31939,Cuda,-1,-1
31940,Creen,-1,-1
31941,IS1a078f0d17405a9028424,-1,-1
31942,Natural20,-1,-1
31943,1nTMq5aJtR,-1,-1
31944,IS103da0bbb0ed17fefa346,-1,-1
31945,Ivcho Ludoto,-1,-1
31946,gbphobos,-1,-1
31947,IS131e1887bd3d20352869c,-1,-1
31948,Auston,-1,-1
31949,Stunt,-1,-1
31950,Dristix,-1,-1
31951,IS1bc9eb3d87cd3aa6f053f,-1,-1
31952,IS1c7c352e37d722eaec430,-1,-1
31953,pewpewcannon,-1,-1
31954,TimeSlayer,-1,-1
31955,demonskunk,-1,-1
31956,IS1080bb9f38e21107efd08,-1,-1
31957,IS1b317677aa70bfeb6f560,-1,-1
31958,asfdgasfdgagr,-1,-1
31959,IS1e0d27343ebb0d83b513a,-1,-1
31960,cell,-1,-1
31961,Dwragon,-1,-1
31962,Wyrmn,-1,-1
31963,IS1bf770f5d6469b05c0a93,-1,-1
31964,0Qk55MPVDN,-1,-1
31965,beuwolf,-1,-1
31966,IS10fc2eaf289e3c77136cf,-1,-1
31967,IS10a4551300dedcbabb52d,-1,-1
31968,aamenta,-1,-1
31969,IS14acc2104ec94f7dcb07d,-1,-1
31970,IS10585cb88d71948aa5e40,-1,-1
31971,IS1643b880728e1fb453493,-1,-1
31972,Critterfluffy,-1,-1
31973,IS1255df97eca42c516d7a6,-1,-1
31974,Kongohbancho,-1,-1
31975,IS1c6c04708514b2b941d80,-1,-1
31976,IS106b72aab705c9fdcde86,-1,-1
31977,IS1b4459aa8718e387c9b23,-1,-1
31978,Bubonic,-1,-1
31979,IS126e9ebdc93193730e961,-1,-1
31980,Aquals,-1,-1
31981,Topdek,-1,-1
31982,Big BaIlz,-1,-1
31983,DDummy,-1,-1
31984,IS14252df36cc3894555dc9,-1,-1
31985,IS13fd483c73e20ddf07858,-1,-1
31986,IS1980c953a0cbe15e6c60b,-1,-1
31987,IS105d2861549e24ac45dda,-1,-1
31988,Lithrion,-1,-1
31989,Thorrior,-1,-1
31990,gdmeeshell,-1,-1
31991,Loruk,-1,-1
31992,IS15a5ae6f362c483f36ff1,-1,-1
31993,TrikkiNikki,-1,-1
31994,5Eiz3Jj6d7,-1,-1
31995,hDQ42X85nW,-1,-1
31996,IS116cce86a8b99060ff44c,-1,-1
31997,SoulStone,-1,-1
31998,About 7 Dolphins,-1,-1
31999,IS19d18bf9cfaff20bcba4e,-1,-1
