34000,Stltzkn,-1,-1
34001,IS1b8aab8bf3fb28b711b6a,-1,-1
34002,IS1a6abd01b174e8d2eb35c,-1,-1
34003,IS1aa07d7d142ed8e13833b,-1,-1
34004,Wghldedccsr,-1,-1
34005,eternalz,-1,-1
34006,IS1ad6797c3052fe85fa6d8,-1,-1
34007,ng4u3m7kS3,-1,-1
34008,IS134e4c0ac832403b25590,-1,-1
34009,XlpcX,-1,-1
34010,The Beast From the East,-1,-1
34011,IS1af564f2675ca8e5ac45f,-1,-1
34012,Swampkat,-1,-1
34013,tdesbien31,-1,-1
34014,Sim0nlee,-1,-1
34015,IS18af98e090785d822df74,-1,-1
34016,IS1ef10576ffcf4cd32a05f,-1,-1
34017,IS16555cc7e9e5211465ed8,-1,-1
34018,IS1094e65f8465be8f65f1e,-1,-1
34019,cooz,-1,-1
34020,JayTrufflez,-1,-1
34021,Zynth,-1,-1
34022,IS136ab6aeb096c3b162f42,-1,-1
34023,IS1cb09f5565841f9f37619,-1,-1
34024,Whitesqual,-1,-1
34025,IS189f3fe227b9c0e0084f3,-1,-1
34026,GIBson3,-1,-1
34027,IS1435324b417a145c1def8,-1,-1
34028,The Quish,-1,-1
34029,saYUM,-1,-1
34030,IS1727b29afb0cee4c77501,-1,-1
34031,IS156075aaa168fa670f8d6,-1,-1
34032,IS11c7cbf52cc496fa54907,-1,-1
34033,IS1165e7da2c307bea11d6e,-1,-1
34034,Razill,-1,-1
34035,IS1a5127cbd0c0a7feac280,-1,-1
34036,maxterdexter,-1,-1
34037,IS18d61f962f6b9e0d8644b,-1,-1
34038,IS1d4cf1dc5c0528c9b59ab,-1,-1
34039,AEIOWNU,-1,-1
34040,IS106697e263965053f6b3f,-1,-1
34041,IS18d4e0f9a5660203d6ffb,-1,-1
34042,MaxCharbon,-1,-1
34043,Bluerex,-1,-1
34044,IS18e9d64c10ef45604efcb,-1,-1
34045,2shiny2impose,-1,-1
34046,IS1bd8b12b213c928bfeb2e,-1,-1
34047,Desmund,-1,-1
34048,IS1a4e64a59bb108b6b13ec,-1,-1
34049,IS1df7fc5bb45cc1f8b1a2a,-1,-1
34050,IS1e46350c9cfe53a7e1356,-1,-1
34051,IS1a65cf69d578336b6be20,-1,-1
34052,IS15f3740a2809234da1c07,-1,-1
34053,IS1e14c074611b16739876c,-1,-1
34054,rubiow,-1,-1
34055,Milk Logic,-1,-1
34056,IS1755eeea1dd56a237b9a7,-1,-1
34057,IS1dcb13ec55f1a8f6436ff,-1,-1
34058,IS1598a0afa0c992b0d9a4b,-1,-1
34059,IS12f53c4d7144baaf843c4,-1,-1
34060,IS1ac0034cb3f3ea36ee6fe,-1,-1
34061,SheriffLobo,-1,-1
34062,Milkway,-1,-1
34063,goldemerald,-1,-1
34064,IS1cae35be11f4e062f7e46,-1,-1
34065,Boxcar,-1,-1
34066,IS18cee64653c50b098b245,-1,-1
34067,cgADpkbFk5,-1,-1
34068,T4o1iUHFGu,-1,-1
34069,Zebratron,-1,-1
34070,IS128eb223a75f200d46a57,-1,-1
34071,Bluhdwuhlf,-1,-1
34072,IS122b858025a0b1f861330,-1,-1
34073,IS11b56407e9b8957e2ca4a,-1,-1
34074,IS1b45515779d6bd47e20f4,-1,-1
34075,kF0PRloxF3,-1,-1
34076,SirTickles dnb,-1,-1
34077,IS1e0ead98f17c3e8738885,-1,-1
34078,NyQuil,-1,-1
34079,IS1418db73f253e8b967c6c,-1,-1
34080,CowsAreSexy,-1,-1
34081,IS18c8742a4d76148e0ef89,-1,-1
34082,IS1e9d1e5a046aeef36e7a3,-1,-1
34083,IS19dbd117ce1499a1883b6,-1,-1
34084,IS1d13c7f22da88e4b79924,-1,-1
34085,IS1584b7752e3fd7bd275e7,-1,-1
34086,IS101672432cf212948c829,-1,-1
34087,IS165d9a0510345fd6dac12,-1,-1
34088,IS159d4bef49fd47970b43f,-1,-1
34089,IS105a8737c6912a665ad77,-1,-1
34090,SunlitZero,-1,-1
34091,IS1b595c540b72dec6346c2,-1,-1
34092,Jikinto,-1,-1
34093,IS138d05d32752eb7807ad8,-1,-1
34094,Z3 Totorasi,-1,-1
34095,IS1f1d0a7d7dbb4bcd46315,-1,-1
34096,Hashbeth,-1,-1
34097,kevinleet123,-1,-1
34098,Shmoobits,-1,-1
34099,siyn117,-1,-1
34100,ZuteZute,-1,-1
34101,IS1020079fcf5cfeaf9fe96,-1,-1
34102,izzy,-1,-1
34103,Draeth Silverblade,-1,-1
34104,IS11616482ac54524fe159b,-1,-1
34105,Nietsneknarf,-1,-1
34106,Yoo Seung Ho,-1,-1
34107,pmbk,-1,-1
34108,Sacrithelia,-1,-1
34109,IS13e48e6aa854e126f7059,-1,-1
34110,Hand of Might,-1,-1
34111,IS11f0928bb67c19a62bf61,-1,-1
34112,Goate,-1,-1
34113,Brouven Odyrin,-1,-1
34114,ManWhore4Milfs,-1,-1
34115,IS1d6b1fb2bd1b6166becf0,-1,-1
34116,IS158b3a0b52c992edd1442,-1,-1
34117,Fist of Doom,-1,-1
34118,IS1234e6be19ff63d7f0ff5,-1,-1
34119,IS1e7c7e2f25ef5c9de4306,-1,-1
34120,Paladork,-1,-1
34121,IS19a50b497eb473bb0d23e,-1,-1
34122,Fantoum,-1,-1
34123,IS18ad3b836f7fb9dc5c4ab,-1,-1
34124,l0stc4us3,-1,-1
34125,IS13d1f04d87b4de35f4a7e,-1,-1
34126,IS1aee3476c6fdd666b5fd8,-1,-1
34127,Alastor,-1,-1
34128,IS1a04e84da9adb4af5c341,-1,-1
34129,KettleOfKetchup,-1,-1
34130,LiamExe,-1,-1
34131,IS1ef50541f7df4e6f8450d,-1,-1
34132,IS17234b4f0d8e9d669fa7c,-1,-1
34133,monkyofdoom,-1,-1
34134,BindingCold,-1,-1
34135,Chillspawn,-1,-1
34136,IS1eadeceac40c9ff093f38,-1,-1
34137,cqyKVlyRdH,-1,-1
34138,IS17ad757d94eb86ccdbf06,-1,-1
34139,zerfman,-1,-1
34140,bLuFoX,-1,-1
34141,IS14737feea24fe89169f3e,-1,-1
34142,Sciencebot,-1,-1
34143,IS1f2004a859430d599a622,-1,-1
34144,paj0nk,-1,-1
34145,IS1e4492dd96d63e515e779,-1,-1
34146,IS131ee5647b65a973f3205,-1,-1
34147,Nyuu,-1,-1
34148,Atrius,-1,-1
34149,IS1052e09e08f8874979d12,-1,-1
34150,Sosori,-1,-1
34151,IS105e103738e2539f97316,-1,-1
34152,Litzz,-1,-1
34153,IS192d3052e0a47eb0ffbf7,-1,-1
34154,IS11b217daf9f10fc81c66c,-1,-1
34155,Reggae,-1,-1
34156,IS1db3c37b67045ef0dcc68,-1,-1
34157,VpS7PiBPcq,-1,-1
34158,Digger187,-1,-1
34159,Pony,-1,-1
34160,IS1cb1c38c8bde2ccf50eee,-1,-1
34161,IS156bdd8f4be95933ff5e2,-1,-1
34162,Spaghetti Raina,-1,-1
34163,TheSnugglar,-1,-1
34164,Kashmir Zepelin,-1,-1
34165,BurkeIaa,-1,-1
34166,IS1e35342e3b77bfea692ed,-1,-1
34167,PeeBeeO,-1,-1
34168,Ngtve TRD,-1,-1
34169,IS1490031a8293927edca88,-1,-1
34170,IS13fc34b037d1d35cd5674,-1,-1
34171,Taffu,-1,-1
34172,Helreath,-1,-1
34173,IS12df2d1d729701488f54f,-1,-1
34174,IS1ffa2b9e0796f43bc1c2a,-1,-1
34175,IS17d32e53ac9c29e14845e,-1,-1
34176,Thos,-1,-1
34177,IS12e3e08b69b903d6608fc,-1,-1
34178,Aether,-1,-1
34179,glsGTeWYo0,-1,-1
34180,WretchedHearts,-1,-1
34181,Ragnrok,-1,-1
34182,IS108d42eeed71ba0aacbf8,-1,-1
34183,Sandevera,-1,-1
34184,IS1c202397a8e6089e45119,-1,-1
34185,IS1a7c0d16d5b530ec5022a,-1,-1
34186,IS10f7ec89401fedf627fec,-1,-1
34187,Malladdar,-1,-1
34188,IS1ab589cf367ca2f6b707f,-1,-1
34189,Kuraito,-1,-1
34190,hard2eat,-1,-1
34191,Edmund,-1,-1
34192,IS1b3731240f4e41b8482b7,-1,-1
34193,pVdHZjEcaF,-1,-1
34194,Etoille,-1,-1
34195,ivbilaevm,-1,-1
34196,madgremlin,-1,-1
34197,IS1d3a5a51e0d2b568a6214,-1,-1
34198,IS12c8a16d32c66f6f3361a,-1,-1
34199,Shyter3,-1,-1
34200,IS19fff64b4effd954ccaab,-1,-1
34201,IS1e2762f63edfbffa3970b,-1,-1
34202,IS1aa93e4a63eeb755645d3,-1,-1
34203,IS1b45cfeaf09ccec212bb4,-1,-1
34204,IS1b06c6628212cc6589ad4,-1,-1
34205,IS18f59087c063d5f28b1a6,-1,-1
34206,IS1816d630391f86530bf6a,-1,-1
34207,IS10cc66e19220da2839247,-1,-1
34208,IS1e6f3cea317989a3c2de5,-1,-1
34209,8Rje4hQDWr,-1,-1
34210,IS1aa4c3c9a843febf03e56,-1,-1
34211,Madwic,-1,-1
34212,IS161e785fdb1a9bc02b6b1,-1,-1
34213,Johker,-1,-1
34214,IS18ed865642b5721b91b11,-1,-1
34215,Loco,-1,-1
34216,IS170668e12c8abb53bf651,-1,-1
34217,IS19fb7d6e7901f20adf8f6,-1,-1
34218,angrychicken,-1,-1
34219,blackfenix,-1,-1
34220,Plazian,-1,-1
34221,IS163cac4572b8084bad604,-1,-1
34222,Brosuke,-1,-1
34223,IS15d118c1b6d02904b6e3a,-1,-1
34224,EHZWAnLySN,-1,-1
34225,IS118ef0f494a74d24b63a3,-1,-1
34226,DssyPsrrer,-1,-1
34227,Poppy Bot,-1,-1
34228,AieC5N7Hek,-1,-1
34229,Izaleth,-1,-1
34230,IS192a08cf2e192c586168c,-1,-1
34231,IS120c20de58dc2a0040258,-1,-1
34232,IS1b17075d4ba66da4008f5,-1,-1
34233,IS11c9aba384b54a7279ad6,-1,-1
34234,IS1afe608d1555c1c698efe,-1,-1
34235,IS1aa8373833005b125864b,-1,-1
34236,IS1d4d928498869e747950a,-1,-1
34237,IS1ddf48e98010e07a36c32,-1,-1
34238,IS1143e3a8dd8c86d8c258b,-1,-1
34239,IS18105326a313513671bf9,-1,-1
34240,IS1b7e5e3730a15a66c0fb3,-1,-1
34241,IS118404170f6ed3b5bd5a2,-1,-1
34242,IS11d4b3700c31aefb6b3c0,-1,-1
34243,MelancholyMark,-1,-1
34244,MyLilPwnies,-1,-1
34245,logosh,-1,-1
34246,Xyphos,-1,-1
34247,IS13d7ec5efbab7981f963c,-1,-1
34248,IS14d63b91356f0206bebe5,-1,-1
34249,DarkTilt,-1,-1
34250,Innolence,-1,-1
34251,champmcstudskins,-1,-1
34252,IS1ab015aea24980d0d248e,-1,-1
34253,IS10352aeb851d943e6046c,-1,-1
34254,IS1a2ea969474ff753bf05e,-1,-1
34255,IS1e581dcf2545803ebce1d,-1,-1
34256,wrectaldrama,-1,-1
34257,Grymald,-1,-1
34258,sly1eye,-1,-1
34259,Raggle,-1,-1
34260,IS1a7a37fcd8eab5a1e8e11,-1,-1
34261,IS168337b14d514b9e73238,-1,-1
34262,IS10dddb7c501e062a2d1ab,-1,-1
34263,Polaras,-1,-1
34264,l8ewAjSp52,-1,-1
34265,IS13c02e0d15cdfc56ea416,-1,-1
34266,52club,-1,-1
34267,IS1e157fbeac66b619bfe05,-1,-1
34268,IS1df16029c39d3cfd83e1b,-1,-1
34269,IS19d6fec9225e79dbf7699,-1,-1
34270,Crit Job,-1,-1
34271,feOp669fj4,-1,-1
34272,IS134bb9e5c412d93bb2fff,-1,-1
34273,MexicoSwahili,-1,-1
34274,ep1c,-1,-1
34275,IS1fc88e479a88090df91c6,-1,-1
34276,IS1d34111d2e673d4bf5780,-1,-1
34277,Googamooga,-1,-1
34278,IS1b2cd22387346d1bf6388,-1,-1
34279,IS1a3e6a828cb07e659acad,-1,-1
34280,The Dastard,-1,-1
34281,IS1fd5fc9cd44b6efc379e6,-1,-1
34282,IS114e8f38ca7b074c7108a,-1,-1
34283,IS13c9f4721d725e0269a42,-1,-1
34284,nimpher90,-1,-1
34285,TopDrawer,-1,-1
34286,Lord Loss,-1,-1
34287,IS1025f930aa4638ab497c8,-1,-1
34288,IS13025f895daca7dfcd3b8,-1,-1
34289,IS14a9091beaaec19cc2e34,-1,-1
34290,IS13d4ecd5acc9b4cda2c4a,-1,-1
34291,Tazeran,-1,-1
34292,Turkish Airlines,-1,-1
34293,IS10f4347f8225282b56247,-1,-1
34294,IS1a401c06b17376cad237e,-1,-1
34295,IS1801e7136781fffa997c9,-1,-1
34296,Ruzick,-1,-1
34297,IS105e9c0746200e0bb7ccf,-1,-1
34298,IS1f4123a6cd11cc45fb64e,-1,-1
34299,akumonkey,-1,-1
34300,Jazeon,-1,-1
34301,willwalace,-1,-1
34302,IS181c1ac6bd10a87d6b1f1,-1,-1
34303,IS1e4cfab76cdd57cf1dccc,-1,-1
34304,IS19aad42da15d4289c7ada,-1,-1
34305,IS10b303be16fc98bb5cdac,-1,-1
34306,IS189bb79ee6408a4bea644,-1,-1
34307,Vantroy Chism,-1,-1
34308,IS1da15113d279de3a2f126,-1,-1
34309,xmobxyDH7g,-1,-1
34310,IS11e00f6ce64325c44c285,-1,-1
34311,Kromdor,-1,-1
34312,Cvamped,-1,-1
34313,Thix,-1,-1
34314,IS1845f1a5f7b569a364523,-1,-1
34315,IS1be410bad6e26f6ef5ac0,-1,-1
34316,IS1c042256508c5a0f46689,-1,-1
34317,IS1758e9b2ca94782c41bb9,-1,-1
34318,IS1fdc8a8ef3f972613e7ef,-1,-1
34319,IS10567500e8a1b7981f28b,-1,-1
34320,Crimston,-1,-1
34321,WillyWanka,-1,-1
34322,IS1217bcf008786165f1dc7,-1,-1
34323,IS15d1784efc310005dd683,-1,-1
34324,DKYqkI8t3v,-1,-1
34325,iiTiamatii,-1,-1
34326,IS1fb7bcc2200e78618c778,-1,-1
34327,ebre76,-1,-1
34328,Treble,-1,-1
34329,Fuzorch,-1,-1
34330,Ce08X7kbv5,-1,-1
34331,IS10c52f250190578b0c178,-1,-1
34332,NewbieDuck,-1,-1
34333,cr4ckers,-1,-1
34334,8BitGimp,-1,-1
34335,Caladhiel,-1,-1
34336,IS15f0e056d42691466a191,-1,-1
34337,Mikes42,-1,-1
34338,IS150a2545e0709c5fb526c,-1,-1
34339,IS17078010e6d03345f031f,-1,-1
34340,Zeruel,-1,-1
34341,dandrious,-1,-1
34342,Pawn,-1,-1
34343,IS1272bbaec34e49251b25a,-1,-1
34344,IS1359b27db5cf70be05da4,-1,-1
34345,IS100df69a6ea11c2a39ed1,-1,-1
34346,F4zM7MNSho,-1,-1
34347,IS1dd1988c4f87dbc903c2b,-1,-1
34348,IS1450394f6f4ff698ce7f9,-1,-1
34349,R4ns0m,-1,-1
34350,Sharthorn,-1,-1
34351,Hieyeck,-1,-1
34352,Shikuchi,-1,-1
34353,XEP0vy8SlB,-1,-1
34354,d0PFirIi9q,-1,-1
34355,IS1e9220ef0c2eaff756ec5,-1,-1
34356,NJJKYUSD1,-1,-1
34357,Musecake,-1,-1
34358,Enemy,-1,-1
34359,PirateBumbull,-1,-1
34360,IS158cae19485c14e573efd,-1,-1
34361,IS11eb7a46c430768a04db3,-1,-1
34362,IS16b5d2ff63009548b0eb4,-1,-1
34363,Galaticus,-1,-1
34364,Ding Chavez,-1,-1
34365,Ravlen,-1,-1
34366,wontonyum,-1,-1
34367,IS19e6e67bfacd25c2c6110,-1,-1
34368,Inphinity17,-1,-1
34369,Balroc,-1,-1
34370,IS121a5adb3bfd973d0f708,-1,-1
34371,IS186f8054735577c04462a,-1,-1
34372,the chi,-1,-1
34373,tropik,-1,-1
34374,DaPhr34k,-1,-1
34375,IS19d19c436d83da7073879,-1,-1
34376,IS12fc13d46f42b44d450c6,-1,-1
34377,WinterKnight,-1,-1
34378,IS1e19f969d54c67d674c71,-1,-1
34379,Daknit,-1,-1
34380,Quennail,-1,-1
34381,IS19f8cc79445f2cacd2dff,-1,-1
34382,IS1ce3079a173bf197ef14f,-1,-1
34383,IS12c83f89b7ea87d99dca9,-1,-1
34384,IS13249a9770cfd98cf71eb,-1,-1
34385,anglon,-1,-1
34386,NoKillsKott dnb,-1,-1
34387,IS163e7fbaadf4270357929,-1,-1
34388,OmegaFallen,-1,-1
34389,IS1187510aca9b04a0f7254,-1,-1
34390,W4TlS63FK6,-1,-1
34391,Sylvannia,-1,-1
34392,IS132349979d0029a9d1db3,-1,-1
34393,Anador,-1,-1
34394,IS197731b4a8d105933e57c,-1,-1
34395,Devi8ing,-1,-1
34396,IS1cbd47df76da2f29ff558,-1,-1
34397,IS1ad653f605560b971f996,-1,-1
34398,Hila,-1,-1
34399,IS14e295c167a2f6be528e0,-1,-1
34400,IS1da024f6298f05f3b658d,-1,-1
34401,IS1ce329a0b7664561b30e7,-1,-1
34402,IS148b92cc007171305afb1,-1,-1
34403,IS13fb71744041532af3382,-1,-1
34404,007 Ace,-1,-1
34405,Aoncx,-1,-1
34406,IS129e5929d249173dff69f,-1,-1
34407,IS1b698105bc5811e6a3eb5,-1,-1
34408,Duttones,-1,-1
34409,IS1bfbe7a90c257f8d961df,-1,-1
34410,Hiivankins,-1,-1
34411,IS1a848d7147319ef0476f9,-1,-1
34412,IS1e471923d707d7a47385a,-1,-1
34413,IS107b69e42a97584a5b761,-1,-1
34414,Kevin Bakin,-1,-1
34415,Svingtor,-1,-1
34416,puffin,-1,-1
34417,Knowm,-1,-1
34418,IS165494dc1b1c371d120e9,-1,-1
34419,SlackMonkey,-1,-1
34420,IS1e478faf3a3693cfce279,-1,-1
34421,kniltsol,-1,-1
34422,RowRock,-1,-1
34423,IS1cb0fd1406956ecec3200,-1,-1
34424,IS1383b45002784b5220bf8,-1,-1
34425,IS1328a51836ae6ab9600eb,-1,-1
34426,IS177d167fe072425909a14,-1,-1
34427,IS10f032301328a5ce544d5,-1,-1
34428,IS1e3613f667e20704c953d,-1,-1
34429,DeepTerrorThrush,-1,-1
34430,oFVHzKR1vN,-1,-1
34431,Stabbypants,-1,-1
34432,Naoza,-1,-1
34433,Xaneius,-1,-1
34434,IS111170a507fcd0c0e9734,-1,-1
34435,IS1f0cdd640a5ad7c288e36,-1,-1
34436,Bmwrx,-1,-1
34437,IS1b5cee2107e6e744bb737,-1,-1
34438,MichaeIangelo,-1,-1
34439,IS1b4335c37c1a1ac0dd71a,-1,-1
34440,IS10e53242ee2079a4bbca2,-1,-1
34441,X1M81Tyehx,-1,-1
34442,IS11f0422091bd2e88624e3,-1,-1
34443,Fignis,-1,-1
34444,IS175e4cd690ccefd938884,-1,-1
34445,ZZyh3zCO8T,-1,-1
34446,Mathies,-1,-1
34447,Sato,-1,-1
34448,IS1ca988048b8eb53788ead,-1,-1
34449,IS1c40b3c308c13b4c44c55,-1,-1
34450,IS10b4ac1d714eeb8dcdb66,-1,-1
34451,IS1f9f4677fc94d84c14a2c,-1,-1
34452,IS1c55b46622ab5d0aec71f,-1,-1
34453,IS1fcae6e1b162cd73b6312,-1,-1
34454,IS19062ba219d8e05d72c88,-1,-1
34455,IS1d9bcaa8c858f62f06f34,-1,-1
34456,IS1103ca6c1a7511ba64fd9,-1,-1
34457,slapjap,-1,-1
34458,RêbuKê,-1,-1
34459,IS13fb6d8b3efa5b09a8a59,-1,-1
34460,IS1195ca000837a42afe79c,-1,-1
34461,IS17b2760d9fe4e5066f6da,-1,-1
34462,IS1d81e27adf1ef127ae55c,-1,-1
34463,IS1f415ac8a9a3b13090a95,-1,-1
34464,IS114312a65f6c9f6b2a7cb,-1,-1
34465,Ohb04YYim1,-1,-1
34466,IS10e42bd0629987aa41787,-1,-1
34467,dress4less,-1,-1
34468,CharlesVI,-1,-1
34469,IS1e985a75de23c2497dc90,-1,-1
34470,BIZERK,-1,-1
34471,IS1608aadc50b21c466627c,-1,-1
34472,W9l6hJ7N7h,-1,-1
34473,Nienz,-1,-1
34474,IS188816a37d6ac193c3152,-1,-1
34475,IS18d2709b4bc78c7e0f5a2,-1,-1
34476,IS1721f6fc8a6aa6665a78c,-1,-1
34477,IS110d8da7ccb370c611f29,-1,-1
34478,9k2Ly5HgpY,-1,-1
34479,Auth,-1,-1
34480,IS1caaeb9538f0cea60b838,-1,-1
34481,IS13338886e4c558b15ffca,-1,-1
34482,thekiet258821,-1,-1
34483,IS1d4166b6d12db43485400,-1,-1
34484,IS1da3dc03f0977ffbbf417,-1,-1
34485,IS1aa912cbff6c9ee251fa4,-1,-1
34486,IS1faf91de6700424d443f6,-1,-1
34487,IS1dd02e6ad6107fcd19cef,-1,-1
34488,Boggs,-1,-1
34489,IS1077514a5d2022505783f,-1,-1
34490,IS122c595616b4fa368880a,-1,-1
34491,IS159cef53644838ad97856,-1,-1
34492,BabyFarkMcGezax,-1,-1
34493,IS187b5f0eba1e226dc5029,-1,-1
34494,Lorn,-1,-1
34495,IS12a344408f83a0a73e11b,-1,-1
34496,IS1abe316a3598a83c70514,-1,-1
34497,DLrHYLYsxH,-1,-1
34498,IS197b96140b6201156550a,-1,-1
34499,IS155bb2da82ebf8d4496dc,-1,-1
34500,IS1e98badc28242fad73dfb,-1,-1
34501,IS1e3937814c157fdb33bc4,-1,-1
34502,ghanath,-1,-1
34503,pa 2ne,-1,-1
34504,IS150e84e2a0f0b9fdeea1d,-1,-1
34505,ImplodingApples,-1,-1
34506,IS161272e7c7734032d1cfd,-1,-1
34507,IS1accd084b169df2893207,-1,-1
34508,THEGMC,-1,-1
34509,IS135abf542f09062624683,-1,-1
34510,IS1cc6f171e5694a2e6c941,-1,-1
34511,itzame,-1,-1
34512,IS10b9bb6768ba10c8ebc28,-1,-1
34513,IS1515409d7accd2fe1d6cb,-1,-1
34514,WrecklessWolf,-1,-1
34515,IS118dea84b742ed5e61909,-1,-1
34516,IS183ebeed2973e70725bb1,-1,-1
34517,IS1891378be494cd68c96e0,-1,-1
34518,IS1774c1c13ef6f93d7865c,-1,-1
34519,IS12b94057038ab0e1ad2b0,-1,-1
34520,Tacomanser,-1,-1
34521,IS17516f52fb1042946e4a9,-1,-1
34522,IS15446ab7a3e92d4ae7582,-1,-1
34523,TriBar,-1,-1
34524,IS1b7894122b598f9874a14,-1,-1
34525,warmturtle321,-1,-1
34526,IS1958816e38b124609c38f,-1,-1
34527,IS11949476f4b857c3729c2,-1,-1
34528,IS167fa9d316040a9764275,-1,-1
34529,IS1a87ef879af0feaad8100,-1,-1
34530,IS1e54b553ba47f6460585a,-1,-1
34531,IS1b9655f5cc3c805fa8ec7,-1,-1
34532,IS1a9afd8719cc584253a4c,-1,-1
34533,Crasyogre,-1,-1
34534,IS179e191e8a82c2c6682b5,-1,-1
34535,IS1cc03c79a0ec559f404c5,-1,-1
34536,IS102153dcf693faf0b0eea,-1,-1
34537,IS11873bc405e388c95e220,-1,-1
34538,IS1e4416672a13e5593c7a5,-1,-1
34539,KXfSOpvKo3,-1,-1
34540,IS1359a1f4b46c585879681,-1,-1
34541,IS11714bc563f5a0cc7e9a5,-1,-1
34542,IS191fd13451eb8ea57104a,-1,-1
34543,IS1f4c1c21b4d5181a66b0f,-1,-1
34544,IS1e55e96ec0756b35aaaa6,-1,-1
34545,IS159199ce251ea65d13194,-1,-1
34546,alfapatito,-1,-1
34547,Hiruma,-1,-1
34548,IS1a2c40465c2a8464b726b,-1,-1
34549,IS1b61640b4e837d80567d2,-1,-1
34550,IS1adcb28cb8d922e10a383,-1,-1
34551,SH7xMSlIOr,-1,-1
34552,Acrisius,-1,-1
34553,IS1ff9a8c080e916cd21063,-1,-1
34554,IS1858004cdd6867f12acfb,-1,-1
34555,IS190e3097e9e4784c65807,-1,-1
34556,IS1d66670e30a3b94735e72,-1,-1
34557,Vlad02,-1,-1
34558,IS1ee0c6103f6c976cc5c5c,-1,-1
34559,IS1d988a496b0cf41f0218f,-1,-1
34560,IS17aea1692eac5c5bd3cd6,-1,-1
34561,IS114717010fdb91b14ac22,-1,-1
34562,i5VNLEtDhy,-1,-1
34563,Owndin,-1,-1
34564,IS16eb339872f1de8681b39,-1,-1
34565,IS10174defbff18b98c8e01,-1,-1
34566,IS1eb9c4afb8768c0997527,-1,-1
34567,OneTrickTahlmKen,-1,-1
34568,IS158109496b42ebd1263ff,-1,-1
34569,IS133e4799111d70b5c1bd3,-1,-1
34570,Lhouf,-1,-1
34571,IS1861aad62088a5a4ef5e3,-1,-1
34572,IS1b45ed96528c8dd8c9179,-1,-1
34573,IS1293d6c12feb1161408c6,-1,-1
34574,PiktuNUCGV,-1,-1
34575,IS15ab8323586a2f8971b65,-1,-1
34576,IS1972346fe4c46dbebdef7,-1,-1
34577,Talongski,-1,-1
34578,IS14b2130f4096487a31481,-1,-1
34579,hajuko,-1,-1
34580,AmmyBigsack,-1,-1
34581,IS12590330bb21e51693d86,-1,-1
34582,sNap1320,-1,-1
34583,IS1f132321d3ac144289c97,-1,-1
34584,IS18c03525c58cbdb59b5d5,-1,-1
34585,Ihonu,-1,-1
34586,IS192464d233d217e6b28f7,-1,-1
34587,Smallno,-1,-1
34588,madh,-1,-1
34589,IS165d6c7ffc0f8084b98e1,-1,-1
34590,IS14384d76c0fda67034880,-1,-1
34591,Flippers,-1,-1
34592,YwSyLD3bnh,-1,-1
34593,IS1971b4b2edb9c649a726c,-1,-1
34594,IS1a2845dc447bd36ebc547,-1,-1
34595,IS1bc231e259ce2daaf1422,-1,-1
34596,IS1b98c423367abd77503d7,-1,-1
34597,IS133717dff9126539887cf,-1,-1
34598,IS11921c3f77b0a787b204f,-1,-1
34599,Oosecks,-1,-1
34600,IS1e312bb5d97857cc568e0,-1,-1
34601,micce,-1,-1
34602,IS199ac88ef5cced5837502,-1,-1
34603,Fious,-1,-1
34604,IS15ffe557a399c064be9c5,-1,-1
34605,IS101f86fba6a7d3bb9f598,-1,-1
34606,Phaton,-1,-1
34607,IS18bd6a33bbfe1df28450f,-1,-1
34608,IS1ad2c2897a5498963a3d9,-1,-1
34609,IS194dc3eca3f8bb42cd4d2,-1,-1
34610,frOznD,-1,-1
34611,FoxHoundNZ,-1,-1
34612,IS193850ceeaa7d67ac8513,-1,-1
34613,kingwilly,-1,-1
34614,IS1625da2a23cacae4114fc,-1,-1
34615,Kill3R1988,-1,-1
34616,IS13692beae52448f71f787,-1,-1
34617,IS177bcc2cc688e2c07c3d1,-1,-1
34618,ChuckS4get,-1,-1
34619,IS130b1a88d3d0904815fb0,-1,-1
34620,sneakytucky,-1,-1
34621,IS12886b2c4c65da1a74663,-1,-1
34622,IS1bbb580d7bc4da4503075,-1,-1
34623,IS12fc0e450bc0527a165b1,-1,-1
34624,Medic11,-1,-1
34625,IS1fc578525cd9758975cc2,-1,-1
34626,IS10f3bc00d82ad450c8a6c,-1,-1
34627,Jaelen,-1,-1
34628,HxF61RzpRJ,-1,-1
34629,IcyPenguin,-1,-1
34630,IS1ccb30f1c7741fe158210,-1,-1
34631,IS1aaee9e3e094c770fb9b1,-1,-1
34632,IS14a4fce50a04e5537c39f,-1,-1
34633,IS138c7562368209ebd9be0,-1,-1
34634,Segat,-1,-1
34635,IS16c0ca31c8fa6d89aa0f1,-1,-1
34636,IS1e5ad51474f192925bb0b,-1,-1
34637,Lord Rammus,-1,-1
34638,IS1dbd3c8d37ae519f18dfb,-1,-1
34639,IS1b95f4352c9172c2e2edb,-1,-1
34640,IS12f3c7425e5df88815c30,-1,-1
34641,IS1b0f2a0bb86f026534734,-1,-1
34642,EEisfEEd,-1,-1
34643,Pope,-1,-1
34644,IS1c27cdbeda8ab7a2f508e,-1,-1
34645,IS14e9fae61e7937ffada8c,-1,-1
34646,IS156df247dde078074254b,-1,-1
34647,IS156d33884b1f54a610c1b,-1,-1
34648,IS1f9927b4102dfcc472dcb,-1,-1
34649,Darg,-1,-1
34650,IS1102d17cdf2be8da59d2f,-1,-1
34651,IS1cbe1eccbec05d1ab6492,-1,-1
34652,IS1fad392f894e58eb2bf4b,-1,-1
34653,IS1a082080d475868e92412,-1,-1
34654,IS1b1df6d5569e603155b52,-1,-1
34655,IS17c776e5200e7f24ba989,-1,-1
34656,gizmo123,-1,-1
34657,Wyi,-1,-1
34658,Mairbear,-1,-1
34659,CaNaYa,-1,-1
34660,IS17578f9aca2c29cae7036,-1,-1
34661,IS1c64f1a9ee2dee805ae50,-1,-1
34662,IS133001cad71b66be9bb6d,-1,-1
34663,Maiestatem,-1,-1
34664,IS180b366df4c0a722b73b2,-1,-1
34665,IS182fb67038702d155e16b,-1,-1
34666,IS112d7948abeaf346c5bd1,-1,-1
34667,IS104c9b2cfb95c6d1fdc97,-1,-1
34668,M0arPewPews,-1,-1
34669,DeadSoul,-1,-1
34670,Soveriegn,-1,-1
34671,IS1c47af75d1a7d8c3e07b2,-1,-1
34672,IS1030d8c365456db040dc1,-1,-1
34673,IS13397725293db0c6dacfb,-1,-1
34674,Kooter Entruder,-1,-1
34675,Tumin,-1,-1
34676,Bradwarden,-1,-1
34677,Preda,-1,-1
34678,MarekX,-1,-1
34679,IS1b955cbd136f915b8c318,-1,-1
34680,IS1d2e79c636a353d1525db,-1,-1
34681,IS1a4daf3953e61cffd4028,-1,-1
34682,IS12647e95cd4073dc9b2f1,-1,-1
34683,IS1c505ba0a4a8e3d81af19,-1,-1
34684,icWMIGX0EM,-1,-1
34685,Ullisi,-1,-1
34686,IS1f3337216a4aab752994c,-1,-1
34687,Nerael,-1,-1
34688,IS17fc391e592aff20c35af,-1,-1
34689,IS1d0c8387a6ea1ac011eb7,-1,-1
34690,Ownsby,-1,-1
34691,Haneke,-1,-1
34692,IS1f036d66e310f2b5cc768,-1,-1
34693,IS1c22eea2dc03829bb4c6d,-1,-1
34694,Infected Method,-1,-1
34695,IS11d46db1445d67072835e,-1,-1
34696,IS1eb9fd9822b8f56545438,-1,-1
34697,TechGorilla,-1,-1
34698,IS1fd7b08a07840795f98f2,-1,-1
34699,Adol20,-1,-1
34700,IS1e50bacebe1bd779ea52c,-1,-1
34701,IS1d20193a6f04a8d3a2117,-1,-1
34702,IS1f182d7988dbb7474e2e0,-1,-1
34703,Aulter,-1,-1
34704,IS110f81d96325f8cbd9524,-1,-1
34705,CADONUNO THE MASTER,-1,-1
34706,Lachy e gotin,-1,-1
34707,A1mEVod9JP,-1,-1
34708,IS169ab101a698f8c7920c5,-1,-1
34709,Jack989,-1,-1
34710,Hellrain,-1,-1
34711,5dQSSV75qQ,-1,-1
34712,AlexeZ,-1,-1
34713,IS19be00f9abc5375be7aa8,-1,-1
34714,Simplee,-1,-1
34715,Roisin,-1,-1
34716,IS1d5e7fbad989e1dad1494,-1,-1
34717,5LeAygl8Yu,-1,-1
34718,hugeballsgg,-1,-1
34719,DrFaust,-1,-1
34720,IS1f83a2a03b4ef26220fcc,-1,-1
34721,IS16db0d9a8dbfe050fa406,-1,-1
34722,Kalakarinth,-1,-1
34723,IS178a2423b00a4e575f244,-1,-1
34724,Mr Safety,-1,-1
34725,IS1205fcdb09ec5c8071dac,-1,-1
34726,ChaosM0nkey,-1,-1
34727,IS130d3428d02b553dceb7a,-1,-1
34728,Krag,-1,-1
34729,IS19e8bef95c87061c74ed4,-1,-1
34730,IS1bc6a379163afabe2af79,-1,-1
34731,IS1612bd8fd4096156eab2f,-1,-1
34732,Grizzbie,-1,-1
34733,FlippyO,-1,-1
34734,IS105f646267d3d84e61558,-1,-1
34735,IS170995afb25590c8ac245,-1,-1
34736,senhen,-1,-1
34737,IS19b9f76ab8117eb16cdb2,-1,-1
34738,IS1e1ec7b4eee6b9d2190b6,-1,-1
34739,IS11668c43b2084d3ad7400,-1,-1
34740,IS1ff55099c76ffd9eb4b58,-1,-1
34741,Cereology,-1,-1
34742,IS1400884a7371ff4b9b0f5,-1,-1
34743,Bugeyez,-1,-1
34744,IS104b35e7af6c0dc171d7d,-1,-1
34745,IS1b26c85f555017d89e745,-1,-1
34746,Popstar Jase,-1,-1
34747,IS150c53147b3b53bf0f259,-1,-1
34748,h8d6NohG5T,-1,-1
34749,IS1e3e22252c9700fb1e2ee,-1,-1
34750,IS129b40daa7df6ab61af80,-1,-1
34751,IS1095c06073e6671536a68,-1,-1
34752,Vayle,-1,-1
34753,fatjeff,-1,-1
34754,Jailia,-1,-1
34755,IS1455e8057ae29a83c9757,-1,-1
34756,IS161ebe176e3bade57d833,-1,-1
34757,IS1a1da806d45e917a714ee,-1,-1
34758,sSJFFLnjCb,-1,-1
34759,iosh,-1,-1
34760,Cexopher,-1,-1
34761,IS17d54b570d0f0cb0c38b2,-1,-1
34762,IS1ccdf8996b058c26af476,-1,-1
34763,IS104b0949751d0102417a9,-1,-1
34764,IS15f3fc1f2ccd1715aeeff,-1,-1
34765,IS1ee8cc988ea0742a5e77e,-1,-1
34766,c0mmLInist,-1,-1
34767,fantasyworld,-1,-1
34768,L1feless,-1,-1
34769,IS1eaf84f20c7515bf2183b,-1,-1
34770,IS14c8058e13bb79a2d7c46,-1,-1
34771,panutza802,-1,-1
34772,Shadoath,-1,-1
34773,Muraki,-1,-1
34774,IS1c6f9852a57f5733b2af0,-1,-1
34775,IS12fa30b2142c6e155578b,-1,-1
34776,IS1dfb6ae280528ee34a0a1,-1,-1
34777,IS15ef40c954176b71f263c,-1,-1
34778,IS155e43161bf45eedee613,-1,-1
34779,XeRefer,-1,-1
34780,Nethalas,-1,-1
34781,IS12bd881862c8f76d404d4,-1,-1
34782,IS12a3b1b376f2681e63985,-1,-1
34783,m0duspwn3ns,-1,-1
34784,SupraSAIYAN,-1,-1
34785,IS118bd6ab0308e8e4709e8,-1,-1
34786,IS13dffcfc3fa7eb02c692e,-1,-1
34787,catid,-1,-1
34788,IS1cba241ffc3bd30e99208,-1,-1
34789,IS1537799cae0a48a1f9ed0,-1,-1
34790,IS1ad4bfbfac3cb50658476,-1,-1
34791,IS111b2704b75f0547a1ce8,-1,-1
34792,IS154880e778f8c1aedd90b,-1,-1
34793,IS1679c61be4b1818cb6a26,-1,-1
34794,IS13794c2c6aa442ccc1412,-1,-1
34795,D3athm3t4l,-1,-1
34796,Gattsu89,-1,-1
34797,IshekkI,-1,-1
34798,IS14adf8619d79a01233983,-1,-1
34799,JAMROLL,-1,-1
34800,IS1886a6b57b93f8c43b5eb,-1,-1
34801,IS1751f6698851220bb1405,-1,-1
34802,IS1f3bd1171d20c6d3a7ff7,-1,-1
34803,nelalas,-1,-1
34804,IS1c60bdb18d80a7ac523ef,-1,-1
34805,IS16c74b271d8af5ec9e534,-1,-1
34806,IS1bac9417b7536c7a65916,-1,-1
34807,Jyzz,-1,-1
34808,Runek88,-1,-1
34809,IS1a1673f3477b4b01eb4c9,-1,-1
34810,Festered,-1,-1
34811,IS106580694a0eea18a27ee,-1,-1
34812,IS123e84b79af11e5c2916e,-1,-1
34813,IS1629f5a4c89a4b40b277e,-1,-1
34814,IS13b6fbc596defb3ebd78b,-1,-1
34815,Yodice The Great,-1,-1
34816,Salmonn,-1,-1
34817,kirbyy,-1,-1
34818,IS13c4f73fbff60159632be,-1,-1
34819,Galadween,-1,-1
34820,Ohrion,-1,-1
34821,JeanFredd,-1,-1
34822,IS19aeb0ac25d31a129f01d,-1,-1
34823,IS153c1147cabd415627a4e,-1,-1
34824,IS1fb709ecd336753450cac,-1,-1
34825,IS1903987961d84f9821488,-1,-1
34826,IS1cd4764741dd4b347d5b4,-1,-1
34827,IS178fbfb67cd9f99236efd,-1,-1
34828,IS1966f02c2c1021806839a,-1,-1
34829,IS1815f6e50841119fb3065,-1,-1
34830,AngryWombat,-1,-1
34831,IS128fdb17114d3776635b4,-1,-1
34832,1ZXgbK9tnv,-1,-1
34833,TracedVelocity,-1,-1
34834,IS14ec553b7a9b8b6024a98,-1,-1
34835,IS17fe73f2558a90f989c5c,-1,-1
34836,IS15999edb45e390a906ee9,-1,-1
34837,IS10164ce8b7f527b6bccc5,-1,-1
34838,IS13dc8d007891eff17d343,-1,-1
34839,Xenophage2112,-1,-1
34840,IS13f4e7eb331b3f3ef8e38,-1,-1
34841,IS10c8ac84f3169c5376235,-1,-1
34842,IS1a842149149e50064a5e5,-1,-1
34843,IS16902d222b0c7dcc98d04,-1,-1
34844,IS1789671acab64a17ed21a,-1,-1
34845,IS17be4231fee8f421f2699,-1,-1
34846,RMRDD,-1,-1
34847,9189afpaMV,-1,-1
34848,Obnoxsilis,-1,-1
34849,FUZZYWUZZY,-1,-1
34850,IS1b9bb0e4897a7041a93b2,-1,-1
34851,IS1bda5aec9114fbbe5682f,-1,-1
34852,IS1e1aaae696dfeb130f38b,-1,-1
34853,Merrill,-1,-1
34854,Crusible,-1,-1
34855,pF Breaking,-1,-1
34856,IS135708f47db386b2f487e,-1,-1
34857,IS1fa2fa235ba97c977a78a,-1,-1
34858,sirmoosh,-1,-1
34859,Mcdave,-1,-1
34860,Captain Calle,-1,-1
34861,senturstx113038,-1,-1
34862,Juicey,-1,-1
34863,Xitras,-1,-1
34864,DrJekyll,-1,-1
34865,Erlaya,-1,-1
34866,Darkigar,-1,-1
34867,katzenesser,-1,-1
34868,Mechakira,-1,-1
34869,IS1d5895f2279b5fc497a71,-1,-1
34870,IS1d37284ab7322ea242ee9,-1,-1
34871,IS131de74aeeb74e1ff1b92,-1,-1
34872,IS1a35d839c83272194e1c4,-1,-1
34873,Mallik,-1,-1
34874,IS17dc4195f957f89282e0c,-1,-1
34875,IS1527a7b2391d00b0dda70,-1,-1
34876,IS18d9c9bccc3c9622e208f,-1,-1
34877,WaRBizumgo,-1,-1
34878,The Good Stuff,-1,-1
34879,Lovestain,-1,-1
34880,IS1fc795549afee33c96ce4,-1,-1
34881,IS1a0f9611fac1e04e6d8de,-1,-1
34882,IS12ee09375ce374cf653f1,-1,-1
34883,IS1349bfd4b10e182577707,-1,-1
34884,IS19e7a40211c6b4773c5bd,-1,-1
34885,IS1b42b20334c5039750d61,-1,-1
34886,shoutzo,-1,-1
34887,ZCH3XWpUTh,-1,-1
34888,IS16db2537254b5732da315,-1,-1
34889,Buakaw69,-1,-1
34890,Nemiga,-1,-1
34891,mocke,-1,-1
34892,Acenator,-1,-1
34893,Sir Snowy EuW,-1,-1
34894,IS186e643fbff5dc5865403,-1,-1
34895,IS1850b16169492fc1ab2af,-1,-1
34896,IS10e1494c5b84d48694e0e,-1,-1
34897,kagaiodin,-1,-1
34898,Aralock,-1,-1
34899,Dr Sloth MD,-1,-1
34900,DJpattiecake,-1,-1
34901,IS1c7e691c5438115e54e0e,-1,-1
34902,Evil Andrex,-1,-1
34903,Beako,-1,-1
34904,prklol,-1,-1
34905,IS1db49fcf84c3acb52ba08,-1,-1
34906,IS1722bb48bf8b99398c4cb,-1,-1
34907,IS185d01137ad4638d846a9,-1,-1
34908,IS19022a2bd89128a7dbc1f,-1,-1
34909,Priestheal,-1,-1
34910,ilElEq7c6P,-1,-1
34911,IS19fb19a4c915a239c9189,-1,-1
34912,IS14a355b440fb67388f532,-1,-1
34913,IS1f2dd3d5b60a235d27513,-1,-1
34914,IS13682dffa6f8f294da241,-1,-1
34915,eggald,-1,-1
34916,IS14bd1bbc01553d5a60331,-1,-1
34917,IS14c5f7ec098299a1247f2,-1,-1
34918,IS1cef9b1f361162024b873,-1,-1
34919,IS1905eb7d2a9d96cd84298,-1,-1
34920,IS1bdaf5b55ed25012c0c10,-1,-1
34921,IS1f9d573d55e5339ae5b9e,-1,-1
34922,Fogojam,-1,-1
34923,IS15f0a83ba5eebc765743c,-1,-1
34924,IS1c040d4c919beda429007,-1,-1
34925,4hoqtSzMVU,-1,-1
34926,SFAgFfJc0D,-1,-1
34927,Norax,-1,-1
34928,IS13c25073d22599fffcaf0,-1,-1
34929,IS11c9fc1ea63a66c852278,-1,-1
34930,IS1127b9ee1488844409153,-1,-1
34931,IS115a7581b0540e41290ad,-1,-1
34932,Callipygous,-1,-1
34933,lolihax,-1,-1
34934,Bdj4lIsYrk,-1,-1
34935,Corasaur,-1,-1
34936,IS118ea82733a05930b1aed,-1,-1
34937,IS18c2d42cbb7262dab2f8c,-1,-1
34938,Puel Franklin,-1,-1
34939,IS107f17b72e103e6e02beb,-1,-1
34940,ReFuze,-1,-1
34941,IS140a127dd89cc20ecf6f8,-1,-1
34942,zeorn,-1,-1
34943,LeeroyJenkems,-1,-1
34944,The ShimSham,-1,-1
34945,IS1b3dd36f14cb9fdc14905,-1,-1
34946,IS1aeef26e59efc4eeb3b92,-1,-1
34947,BestFriendSword,-1,-1
34948,AngryAngryCow,-1,-1
34949,IS1d13105e79978677b933f,-1,-1
34950,IS18300885c4662c26fc30c,-1,-1
34951,Yattuh,-1,-1
34952,IS17f1757e7431522aa119d,-1,-1
34953,IS1754e57558f4d79ca1637,-1,-1
34954,Tyga,-1,-1
34955,DrWafflesDDS,-1,-1
34956,GotSwag,-1,-1
34957,njry,-1,-1
34958,belowc,-1,-1
34959,SJKHQBSR1,-1,-1
34960,IS1f2d69881eaff7220b10e,-1,-1
34961,Diacroll,-1,-1
34962,IS1dc76cf944c925faeba24,-1,-1
34963,IS15570ecbe7829ae23b881,-1,-1
34964,IS1b869dd6c8c1496e7da0f,-1,-1
34965,IS1b6c82dae2dc05bec283a,-1,-1
34966,IS16a2fda032e5ff518bb2b,-1,-1
34967,IS1d6c005e827b9b9b5ced1,-1,-1
34968,IS151ea7df6b0ecc3d02733,-1,-1
34969,IS1aebe738e9e1dc00151d0,-1,-1
34970,IS1828d71c03c72377a0992,-1,-1
34971,IS1d87ec62c0a113f20fdc2,-1,-1
34972,IS14de7c901b64f7c4a409a,-1,-1
34973,Yimminstine,-1,-1
34974,Ted Turner,-1,-1
34975,IS15cd66bfd2d8ecc40ba7d,-1,-1
34976,Temragon,-1,-1
34977,IS126aa5df1d7ef91bd091b,-1,-1
34978,Kokiya,-1,-1
34979,IS103d7e57e8f86a86c233e,-1,-1
34980,TimTahm,-1,-1
34981,sploodgemasta,-1,-1
34982,BearxZ,-1,-1
34983,IS19f988e0c0682bce4c01b,-1,-1
34984,IS17937bd4628e1198bc543,-1,-1
34985,IS12e9bc0f7dbb4bd260cac,-1,-1
34986,onewing,-1,-1
34987,IS1157e45aed37bd98743c2,-1,-1
34988,Hobok3n,-1,-1
34989,IS1c621d4e83cb0ec9616cf,-1,-1
34990,Lymonator,-1,-1
34991,IS184eeec9e5d066edd87b5,-1,-1
34992,IS169dc5851e3e7b2d2dac9,-1,-1
34993,AI8211,-1,-1
34994,IS13a9036a4a9a449f9b304,-1,-1
34995,IS156df394c9d6fa3bc04c5,-1,-1
34996,IS19dbd96e09067876bab3a,-1,-1
34997,RetroEncabulator,-1,-1
34998,IS18ba0039fed4a7c158e32,-1,-1
34999,Verisimilitude,-1,-1
