35000,3fJwpUKiSB,-1,-1
35001,timedout,-1,-1
35002,IS102a7bab8244f0d83481f,-1,-1
35003,IS1951814f79c9646777742,-1,-1
35004,Bellmeistr,-1,-1
35005,boardgameguinea,-1,-1
35006,IS1149ee53962f7806ed483,-1,-1
35007,Primalpat,-1,-1
35008,IS18495dd8a6a0c9cbd8b5e,-1,-1
35009,khoazor,-1,-1
35010,IS1d4d8c564f5fdb3ba8eb8,-1,-1
35011,IS1a35e4343c071127b8d2d,-1,-1
35012,IS184bacaf2c96050be1e42,-1,-1
35013,Dailozero,-1,-1
35014,Nogare,-1,-1
35015,IS122fc3db04b5c440cd1f9,-1,-1
35016,IS1e96d2bb4853e5b015115,-1,-1
35017,darkn,-1,-1
35018,IS14147c19df99f9271ade9,-1,-1
35019,Sora,-1,-1
35020,6yESO1TYKO,-1,-1
35021,IS126fcddeb4dca75459470,-1,-1
35022,5D1ld0sintheWind,-1,-1
35023,Nighzmarquls,-1,-1
35024,Harvee,-1,-1
35025,IS1baab55462b7ab1b3d3c9,-1,-1
35026,IS11cd08a93e76e89632a7d,-1,-1
35027,Zaitan,-1,-1
35028,Frith72,-1,-1
35029,Teemohoh,-1,-1
35030,Razukan,-1,-1
35031,IS18d2f5b33d1b87e42a694,-1,-1
35032,IS1333928bc407a87414223,-1,-1
35033,Hubik,-1,-1
35034,IS182baa7f3cdbe5a084f2a,-1,-1
35035,IS126cdc58997a0398ab960,-1,-1
35036,Garrison,-1,-1
35037,IS1ba18d57708504d345b79,-1,-1
35038,Meghandrex,-1,-1
35039,IS1b32c4d69dec4d8c6ed68,-1,-1
35040,NoReskNoRiward,-1,-1
35041,Djinni,-1,-1
35042,IS1c6abae70f1c317d0c610,-1,-1
35043,IS1f4470b8cee6e9110f757,-1,-1
35044,IS125719a42bd9e2b261f40,-1,-1
35045,Lloydinator,-1,-1
35046,ThereIsNoSpoon,-1,-1
35047,IS14bb71c1c3d438f3e15af,-1,-1
35048,IS1284b106e7be7c783054c,-1,-1
35049,8JkHM6acgs,-1,-1
35050,PineApple,-1,-1
35051,IS18da2adfa823502b512a8,-1,-1
35052,Kalkus,-1,-1
35053,IxozieI,-1,-1
35054,Clef,-1,-1
35055,FireDragoon,-1,-1
35056,hugesean,-1,-1
35057,FjIgL92zUQ,-1,-1
35058,slimjimm310,-1,-1
35059,IS1b1571f58fe8978267a4e,-1,-1
35060,dd254,-1,-1
35061,IS108abe564e604ecd218fc,-1,-1
35062,IS1215afcba7b1344c136a8,-1,-1
35063,IS197b635731d222783217e,-1,-1
35064,GalvanizedFe,-1,-1
35065,68XSULAcWf,-1,-1
35066,skstylez,-1,-1
35067,IS1327e741dd9e317af3998,-1,-1
35068,Diabolos,-1,-1
35069,Phule,-1,-1
35070,Dolito,-1,-1
35071,IS171e021efa4b0a81c0573,-1,-1
35072,IS161eaabfad732003e4325,-1,-1
35073,IS11cead8a32021a97890ef,-1,-1
35074,IS1299558694ed0f21c6d84,-1,-1
35075,Pwnzornaut,-1,-1
35076,IS19aebce8075a874be7e6d,-1,-1
35077,shwillem,-1,-1
35078,IS1e60dbd64e3c07d7e9d5d,-1,-1
35079,Albela N,-1,-1
35080,stealthfox,-1,-1
35081,Meikat,-1,-1
35082,IS1e613903a3a686a1e434d,-1,-1
35083,1986Eternal,-1,-1
35084,Mze,-1,-1
35085,IS147213f364faafb149166,-1,-1
35086,sentinel,-1,-1
35087,SKiENCe,-1,-1
35088,Icekold,-1,-1
35089,IS1e0ecd5a956eebfc4316d,-1,-1
35090,Golithan,-1,-1
35091,Malachi Stone,-1,-1
35092,IS1829295f1da3514c712c0,-1,-1
35093,IS1441a1e1d8b26404fdb6f,-1,-1
35094,f0fqYNIMTB,-1,-1
35095,Amzin,-1,-1
35096,Its Koya,-1,-1
35097,rRTm3GWZjc,-1,-1
35098,IS149d08fc3d463c5802025,-1,-1
35099,IS1c55a30bde5c736d7250d,-1,-1
35100,DM of Chaos,-1,-1
35101,Onoky,-1,-1
35102,Mojave Mist,-1,-1
35103,Akaichi,-1,-1
35104,IS1a57bd1f806b8b7f283b3,-1,-1
35105,Tzek,-1,-1
35106,tenken,-1,-1
35107,Teknon,-1,-1
35108,NoVKavhsRy,-1,-1
35109,sniggle,-1,-1
35110,KingBaoser,-1,-1
35111,ShujiT,-1,-1
35112,Alpha Resurge,-1,-1
35113,IS14ce8eff54540c30efdff,-1,-1
35114,IS1911f1b7f454489821925,-1,-1
35115,IS14dd685bbb960958fa1c1,-1,-1
35116,NKOKFXZK1,-1,-1
35117,IS121bc3c9ee3e4cefb97d6,-1,-1
35118,IS1760a4b533bbe22baa9c5,-1,-1
35119,WillCookForFood,-1,-1
35120,JJLvw6zH6T,-1,-1
35121,IS179806c20fc4038ae1f38,-1,-1
35122,IS171b1783efc16453fb0bf,-1,-1
35123,Nukelear,-1,-1
35124,IS14a265451153b803ff57f,-1,-1
35125,kaman20191,-1,-1
35126,Zwip,-1,-1
35127,IS1f07029c45f219c79b710,-1,-1
35128,stickyfingers88,-1,-1
35129,IS17661b5cdf239ccb371d9,-1,-1
35130,IS1496e4ab21a2bc5fb33f1,-1,-1
35131,IS18643e9ae4fd4d9ebc981,-1,-1
35132,basics,-1,-1
35133,IS1fd496ffdd4240de35f97,-1,-1
35134,SNlPERGANGKODAK,-1,-1
35135,IS121ec192c9e301ba30e85,-1,-1
35136,IS1dac674b6e4910784ade9,-1,-1
35137,Diabloz,-1,-1
35138,IS1300093b2bcfeffb3ab12,-1,-1
35139,Druxxxxxxxxxxxxx,-1,-1
35140,Fell,-1,-1
35141,Son Of Wukong,-1,-1
35142,hunterdot,-1,-1
35143,IS1ae614512f40384ce2988,-1,-1
35144,IS12f9bd8aac4d8f6dfbfd5,-1,-1
35145,oKy6toYxlA,-1,-1
35146,IS1b3c41a31333baecd332a,-1,-1
35147,IS119090c559d6d4175bc56,-1,-1
35148,IS19a54d497b6ff1f7e30c5,-1,-1
35149,IS18212248df25f0b6c4f24,-1,-1
35150,IS1dd2666df87c9522555d0,-1,-1
35151,IS10adf38fa71936f80e5ec,-1,-1
35152,IS13e5d98c48cb17ebf155c,-1,-1
35153,IS12edcc2e2b62a32bd9081,-1,-1
35154,IS1aee89c6f030af3168137,-1,-1
35155,eiketsuburu,-1,-1
35156,nuckingfoob,-1,-1
35157,IS1ab8575457d9e16801849,-1,-1
35158,Wejuvu,-1,-1
35159,Dabacle1,-1,-1
35160,Arcadis,-1,-1
35161,IS115fe5c587c6e1242038d,-1,-1
35162,IS1581bc0cda66066486a96,-1,-1
35163,IS1d9cb4b813590b0fedbf9,-1,-1
35164,IS153632cab932d02188333,-1,-1
35165,IS1362feda36f2bb623a515,-1,-1
35166,IS1fa048eac9bb1cfd98f68,-1,-1
35167,Forcepath,-1,-1
35168,E6OLhMEyt1,-1,-1
35169,IS173cead5c903caca73d6f,-1,-1
35170,IS16367aaddc92947649a85,-1,-1
35171,IS1e03cbffb25daa4306146,-1,-1
35172,Velvanick,-1,-1
35173,Bloodlust,-1,-1
35174,IS1a5bc66895e00c0650348,-1,-1
35175,IS1ac4d59049fa6eeed7086,-1,-1
35176,Inuwolf,-1,-1
35177,IS1f2e13ce970fada856eba,-1,-1
35178,IS12fac0b477e6fac64236f,-1,-1
35179,IS177927702d6ade06c849e,-1,-1
35180,Urahara,-1,-1
35181,IS105c76eb18b693f70ba68,-1,-1
35182,Nimble,-1,-1
35183,DustyNomad,-1,-1
35184,IS1c7ba57cd3fff7a22880c,-1,-1
35185,IS16ac1b891520564c66300,-1,-1
35186,IS158e09050dd0dc2e28e17,-1,-1
35187,IS1f8a3911eedaa5a006a3e,-1,-1
35188,IS115f95f9c10fab3c1659c,-1,-1
35189,IS19e38000b5d82a0840506,-1,-1
35190,IS17d915ca4513c14e33df4,-1,-1
35191,IS18f0da565968b2dd29fb6,-1,-1
35192,IS1833b2669dd20e70f03f5,-1,-1
35193,IS102a81355dc79a51155c9,-1,-1
35194,IS1047cc5239bbaa7a4800f,-1,-1
35195,IS14087e6eea9a1e0ac90f0,-1,-1
35196,IS1d57927e2930538296f2e,-1,-1
35197,IS1f4f86b40d7b9ded667e0,-1,-1
35198,IS1cca92b4cda58b63fc5f8,-1,-1
35199,IS14747366a0072518dc6da,-1,-1
35200,Jango Fez,-1,-1
35201,IS1ec95d7349f1067e8e5d8,-1,-1
35202,IS1b174c770c88a0dd578ee,-1,-1
35203,IS129dbbb74fa00624201ed,-1,-1
35204,SaintPatron,-1,-1
35205,IS1aaecb9e2b33d681c5497,-1,-1
35206,IS1433621abb3174cc80b3e,-1,-1
35207,IS136bde3930288883e8a18,-1,-1
35208,IS17f68b16389775b44aebd,-1,-1
35209,IS16a0363604e8bdcf86ee4,-1,-1
35210,IS1c7bffa5bf69d204be1e7,-1,-1
35211,IS17e0c1799a55ac93b4a54,-1,-1
35212,Buksupreme,-1,-1
35213,IS1f8168b56753ee1bd0e35,-1,-1
35214,Alienth,-1,-1
35215,IS14f82df304f443b1339ef,-1,-1
35216,IS118afa70bf9613e7e32e6,-1,-1
35217,IS1256c9cc89c428b96a29e,-1,-1
35218,IS1cd1defe22a90d936fc78,-1,-1
35219,IS105da7664e80c91f54339,-1,-1
35220,Trivial Loops,-1,-1
35221,IS16cbe21fa3ec8b97c8b83,-1,-1
35222,IS151d64aed45250cdcb04b,-1,-1
35223,IS17a417ff399ff9cbcec3c,-1,-1
35224,IS14aca38efbbcae59b6472,-1,-1
35225,IS17ea2821b2fe1c39d624a,-1,-1
35226,IS1e0c7f63c1c771ff0e221,-1,-1
35227,IS1c8c8f089832cb7eeb57e,-1,-1
35228,IS12e830ec7019dcfe43fd2,-1,-1
35229,IS12c27f6128ebdadabc8b4,-1,-1
35230,IS1815578bfe2fa95da614d,-1,-1
35231,IS1d0a311a7b1ba0eb6cbf8,-1,-1
35232,IS17fafddb6c2bd344e7a54,-1,-1
35233,IS11990256bfa70848fc7bf,-1,-1
35234,Z1 Keep,-1,-1
35235,IS12743ac08d65bf6df132d,-1,-1
35236,IS17c759aebf55e53876289,-1,-1
35237,IS1d4cebc9d677a99e1d79d,-1,-1
35238,NagasuxK,-1,-1
35239,IS1df517e217d10c200b5fb,-1,-1
35240,IS1640edf7d654f414f8624,-1,-1
35241,IS136e450b014b300aaa1b6,-1,-1
35242,IS16512476aa2ab5dc1feb3,-1,-1
35243,IS15020bec85e7165144da9,-1,-1
35244,IS1ddb0e6a7aa68c3023b66,-1,-1
35245,IS1b61c394eba84d92abf57,-1,-1
35246,ZrUhujHAa9,-1,-1
35247,IS1aad77374895a8bdc24c5,-1,-1
35248,IS1b9e718f1ce3ca2c4e09c,-1,-1
35249,IS1753361e972d4a14c3b24,-1,-1
35250,Kunkka,-1,-1
35251,hl8TpoPcuy,-1,-1
35252,IS14609e7f32ae984efe16a,-1,-1
35253,IS1c9964b24ad2ee2134b23,-1,-1
35254,IS1444760e2363ae10eaaa7,-1,-1
35255,IS19a113508acf4d215b7cd,-1,-1
35256,IS14ef6d54f3033081bd3e1,-1,-1
35257,The Sentinel,-1,-1
35258,Erac,-1,-1
35259,IS1cc2c714ab560f390af18,-1,-1
35260,Euryidium,-1,-1
35261,IS188ad4505a5755cb28b6a,-1,-1
35262,Ragnirok,-1,-1
35263,mu0x,-1,-1
35264,Rhaegar,-1,-1
35265,IS1cebdd0921b95725eabe3,-1,-1
35266,lk49WkihyO,-1,-1
35267,IS1f80cf6b4ead0ada4f718,-1,-1
35268,MaxClockwork,-1,-1
35269,IS10e0ba9f548a8ea9f1678,-1,-1
35270,IS16e3f026901cb1dedaaed,-1,-1
35271,IS1c3f47a8da903eb313bcf,-1,-1
35272,IS1cb50c9e082a97bc7e953,-1,-1
35273,IS15a6ebad36a68d9f3be05,-1,-1
35274,IS13366beafb4b5ad924118,-1,-1
35275,IS1ed06d98446aa9cbbcc73,-1,-1
35276,Bloodthunder,-1,-1
35277,Doldrim,-1,-1
35278,Djiraya,-1,-1
35279,chrishagop,-1,-1
35280,IS10c6715cdbb0a8a4574c1,-1,-1
35281,IS155c46ac4618a77825d6d,-1,-1
35282,IS130256990316ef6d5bcb3,-1,-1
35283,IS142c916d918d58d764f01,-1,-1
35284,IS1e219fba334ed340defac,-1,-1
35285,IS16253d01a63be8a17e8cd,-1,-1
35286,IS19058d2e7dc1ce52242d8,-1,-1
35287,IS1b1483e0a987baef53574,-1,-1
35288,IS148c81380563ceb0ce81d,-1,-1
35289,StoneyPuff,-1,-1
35290,IS1e02cce5e85d6e1aa4529,-1,-1
35291,IS10a7af0e2074e00d38654,-1,-1
35292,NTO10weWiz,-1,-1
35293,IS14b0adecd13c5275386db,-1,-1
35294,mY68QqWPhg,-1,-1
35295,IS13522c722f87bc8a9628d,-1,-1
35296,IS14c63863cd293c9e2d5aa,-1,-1
35297,nightwing1,-1,-1
35298,Gumbotron,-1,-1
35299,IS1cf98aa1e79ed08294e65,-1,-1
35300,IS1c9d591bcf63e60c4cc8f,-1,-1
35301,IS11c75f785d7262e7964f1,-1,-1
35302,IS19d656184c9bb24e6a455,-1,-1
35303,Z1 Devien,-1,-1
35304,IS1cbdbb0d7a7ef536149cb,-1,-1
35305,IS1ee0af7d043f41d1f28df,-1,-1
35306,1gor,-1,-1
35307,IS16d14b8fabe5f5a917014,-1,-1
35308,ZDlrzIfndz,-1,-1
35309,IS104bf09040e76c23c8fb3,-1,-1
35310,IS17e9d7d591129be671183,-1,-1
35311,IS1e0e661eb93d556bc920f,-1,-1
35312,IS124d198f9d07266615439,-1,-1
35313,IS1fb49b391a8f256249a29,-1,-1
35314,IS18e63ef770c4b64f8aa2a,-1,-1
35315,IS10253bafdf5aa1c64f55e,-1,-1
35316,Sophian,-1,-1
35317,JLam59,-1,-1
35318,IS1e56f00e682929c90beea,-1,-1
35319,IS10f7763d00d9ca15ccb92,-1,-1
35320,IS124d2d0a6ea4c55e9cfd2,-1,-1
35321,IS1a152ff3fb1ead0f2c622,-1,-1
35322,IS11f454a56b1a29084f1ea,-1,-1
35323,Lghlycegds,-1,-1
35324,IS1014682313777cb7a82ee,-1,-1
35325,cMcfmOaOUV,-1,-1
35326,Sarkan,-1,-1
35327,Mango Mutiny,-1,-1
35328,IS1838979bef7c4a7899539,-1,-1
35329,IS1a3616f7d38ce9fedb7d2,-1,-1
35330,AngelBunni,-1,-1
35331,Fluffington,-1,-1
35332,XuQuyen,-1,-1
35333,IS1b39d5cf3b5405f1c1dc6,-1,-1
35334,IS17adf373b43babcfffd03,-1,-1
35335,IS15e7e8c2a5e9d7394a067,-1,-1
35336,IS1d984a1948f4e9f883d93,-1,-1
35337,IS16351337c1b317ffdc18d,-1,-1
35338,IS12aea708a509fbd201437,-1,-1
35339,rnwd,-1,-1
35340,Bards Bells,-1,-1
35341,IS160aac6ba3fd5ee5d93ec,-1,-1
35342,Oiceuf,-1,-1
35343,Z1 Cartman,-1,-1
35344,IS1375d32c02c8df59d8c39,-1,-1
35345,IS1b896e8a5b26d1a994a23,-1,-1
35346,IS14c30eddce993d9ee936f,-1,-1
35347,IS1ba68bd106c7aa29afa9b,-1,-1
35348,Kayoess,-1,-1
35349,IS13ed70ad779e7a43bd96a,-1,-1
35350,IS1e7269b66f163d31b3dc3,-1,-1
35351,Dankas57,-1,-1
35352,Hellsarmy,-1,-1
35353,IS1a5e1a6187c37826a60ac,-1,-1
35354,DixonTudeep,-1,-1
35355,IS1a3cd6faa7c9589985fdd,-1,-1
35356,IS19a5471c9ff1a01559f40,-1,-1
35357,IS10d61af906cf5b3c9bde1,-1,-1
35358,Sir Taint,-1,-1
35359,IS12ca70c2474f44802a76e,-1,-1
35360,TrueObsession,-1,-1
35361,IS1598530e5ca306eb40503,-1,-1
35362,IS18c8e41e5bb4b8486d49a,-1,-1
35363,Merentha,-1,-1
35364,IS190550b743e688a9abe1e,-1,-1
35365,sv9PEYXniR,-1,-1
35366,IS12ba0ea7222427a888edc,-1,-1
35367,IS1ec7c6bd28ddf5f3a5668,-1,-1
35368,SimplySuzy,-1,-1
35369,DankMastaFleX,-1,-1
35370,ForestGumo,-1,-1
35371,IS1d5da98821f932af12cd5,-1,-1
35372,fishyclaw,-1,-1
35373,IS1ca0dc97d93f87ed88286,-1,-1
35374,Igracha,-1,-1
35375,ChunWang,-1,-1
35376,IS1f4872a80555032c947b4,-1,-1
35377,Kukuun,-1,-1
35378,IS1763bd9ccc267fde55653,-1,-1
35379,IS1f89cfcf4efc730e6ba0d,-1,-1
35380,IS1c70723bc64b08215ef11,-1,-1
35381,IS16b812e8343f7db0cf253,-1,-1
35382,IS1f51eda1073b791a8c9cf,-1,-1
35383,Intorp,-1,-1
35384,IS13441585bc800ae000fe8,-1,-1
35385,IS1c2d18f5d66f0c15a88cb,-1,-1
35386,IS14d710f2274e6df3ed9d0,-1,-1
35387,IS1ffdb29526e5fff9b47c6,-1,-1
35388,jESU1T,-1,-1
35389,Malediction,-1,-1
35390,ChromeThunder,-1,-1
35391,IS11ed618ef73e8f5e9e58e,-1,-1
35392,resfreaq,-1,-1
35393,IS1beb65497bcbaef7af221,-1,-1
35394,6mWQAXeiI1,-1,-1
35395,ronin 00,-1,-1
35396,pPGstJysXi,-1,-1
35397,IS13e5ced55194fd9081891,-1,-1
35398,ENswSmLzFT,-1,-1
35399,Canker,-1,-1
35400,IS14dd73c22c293f4befe83,-1,-1
35401,IS1597131a0ae606df3f5e4,-1,-1
35402,IS1572506e7ea702fee5415,-1,-1
35403,IS1fe0c1c58a92f2665ef70,-1,-1
35404,IS1b0e4f86d16e2ef8f921d,-1,-1
35405,IS1395c67bba676be661288,-1,-1
35406,IS1f921a9bc9712612442bd,-1,-1
35407,Leuthar,-1,-1
35408,jepfree,-1,-1
35409,IS16eb76039fd5cad6d77a9,-1,-1
35410,arkdin,-1,-1
35411,IS19afa1ebd0022240fb0f9,-1,-1
35412,segal,-1,-1
35413,5sonUY6ROx,-1,-1
35414,IS1666d90425b7b869c5003,-1,-1
35415,ss4vegeta4ss,-1,-1
35416,CarbonLex,-1,-1
35417,dodododom,-1,-1
35418,IS15bb29a06812229468c09,-1,-1
35419,IS1f0ec8760a429d47df2c1,-1,-1
35420,IS1b822a57d054c05f159c3,-1,-1
35421,IS141fc4c9b0fc470013b0c,-1,-1
35422,DrParanoid,-1,-1
35423,IS1cc4551e54b385b279f65,-1,-1
35424,IS1372556506579fcb41a1d,-1,-1
35425,TheDishRag,-1,-1
35426,I Queue Support,-1,-1
35427,IS11d8123450a8fa341c3f4,-1,-1
35428,Spider Gramma,-1,-1
35429,IS14f26d0d681840b0a30f7,-1,-1
35430,dklost0v,-1,-1
35431,IS10949415681f9c9e8446d,-1,-1
35432,feldesputo,-1,-1
35433,POGODER,-1,-1
35434,IS1c6437efd1583788d8c4c,-1,-1
35435,IS16e4e4e22349f6fdbb46e,-1,-1
35436,IS1825b45c68da5feceb641,-1,-1
35437,PRunKK,-1,-1
35438,IS10a5c314bde96350a3d59,-1,-1
35439,KireiLove,-1,-1
35440,Dragon the King,-1,-1
35441,kusibak,-1,-1
35442,IS1e3fc3c53fa0fbd130671,-1,-1
35443,IS1d68c64821a269de80267,-1,-1
35444,IS1eb76d8b8a043bc0ee97d,-1,-1
35445,IS1c582293ce6c845521bb6,-1,-1
35446,TomBad,-1,-1
35447,IS1535998da8223cde1099e,-1,-1
35448,IS124f16bb08d020e634321,-1,-1
35449,IS1b6fc3d538fb524493d5e,-1,-1
35450,I9TcoTSgSI,-1,-1
35451,DanMan,-1,-1
35452,dddasd,-1,-1
35453,Explosive,-1,-1
35454,IS175f3b02613ae2e9c8e6b,-1,-1
35455,IS151080e55a1cc72ac93fd,-1,-1
35456,IS13c968fd251959795ec39,-1,-1
35457,nguboy,-1,-1
35458,V7ko6ZMZ6E,-1,-1
35459,dein,-1,-1
35460,IS1e7843faf319350765a98,-1,-1
35461,Hi Im Malivy,-1,-1
35462,DrBlackjack,-1,-1
35463,IS150a2bf164a92b030633c,-1,-1
35464,IS11d017b9a0f7559a18b5a,-1,-1
35465,IS1a76965c768c3b64cd9e7,-1,-1
35466,IS14a01372580399d53816e,-1,-1
35467,Micki Free,-1,-1
35468,DreAmTa1E,-1,-1
35469,IS122db3d87cd0da6e145bb,-1,-1
35470,Vindowviper,-1,-1
35471,StagDaddy,-1,-1
35472,IS152b4d43dd4001adecaad,-1,-1
35473,IS19c6a79158d4bb7ab5061,-1,-1
35474,IS10d635ae708645f47475f,-1,-1
35475,Solarwinds,-1,-1
35476,Reliea,-1,-1
35477,sLEx,-1,-1
35478,IS1b7072554e435dca9a370,-1,-1
35479,fronkdiddly,-1,-1
35480,IS10fbc3d82d36fb2f245f8,-1,-1
35481,deathknight54,-1,-1
35482,Argonite,-1,-1
35483,IS1b09d13bdb15017a4d714,-1,-1
35484,IS1e4208b925fbae1f2fdc6,-1,-1
35485,Cingin,-1,-1
35486,Aarblon,-1,-1
35487,IS1134c41e87ac5ab772552,-1,-1
35488,IS1849f980048e2bf816d30,-1,-1
35489,IS1f3dbe5e6010b87e68727,-1,-1
35490,IS188d31554f6770fbce90a,-1,-1
35491,IS16abfcd5683caea151a40,-1,-1
35492,IS1dc5085bcbacef4706fc5,-1,-1
35493,Samurai80,-1,-1
35494,RIckster,-1,-1
35495,Foulbbqrob,-1,-1
35496,IS174a500d50a77c1cd2b0c,-1,-1
35497,IS17fbc52df356e3809368a,-1,-1
35498,Tsuketsu,-1,-1
35499,IS1f5260d6786d767e5181c,-1,-1
35500,IS18dd109be3864bc703eda,-1,-1
35501,Mase,-1,-1
35502,Mordraer,-1,-1
35503,IS182f9ac33129c50981303,-1,-1
35504,Brownie,-1,-1
35505,IS1d03db179f83b5df6ef3d,-1,-1
35506,Raidin,-1,-1
35507,Jamiezz,-1,-1
35508,CatharsisCarth,-1,-1
35509,Xeno,-1,-1
35510,IS1c082b4f528262f5dc5e2,-1,-1
35511,N3kroun,-1,-1
35512,IS17dc07f89235111b16703,-1,-1
35513,IS1d3d47bd1a5e6e9db542a,-1,-1
35514,IS19b6443c55053f21224b1,-1,-1
35515,IS19ec3acd60ccf1d0a89e3,-1,-1
35516,klament,-1,-1
35517,IS16b355c3ea9da87b64e81,-1,-1
35518,IS182bc1fe49a7efc74a5b6,-1,-1
35519,IS1ce3743d8852cb8510f55,-1,-1
35520,IS133ad5e127f3f9543bc10,-1,-1
35521,IS16c48c1d98c954aeb0964,-1,-1
35522,Seta Soujiro,-1,-1
35523,Elazul,-1,-1
35524,Rahvenus,-1,-1
35525,IS1848dd498638723bc86f5,-1,-1
35526,IS1a9b00c4c65a3732a742b,-1,-1
35527,Qpz4,-1,-1
35528,EpsilonDXIII,-1,-1
35529,arithx,-1,-1
35530,goblin,-1,-1
35531,IS1b0d1b4f1b644e9e6917e,-1,-1
35532,Selladoran,-1,-1
35533,Pabrems,-1,-1
35534,Linnk,-1,-1
35535,HarriasetoaEdea,-1,-1
35536,IS13e07dc4cc1a5b2e7fb52,-1,-1
35537,XqabIaFzja,-1,-1
35538,IS17fa144fdcc4ea0057d50,-1,-1
35539,IS1c15a4fa145816c52f32a,-1,-1
35540,IS12aa1e8edaa840645fb52,-1,-1
35541,IS121a11e551adb4d2e9e21,-1,-1
35542,IS1090a05221fc94adce9db,-1,-1
35543,IS19c5f18a017dee14dedd7,-1,-1
35544,IS1c888b3fa988b5c4e552a,-1,-1
35545,Bryner,-1,-1
35546,IS16b28bcf34828e67b0404,-1,-1
35547,MiscMischief,-1,-1
35548,IS15eed48b66afadc4aa1d5,-1,-1
35549,Calexis,-1,-1
35550,mastyr,-1,-1
35551,The Last Fattie,-1,-1
35552,IS1f2fc0fe7c8a06fc8ed18,-1,-1
35553,IS120f741d62c1f5ddc1e90,-1,-1
35554,IS1a32ba45832b8e81c4271,-1,-1
35555,IS17926189cdffe9110dffd,-1,-1
35556,IS1b2f4db43aa8f94324ebf,-1,-1
35557,eraserhead17,-1,-1
35558,NinjaOfDeath,-1,-1
35559,Jfizzle,-1,-1
35560,IS10a045aa4e5715e137372,-1,-1
35561,IS1a07bb3cb257a2146dacc,-1,-1
35562,IS1dc3e94d02de588420392,-1,-1
35563,IS15df75fc887290a473774,-1,-1
35564,2tEJ1mZwmT,-1,-1
35565,SenseMaker,-1,-1
35566,IS187315cfac1833be3b676,-1,-1
35567,Landar,-1,-1
35568,chese,-1,-1
35569,IS1b3e92f6bc04b08b4ded3,-1,-1
35570,IS184566932bd70597ffa1c,-1,-1
35571,dutch0vens,-1,-1
35572,IS1cad72725a1859f8ca776,-1,-1
35573,Keskoz,-1,-1
35574,IS164f2b4eee9659e963a2d,-1,-1
35575,S3rtorius,-1,-1
35576,DaniAzar,-1,-1
35577,kappa10,-1,-1
35578,pewptypewpypants,-1,-1
35579,IS106a14a00c44a5824e531,-1,-1
35580,IS190e44dc5f1d8129db9ed,-1,-1
35581,RCIII,-1,-1
35582,IS1ab5ad6aa2a31a9b47ded,-1,-1
35583,IS111face0c1d51fb1b15df,-1,-1
35584,Hugmiester,-1,-1
35585,IS1768a5342071750b80a5f,-1,-1
35586,Punisher Percent,-1,-1
35587,IS15ff5bec9814c3b887f45,-1,-1
35588,IS14fdfb5134d29564543f8,-1,-1
35589,SCHAMEVD1,-1,-1
35590,ziondreamt,-1,-1
35591,IS1b7041d5db84bb0aa7abb,-1,-1
35592,IS1ec82179580d0c88c2800,-1,-1
35593,IS12225cdd3b555512657c3,-1,-1
35594,IS1a0ce614e6a37307423c5,-1,-1
35595,IS1c2d64984ddb3c72f633b,-1,-1
35596,IS10c5a33d44a7fd17797ac,-1,-1
35597,RandomNoob113,-1,-1
35598,FableNightmare,-1,-1
35599,Fl4n,-1,-1
35600,Speed Rammus,-1,-1
35601,IS1b9de8337a031856560ec,-1,-1
35602,IS135dac58d66443fd55e51,-1,-1
35603,maorack,-1,-1
35604,IS1ab70db267d13d96370c7,-1,-1
35605,eAit7IrW1B,-1,-1
35606,Fenrirs,-1,-1
35607,Lozzleman,-1,-1
35608,Explosivo,-1,-1
35609,IS18e0766629e86e4f5e2c1,-1,-1
35610,Paradigm,-1,-1
35611,IS199fc36ada53bbcf3e498,-1,-1
35612,N7cGdEMt8Y,-1,-1
35613,Delta Is Insane,-1,-1
35614,IS197936d80734b41ca14a9,-1,-1
35615,Deathk,-1,-1
35616,kissmypwet,-1,-1
35617,IS15a3fd3922bba39aa51d8,-1,-1
35618,IS1254b812afd4f8cd5937e,-1,-1
35619,GiveMeNaCl,-1,-1
35620,Raezir,-1,-1
35621,IS15ba956b75a1911ddfe28,-1,-1
35622,IS152c113997d94803a0855,-1,-1
35623,IS1512f86906051d4395711,-1,-1
35624,Kuib,-1,-1
35625,Riffz,-1,-1
35626,AegisReflector,-1,-1
35627,A Lazy Llama,-1,-1
35628,Dwiib,-1,-1
35629,mesasone,-1,-1
35630,IS1843af4b8882d9edfe2a6,-1,-1
35631,Hubertdafish8u,-1,-1
35632,IS1ad613fa55a8b1a7940f7,-1,-1
35633,Kaito,-1,-1
35634,IS13723df3bebc3d2527aa9,-1,-1
35635,IS1621eafb2988625a16b2e,-1,-1
35636,Tzekiel,-1,-1
35637,Mishel,-1,-1
35638,IS182e7ab7d58844,-1,-1
35639,IS1121adb90cc61ff6f3cbb,-1,-1
35640,TheRealKhy,-1,-1
35641,tn5421,-1,-1
35642,IS18631b18144616889fd7d,-1,-1
35643,IS11d2119711042f6731578,-1,-1
35644,TaCoMaSTeER,-1,-1
35645,Kubear,-1,-1
35646,iamCORONA,-1,-1
35647,JettBlak,-1,-1
35648,Neozen,-1,-1
35649,Zealoo,-1,-1
35650,ElectricalBanana,-1,-1
35651,Thenethiel,-1,-1
35652,IS18d18f204d2ccdca64b15,-1,-1
35653,6erIyPVvf2,-1,-1
35654,IS1a93b174c33117a370741,-1,-1
35655,IS1bbda5ecf7be75866985e,-1,-1
35656,Fyrepyro,-1,-1
35657,IS1f745343bab61a5f8aee7,-1,-1
35658,Sevarg,-1,-1
35659,SpiralMaster,-1,-1
35660,IS148bf7497ea6e64e03835,-1,-1
35661,IS164c88c729bd08be02043,-1,-1
35662,Googly,-1,-1
35663,IS1865d340257d67b0c9768,-1,-1
35664,7JLA3QAUSK,-1,-1
35665,IS11e948c08b8ea7810e8d4,-1,-1
35666,Lance,-1,-1
35667,Excuse,-1,-1
35668,IS157636146a39072acf955,-1,-1
35669,IS13653eac4c8a7737375ff,-1,-1
35670,maliforce,-1,-1
35671,Sypher087,-1,-1
35672,IS1bd91e66cc3d6dd0661e4,-1,-1
35673,Mitch41111,-1,-1
35674,UD2gGHGN2s,-1,-1
35675,Cranberry,-1,-1
35676,IS185b47ccc2bc26537230e,-1,-1
35677,IS13896708f48127a7b65de,-1,-1
35678,Saphi,-1,-1
35679,ZkB2z3wSoi,-1,-1
35680,Zaltar,-1,-1
35681,IS1d342401b3336162f18c8,-1,-1
35682,IS1cff04c5aa380dfe159c6,-1,-1
35683,IS19adec00590be5904256e,-1,-1
35684,longjons11,-1,-1
35685,IS14f50514b6049580d6577,-1,-1
35686,icedragon8806,-1,-1
35687,IS16ab2abf6b6fb0458643e,-1,-1
35688,jenclode,-1,-1
35689,Woryk,-1,-1
35690,Cerith,-1,-1
35691,IS17440dd7da769a540770f,-1,-1
35692,Timmmus17,-1,-1
35693,IS11fbab7f9500fed7528b0,-1,-1
35694,Jolteon,-1,-1
35695,Pennies1,-1,-1
35696,IS1ac0b8777b83250813e56,-1,-1
35697,IS162d5f82b849a12edafa8,-1,-1
35698,r9o2n6,-1,-1
35699,IS141ad3f760e9c9b20058b,-1,-1
35700,IS1a698167d225ba8a1abee,-1,-1
35701,AtomHeart,-1,-1
35702,Donotobey,-1,-1
35703,googleknowsalll,-1,-1
35704,IS133df5b286ea2c1453f4a,-1,-1
35705,ProphetGRE,-1,-1
35706,Scraper,-1,-1
35707,IS138cff9b475186aadd33d,-1,-1
35708,tuzak,-1,-1
35709,IS1488c825cc05a61fc4452,-1,-1
35710,IS1cb316d7059ea5dc50115,-1,-1
35711,StaticHammer,-1,-1
35712,IS1b0f2c7c5a6e6826021cd,-1,-1
35713,FullMetal008,-1,-1
35714,IS1d0f5ed675304cf8a978a,-1,-1
35715,Alvl88pikachu,-1,-1
35716,IS113bbe63e9d81c4727883,-1,-1
35717,IS178b3f8b2212c7c7d101a,-1,-1
35718,bathor,-1,-1
35719,IS18924419f5220400d4857,-1,-1
35720,IS18db7ca95ea8085d096a1,-1,-1
35721,IS124e92d84d5afc9cb8d6b,-1,-1
35722,Doctor Wraith,-1,-1
35723,Starrk Coyote,-1,-1
35724,LeMSvU8o5g,-1,-1
35725,Col Jack Oniell,-1,-1
35726,IS133649e7d67e55f663274,-1,-1
35727,Taurus,-1,-1
35728,IS1848264de0b23a958398c,-1,-1
35729,Z3 Ashuku,-1,-1
35730,IS1bd026563d53b9cc7d864,-1,-1
35731,IS11e2790587b847c01e3a4,-1,-1
35732,IYKBbIrDKF,-1,-1
35733,z0DsUv4ZSY,-1,-1
35734,IS1c4124006e10631e77b28,-1,-1
35735,IS1123cd6e4a50432049d67,-1,-1
35736,IS18dd1a6781a0db62b457b,-1,-1
35737,Vekar,-1,-1
35738,IS17a520a0f4844554bdd4a,-1,-1
35739,IS12f361a44876167336224,-1,-1
35740,Agcx,-1,-1
35741,IS134d3233a8d837834582b,-1,-1
35742,Doko,-1,-1
35743,IS166668ddd95d4d9d7e1ad,-1,-1
35744,IS123d2f7573b7a86b656fd,-1,-1
35745,IS12005096677e3255e35fd,-1,-1
35746,IS18a2ffabf660860c3aee1,-1,-1
35747,TinglySpoon,-1,-1
35748,IS16b8ab35132faf5e02bc1,-1,-1
35749,drdanny,-1,-1
35750,Lisson,-1,-1
35751,IS1510c54231d83c90c21f5,-1,-1
35752,3ranp9chnl,-1,-1
35753,Mannymoyobroho,-1,-1
35754,IS1cb808d706c22296b1ab7,-1,-1
35755,zachre,-1,-1
35756,IS16a3443dbde22e9f2f2c8,-1,-1
35757,M4rt1nSh1th3rs,-1,-1
35758,IS1bb799bc01d610f88af44,-1,-1
35759,IS1b41cfbd466142929bffe,-1,-1
35760,Hunter D,-1,-1
35761,IS1c65fecbd9603c2b07a48,-1,-1
35762,IS164fd71a7cb6a70d8eb2a,-1,-1
35763,IS15cd5f9359ed626dc21cd,-1,-1
35764,IS14d165c6b2ff5e33baa3b,-1,-1
35765,Neslidob,-1,-1
35766,IS17a9bfffd6bbeae5ac19d,-1,-1
35767,IS1fd07c94a87ad94ac683d,-1,-1
35768,IS15d7f3ee941e0fae94669,-1,-1
35769,zBTBWvxXER,-1,-1
35770,IS13725b3e4550f9525e551,-1,-1
35771,IS16ced5c3e83fb7c74d65d,-1,-1
35772,Team Snorlax kun,-1,-1
35773,IS178c4d84bb40a137ac250,-1,-1
35774,nattakunt,-1,-1
35775,retardretardant,-1,-1
35776,IS187fe1c64ce7a3a604ffa,-1,-1
35777,IS14f4c3f660b30749325c3,-1,-1
35778,Janon,-1,-1
35779,The Ebola,-1,-1
35780,IS1fcba778b54b6749fe43c,-1,-1
35781,IS1609417ef9da0d6bb6eb3,-1,-1
35782,IS19db9f94f39c9a3c5f877,-1,-1
35783,IS1354f220fdbac1d0a948f,-1,-1
35784,IS13dbd169870b6a7fde794,-1,-1
35785,Hiduga,-1,-1
35786,IS158a46779869f1ac760ac,-1,-1
35787,Anubis22,-1,-1
35788,Silverspoone,-1,-1
35789,4HjQoFOiaS,-1,-1
35790,Sortilegium,-1,-1
35791,Draxil,-1,-1
35792,Hdrscewghcr,-1,-1
35793,IS1e7ffb2ae427acec5041d,-1,-1
35794,Chad ThunderCoK,-1,-1
35795,IS1cc2b35ec18f8b251e4fd,-1,-1
35796,IS1300056f1dcad56021c59,-1,-1
35797,IS1ec0fd0a0b834308d3082,-1,-1
35798,SynergyDarkstar,-1,-1
35799,IS18ddc0cbabb2111e68486,-1,-1
35800,IS1b5a486d362a30ef4c6b7,-1,-1
35801,IS11836ea68a14e304aa0ae,-1,-1
35802,IS1809f5a1cdf88e1240b08,-1,-1
35803,hi im aIice,-1,-1
35804,PGtips,-1,-1
35805,eoj2foVTvZ,-1,-1
35806,IS1778b01366907d1f14445,-1,-1
35807,IS1048062863e8e45c3a5f0,-1,-1
35808,IS1e1b74ec890247ca3db43,-1,-1
35809,The Wonton V,-1,-1
35810,IS1672fc0c83e836adff55d,-1,-1
35811,IS10a3954fa752b1e29a1d5,-1,-1
35812,gameba,-1,-1
35813,IS1d186560061e3e73cbe57,-1,-1
35814,IS1edb6fac7ab90e845bb3e,-1,-1
35815,IS16ffab23189d69eb54118,-1,-1
35816,1AhF9Wy0Ng,-1,-1
35817,Voiku,-1,-1
35818,IS1a4d74abf04d1883484b4,-1,-1
35819,IS1edfd632c1b009cbea94c,-1,-1
35820,PsycheOut01,-1,-1
35821,IS1f16f32e7933e174c7198,-1,-1
35822,IS1f8aeb7548ed896022043,-1,-1
35823,IS1b6397c173f6e45655496,-1,-1
35824,Train,-1,-1
35825,blaff,-1,-1
35826,FazzAU,-1,-1
35827,Budro,-1,-1
35828,IS1838479c3cea296015bce,-1,-1
35829,IS1dcf531c4257754d5dde6,-1,-1
35830,IS162a17bad5d0cb3d3e9ee,-1,-1
35831,IS170417729cdb35bb71918,-1,-1
35832,IS1d6cab3f80348dc31591d,-1,-1
35833,Tessai,-1,-1
35834,IS174b379f7767efc372329,-1,-1
35835,tsmrcv51al,-1,-1
35836,IS17bd905a6dacce9361d06,-1,-1
35837,IS14710fc0e7c8758a6532a,-1,-1
35838,IS1481ccf89703e9619a98c,-1,-1
35839,ramboer,-1,-1
35840,IS103b8d4cd2e6c53698990,-1,-1
35841,IS1b1a4daea281b70339052,-1,-1
35842,IS189303244d13f1a8146fd,-1,-1
35843,Devee,-1,-1
35844,IS1ec22c8f843e2f51a98fc,-1,-1
35845,IS1e059c76f54034aace2cd,-1,-1
35846,IS10bdaed43f37ed1b501ac,-1,-1
35847,sweetrevenge355,-1,-1
35848,Reclamed,-1,-1
35849,Madyz,-1,-1
35850,IS122d92737a3e0f9b99dc6,-1,-1
35851,IS14a42780062ce000dcb5d,-1,-1
35852,IS1356108eaa8082531b993,-1,-1
35853,IS14519bd5144ffd354e6f3,-1,-1
35854,Nodebug,-1,-1
35855,IS12e79c67e1e20fa6fe9d3,-1,-1
35856,St7yTzdK3O,-1,-1
35857,IS194af6d13cb98b343f11a,-1,-1
35858,IS193720caae97d135faa54,-1,-1
35859,Darkbepo,-1,-1
35860,IS168b69e943af82e7eae7e,-1,-1
35861,IS10df48462a1a9a684ea43,-1,-1
35862,IS14ffc0b1bb5d5042c0df4,-1,-1
35863,IS106327998724484e5c720,-1,-1
35864,IS1da94c86d00184861c96f,-1,-1
35865,IS1f8bc47d5d559eb04a114,-1,-1
35866,IS16cdb02c081de2fb74a8a,-1,-1
35867,IS15e79c3b8417c5543cb67,-1,-1
35868,IS124d983dc1a62a8dff389,-1,-1
35869,IS18c7b0933758ffc2a167e,-1,-1
35870,IS1e2fa10ac1685cd399f32,-1,-1
35871,IS1c15cf1002efafc1d7cf8,-1,-1
35872,IS18ac25a2abee9beca46f7,-1,-1
35873,Bowly,-1,-1
35874,IS1849dda853bf178cab105,-1,-1
35875,Vever,-1,-1
35876,IS1208a27e47035cbdab149,-1,-1
35877,IS1b61094cc64be7700e69b,-1,-1
35878,IS1cbe122a310ec6d3e52b9,-1,-1
35879,IS120f9e52fe216beb8ecfd,-1,-1
35880,IS16140a002ef0a7bd8c690,-1,-1
35881,Dita,-1,-1
35882,LikeTheWhirlwind,-1,-1
35883,IS1547ceed712ae4c5d5a2d,-1,-1
35884,IS1c3189d9904cb4918460d,-1,-1
35885,IS149fc667bd23a5c49fea1,-1,-1
35886,IS12fa07f204a9a0f2d3eff,-1,-1
35887,Snacks Packs,-1,-1
35888,IS1df0cb40380152680314c,-1,-1
35889,IS1e43590e89eefc3097d3e,-1,-1
35890,IS1631a2adb03fd6818b497,-1,-1
35891,IS1cd9ae1e2e53ad9879f6d,-1,-1
35892,Rypyr,-1,-1
35893,IS1c1b58212df4c2831aedd,-1,-1
35894,IS19e19955c2c3f087168f9,-1,-1
35895,IS18d8ba9281d621b96be66,-1,-1
35896,IS1aa477b01d99289faa968,-1,-1
35897,IS1a75d910c77f73b62dc58,-1,-1
35898,QOflsnZywD,-1,-1
35899,Tamnier,-1,-1
35900,IS1805e592ee138ed09c9b1,-1,-1
35901,basskater87,-1,-1
35902,IS169a83f7d30846c397b72,-1,-1
35903,IS16de79d5edfb73cdf07ca,-1,-1
35904,IS1124a5e752c5fdcaa3a48,-1,-1
35905,IS1eb4ecedbb2c0722575eb,-1,-1
35906,IS1f36977ba4a90d82958af,-1,-1
35907,dr greenthumb,-1,-1
35908,IS1c610f18259f903659075,-1,-1
35909,IS16706100e5c10b2c8ce38,-1,-1
35910,IS1e41167fe5bb2d4c91900,-1,-1
35911,Casmir,-1,-1
35912,IS101648f9dcc408a5e9b11,-1,-1
35913,Clazzy,-1,-1
35914,IS1cb79cf9da320681c6c25,-1,-1
35915,IS1530187b1184f58c26a3f,-1,-1
35916,Garfbargle,-1,-1
35917,IS1d03eadb2665109246f6f,-1,-1
35918,IS16f7728988e0220bd51bd,-1,-1
35919,IS1496529bb27f3c6786782,-1,-1
35920,nightpike,-1,-1
35921,IS116993c3a1d5ac9591da7,-1,-1
35922,IS115f967e403aa0f85f0cd,-1,-1
35923,IS1b4e8a58fe09fa2e91827,-1,-1
35924,wwwdotcom,-1,-1
35925,IS1e3234a9eb40029ea0f11,-1,-1
35926,IS1d16e2a04423665d4b3a8,-1,-1
35927,Snaepr,-1,-1
35928,SE0PpEoiI1,-1,-1
35929,HoT4u6Ka,-1,-1
35930,IS1d2c59e5b4dab6a8e7611,-1,-1
35931,hzTjX9Qkx2,-1,-1
35932,Kinz,-1,-1
35933,IS1d8787abaa56e1febced6,-1,-1
35934,Hugarue,-1,-1
35935,IS138c5a1da173a284be004,-1,-1
35936,IS1bf22a5bdfc5b01273e2c,-1,-1
35937,KxIqzIIQGV,-1,-1
35938,LOLTASTY,-1,-1
35939,IS158683de4b89e9bda1fc5,-1,-1
35940,GoldenTiger,-1,-1
35941,IS112a3d3aa044dbfc581ee,-1,-1
35942,Astx6,-1,-1
35943,IS1b284b4884f30ed88a045,-1,-1
35944,IS116f96df697e9bd55af86,-1,-1
35945,chickensgocluck,-1,-1
35946,Captain Fiddles,-1,-1
35947,IS182e73a8b476c2de17134,-1,-1
35948,IS1850f9d6d1b52332b0dee,-1,-1
35949,Wooze,-1,-1
35950,8GccBmaWGE,-1,-1
35951,Spida Man,-1,-1
35952,IS1bb4ef64da2ecdabd07f0,-1,-1
35953,jAmMyGoIt,-1,-1
35954,IS13c7f143cbaf3c9996ac4,-1,-1
35955,IS10d272eb2f1d343011760,-1,-1
35956,IS105115afa5e15774fa269,-1,-1
35957,IS1fab46627c880a109c01f,-1,-1
35958,IS16dedf2d3a98a38b49c4e,-1,-1
35959,DazedNConfuzed,-1,-1
35960,IS1a90e471cd3d0bbdbac49,-1,-1
35961,IS1a0d1250a379cd5936448,-1,-1
35962,Daemondias,-1,-1
35963,Hommer,-1,-1
35964,IS1fb5b5f0058321ac96f25,-1,-1
35965,IS1d99b154ec72e34394a8d,-1,-1
35966,IS1d40267c607afedab4b78,-1,-1
35967,IS14432fb8514bd43d88648,-1,-1
35968,ButtMudd,-1,-1
35969,striderx240,-1,-1
35970,CarlWeethers,-1,-1
35971,IS14b5d29803366a86229f8,-1,-1
35972,PostalKilla,-1,-1
35973,love 2 strip,-1,-1
35974,K86xbkcAN2,-1,-1
35975,IS15956f79a7c9540f04292,-1,-1
35976,IS1c11c0189ee7367161c6b,-1,-1
35977,IS123fea8d91c6d24f95eb9,-1,-1
35978,IS12c7b94cb0e465f0fa610,-1,-1
35979,IS191ff434a390f1faadf86,-1,-1
35980,TheRealAmatsu,-1,-1
35981,IS120bf3df8d4b9c29730ce,-1,-1
35982,IS16c25d04630a6d5bd0832,-1,-1
35983,IS1d918500ce7e8fed79cf5,-1,-1
35984,DaSlayer,-1,-1
35985,IS151033ca0322696b574db,-1,-1
35986,IS19286108317563d5a6c1a,-1,-1
35987,Mykell,-1,-1
35988,Sudowoodoxo,-1,-1
35989,IS1a992d6d4cc3ce6654290,-1,-1
35990,Pheonick,-1,-1
35991,IS1e8c286a3aa6c17d5387f,-1,-1
35992,IS1b7a4595380d03b7ea164,-1,-1
35993,fatjon,-1,-1
35994,IS1398791637ceeadd3601f,-1,-1
35995,IS1a02f577f82aaf9c7a091,-1,-1
35996,Amarath,-1,-1
35997,Crossout,-1,-1
35998,Kaidan,-1,-1
35999,Zoiddberg,-1,-1
