36000,Numba1,-1,-1
36001,IS166ac6e211fd95210b551,-1,-1
36002,xKLG,-1,-1
36003,IS1840cdf0fcdd4643c958b,-1,-1
36004,IS190c6f5fa34d1a5709eda,-1,-1
36005,IS11da17fd1d32fa3ba9a28,-1,-1
36006,IS1ad08dccd421ada7705fa,-1,-1
36007,Mirollz,-1,-1
36008,ElectroFOO,-1,-1
36009,IS13531a6b808ca3fff0f12,-1,-1
36010,yourself thx,-1,-1
36011,Paix,-1,-1
36012,MmmHmmmmm,-1,-1
36013,DaveyDelicious,-1,-1
36014,IS17b47a21871a32ac4349d,-1,-1
36015,Adam Blade,-1,-1
36016,Rhaz,-1,-1
36017,LucidToxin,-1,-1
36018,7thSon,-1,-1
36019,IS1612e4e91d4478c968409,-1,-1
36020,IS1fd1f0f0a4b3838036a1c,-1,-1
36021,KillaMan,-1,-1
36022,leeREKTsin,-1,-1
36023,Boostinks,-1,-1
36024,sKIDVALLARN,-1,-1
36025,IS13cb9a7286bd070132db8,-1,-1
36026,IS141ffa8b99696e1aa14c1,-1,-1
36027,IS1805ff14961c896caddae,-1,-1
36028,IS118e348e7a33c1749b2d3,-1,-1
36029,IS11a1ff88b0a1ae34a4cef,-1,-1
36030,IS177d6ffa32d2298e3a11e,-1,-1
36031,Bastidge,-1,-1
36032,IS1f4b23555a38072fa9176,-1,-1
36033,Yeardtul,-1,-1
36034,IS1206594266ed9ba87e8e4,-1,-1
36035,Tardeaux,-1,-1
36036,Nami SWAN7,-1,-1
36037,oblak,-1,-1
36038,Drunk on Tea,-1,-1
36039,IS1fb8ef375c94d8977cc93,-1,-1
36040,IS1553067e609bc7abe20dd,-1,-1
36041,FuneraI,-1,-1
36042,IS12b77838bd83666ecec10,-1,-1
36043,ZAtJVKeKIJ,-1,-1
36044,grimz,-1,-1
36045,IS112c7db27fe3488c1918a,-1,-1
36046,IS16b60b6dc9a64d98b01f6,-1,-1
36047,IS1278dba7b3c0d18d370f8,-1,-1
36048,IS12032588b3dd888c0b80f,-1,-1
36049,Invisy,-1,-1
36050,IS1426c7c32d2a78089bb35,-1,-1
36051,Tfkj6UE04R,-1,-1
36052,IS1d546db1b6f6e1dd84848,-1,-1
36053,IS1603fb275b39f7de35693,-1,-1
36054,tomnomnom,-1,-1
36055,Kamboj,-1,-1
36056,Elgonn,-1,-1
36057,ZdQGWDQ3oY,-1,-1
36058,CuddlyColin,-1,-1
36059,IS146a1854f5a71f475b343,-1,-1
36060,IS1311332f23b364425643e,-1,-1
36061,Hippi,-1,-1
36062,IS183b73cb4d489dd7d1e09,-1,-1
36063,iPj7WuLtkY,-1,-1
36064,Shekari,-1,-1
36065,IS177d75f935b26101dd71d,-1,-1
36066,IS1a50842827adfee2b6646,-1,-1
36067,Broodley,-1,-1
36068,IS166dac3bf1f5721056ca6,-1,-1
36069,IS1fff4e8303e4edb690110,-1,-1
36070,IS1dc3bfee3c053472ce62a,-1,-1
36071,IS1fd5cf3f2a2d7b7976823,-1,-1
36072,Azlodin,-1,-1
36073,IS11f492c1783ce8db54a6e,-1,-1
36074,IS1a23171a713e55a77365f,-1,-1
36075,IS132dc4c59069c464341d5,-1,-1
36076,Ta2KTJ9kQ8,-1,-1
36077,IS17b37457999d05d657ae6,-1,-1
36078,UmHowAboutNo,-1,-1
36079,JohnnyTest,-1,-1
36080,IS1db56d88e1e8bf809d683,-1,-1
36081,Acchonburike,-1,-1
36082,drinker of water,-1,-1
36083,IS1711cca35443b73118675,-1,-1
36084,IS15cbbd0141d570769cf6f,-1,-1
36085,Breakfall,-1,-1
36086,IS12bf1b90f9ce6076ebe54,-1,-1
36087,IS1d6ea6bd23c81aafdfd43,-1,-1
36088,IS1d862964b1f9b3ebca6f0,-1,-1
36089,hvmrKIxZPs,-1,-1
36090,FluffyPoofPoof,-1,-1
36091,IS1da98b373dae2db137a15,-1,-1
36092,4afpFzfD2L,-1,-1
36093,Ferris Buehler,-1,-1
36094,Jaren,-1,-1
36095,qsO2YK94V0,-1,-1
36096,lqdhorror,-1,-1
36097,jammJam,-1,-1
36098,Jashuo,-1,-1
36099,IS1b61567ca8eeb605853c8,-1,-1
36100,Dyskord,-1,-1
36101,IS13489f86e2c1c24719a22,-1,-1
36102,IS11990221e2f312d01bb55,-1,-1
36103,zanyu,-1,-1
36104,rOoBNbnR0H,-1,-1
36105,RagingAmateur,-1,-1
36106,IS15de77eb2fe6728cfceba,-1,-1
36107,Pudgeinabowl,-1,-1
36108,so Ev1L,-1,-1
36109,IS14a0532b9fb0f84ed250a,-1,-1
36110,IS1ad490703dc812123423b,-1,-1
36111,phcGYhDkVF,-1,-1
36112,Armz,-1,-1
36113,NostalgicSimbiote,-1,-1
36114,IS16613d6a25097ec869b53,-1,-1
36115,Pandub,-1,-1
36116,IS17cdd31bc57a81490bb43,-1,-1
36117,ShinobiRAGE,-1,-1
36118,mello02,-1,-1
36119,IS1a52fb0eb9871805d865f,-1,-1
36120,ItzKingDavid,-1,-1
36121,IS12fc2cb0af8663543336e,-1,-1
36122,IS13581896fb1edbeb6d4ed,-1,-1
36123,Azarus,-1,-1
36124,IS1c1ce5c48306c53dc1609,-1,-1
36125,Mattinator,-1,-1
36126,CodeWaffle,-1,-1
36127,Big Duck Rider,-1,-1
36128,IS1c05270d5acb12775e928,-1,-1
36129,IS1c58206e413b3e5712354,-1,-1
36130,VeryBlackAlistar,-1,-1
36131,winwingwind,-1,-1
36132,IS17c8dea098b73af2b52e6,-1,-1
36133,IS1237c97d24f2cd71f89c9,-1,-1
36134,IS1811f93e797bb2bca08ee,-1,-1
36135,IS1f2403142cd294eeac019,-1,-1
36136,jrad115,-1,-1
36137,Korhallen,-1,-1
36138,Ajax the Great,-1,-1
36139,mikelekim,-1,-1
36140,Bakanethe,-1,-1
36141,Ecalie,-1,-1
36142,IS193cc858d552490a56bcf,-1,-1
36143,IS150237d32431a087518dd,-1,-1
36144,IS1adf1f03a3bdbb2bc6364,-1,-1
36145,krypler,-1,-1
36146,IS1ab235f04588c420eb82a,-1,-1
36147,XMSFX,-1,-1
36148,IS1a5c93924c0d912eb46d5,-1,-1
36149,IS1c97647c6553589f7b55e,-1,-1
36150,IS11efc538d0d7c271839e7,-1,-1
36151,IS12e310dc1a89e2ec24ce7,-1,-1
36152,IS12a6d5d1a58126a067bc3,-1,-1
36153,Kazara,-1,-1
36154,IS188a8d6351dcaeb2a0e49,-1,-1
36155,IS15143af3c4ad082803269,-1,-1
36156,IS17d40d077fc8060fb9d7a,-1,-1
36157,qPHhWT043j,-1,-1
36158,bleevo,-1,-1
36159,IS11048ed2775928b81b2d0,-1,-1
36160,1gRwp7lGa8,-1,-1
36161,IS15c76f7b4856190566d5f,-1,-1
36162,IS16ec533a654008339c1dd,-1,-1
36163,IS1aeee9d7110b922d3b534,-1,-1
36164,IS15e472c078ae59ad47528,-1,-1
36165,Jaxtile,-1,-1
36166,SomniumProxy,-1,-1
36167,Atoma,-1,-1
36168,esiex3,-1,-1
36169,GuitarGod,-1,-1
36170,IS189c155759d1ed3a6cbea,-1,-1
36171,iSL16lv69n,-1,-1
36172,IS1e8f3505f58bf1e6d7409,-1,-1
36173,IS1f4eb1a4a26f59b2f751f,-1,-1
36174,IS146c262348782d54afc70,-1,-1
36175,Map Hack,-1,-1
36176,IS1788b2dbe03a625cd9114,-1,-1
36177,IS1b92e65687d7652fdc7e7,-1,-1
36178,IS1ba7b0f5c6b806ec01262,-1,-1
36179,IS1001c5cfb5aedd10d8e31,-1,-1
36180,Pwncahontas,-1,-1
36181,IS1d3099129719cee0d46e4,-1,-1
36182,Cysquatch,-1,-1
36183,b1UfPNAYxO,-1,-1
36184,IS1fe098f71f2a1089d4fcc,-1,-1
36185,IS17d98a7f2052d48749913,-1,-1
36186,QboIm6wHlY,-1,-1
36187,FoxKelfonne,-1,-1
36188,Kaivos,-1,-1
36189,jjjthe21st,-1,-1
36190,fk it tilt life,-1,-1
36191,IS1811320f6efefdba9d564,-1,-1
36192,IS1c32a3052f3e88a49debc,-1,-1
36193,OSUguy,-1,-1
36194,IS13b9e403e6b3f34aaa3e7,-1,-1
36195,Benidiction of Fury,-1,-1
36196,IS1c12d7ef6b85c7082e7d1,-1,-1
36197,IS18f5ce83b771f6af57d91,-1,-1
36198,Reinforced,-1,-1
36199,Shrevident,-1,-1
36200,IS19cf3b43fa7a858b42589,-1,-1
36201,IS1c36579606201a633154b,-1,-1
36202,Fojji,-1,-1
36203,madthinker,-1,-1
36204,xan4eg,-1,-1
36205,Nicirin,-1,-1
36206,pkan,-1,-1
36207,Esch19,-1,-1
36208,Doinka,-1,-1
36209,Xana Shark,-1,-1
36210,IS15f49374662dd64dd1bbd,-1,-1
36211,Incrysiz,-1,-1
36212,BigBlackAli,-1,-1
36213,Tandran,-1,-1
36214,techtrax,-1,-1
36215,PozzyFreak,-1,-1
36216,IS105afc224b23c975b8cba,-1,-1
36217,IS15e1eee3b5c3d2a22db9e,-1,-1
36218,IS12a804347fa3e572c6b86,-1,-1
36219,MildManic,-1,-1
36220,IS149d665e584551894e33a,-1,-1
36221,IS1aa8784ee3b922e9062c0,-1,-1
36222,Nitrana,-1,-1
36223,monst3r,-1,-1
36224,Nossendron,-1,-1
36225,Les Mort,-1,-1
36226,Jaytee76,-1,-1
36227,Preposterone,-1,-1
36228,IS1e2868a4dfa6aefe6bce7,-1,-1
36229,LssreClsrs,-1,-1
36230,armoredCaravan,-1,-1
36231,Spacetim,-1,-1
36232,Cressed,-1,-1
36233,XvId7SSYJM,-1,-1
36234,IS166044db07373507ac6a1,-1,-1
36235,IS16ed6b24fba587595b6ff,-1,-1
36236,Karsus13th,-1,-1
36237,Gunnrar,-1,-1
36238,shadowoffear,-1,-1
36239,Derrific,-1,-1
36240,IS156804a5bfcfe44b778e4,-1,-1
36241,wurvey,-1,-1
36242,XenoBreak,-1,-1
36243,IS1d117a754cf40fccf0cc5,-1,-1
36244,IS1e334b7fec41d37b3ad1f,-1,-1
36245,LordTurnipHead,-1,-1
36246,MMCkS1S7Pv,-1,-1
36247,DJ DeFog,-1,-1
36248,IS1d789d08e5831951aa6bc,-1,-1
36249,Spock,-1,-1
36250,loshujie,-1,-1
36251,Unrivaled,-1,-1
36252,Makkoa,-1,-1
36253,IS13f89b0dbaa796a3bedec,-1,-1
36254,IS125b6272c9233d7c7b303,-1,-1
36255,Dalon,-1,-1
36256,IS141b74d8c1404c451bcdb,-1,-1
36257,NoJack,-1,-1
36258,Verron,-1,-1
36259,Grevious,-1,-1
36260,ZithaX,-1,-1
36261,jyajin,-1,-1
36262,IS11f4eef9626cc27402c41,-1,-1
36263,IS170ffabf81ac00678219c,-1,-1
36264,Trinketo,-1,-1
36265,Time Jockey,-1,-1
36266,IS1b5f842a608a7f5b1aba8,-1,-1
36267,IS1c2c79efd872fdbf12d03,-1,-1
36268,Kharan,-1,-1
36269,IS12c63af1fba1f83cb2238,-1,-1
36270,IS13679b2fc660d3ade0d0f,-1,-1
36271,Frostey,-1,-1
36272,IS13f51bb54f9f78c9b01ed,-1,-1
36273,IS11c1071c09bb5ad293bb4,-1,-1
36274,IS1a661433282ee30ab3723,-1,-1
36275,IS1409fd8d6da8f854f617e,-1,-1
36276,IS1863196d587fb262c0ffa,-1,-1
36277,Kades,-1,-1
36278,IS1ee26031aa2b4d,-1,-1
36279,Fangeaux,-1,-1
36280,IS124ed182a70dddd0523fe,-1,-1
36281,FiatVictrix,-1,-1
36282,balthya,-1,-1
36283,YFuTdAqwrU,-1,-1
36284,IS16b29f2b0530c36300b10,-1,-1
36285,ky0d3n,-1,-1
36286,9ko6ey4lws,-1,-1
36287,Roger,-1,-1
36288,WarMachineNZ,-1,-1
36289,IS1f975222d389f65593ed5,-1,-1
36290,IS14afdebb8127f17fc3d24,-1,-1
36291,Mirhi,-1,-1
36292,Fidos,-1,-1
36293,IS12faa6e68823c78ba72c8,-1,-1
36294,Cascardia,-1,-1
36295,IS1b90ec8545f5062f75360,-1,-1
36296,IS14e21090d052d44e3eb2d,-1,-1
36297,Amaryntha,-1,-1
36298,jerkoffMachine,-1,-1
36299,IS1ec9caf15d19418d5a3df,-1,-1
36300,Ahriman,-1,-1
36301,JonnyFairplay,-1,-1
36302,IS168971e1104d57ee864d3,-1,-1
36303,ReDsKiN001,-1,-1
36304,IS14d2e2608f35e74d97b46,-1,-1
36305,Raistlynn,-1,-1
36306,Antiyah,-1,-1
36307,IS13a3bc830bf46021eb7e9,-1,-1
36308,Revekk,-1,-1
36309,booooooooooooooooooots,-1,-1
36310,IS17eb228c7ea1e1b792099,-1,-1
36311,Palmitao,-1,-1
36312,Mydarkangel,-1,-1
36313,ThOBtQiPQN,-1,-1
36314,IS1d3c2cd1141ba0fead547,-1,-1
36315,IS1a7b5e4f9f0aa4f27afa4,-1,-1
36316,iambrink,-1,-1
36317,rasattack,-1,-1
36318,unixbeard,-1,-1
36319,IS1eb0a868d14544dc80c9a,-1,-1
36320,IS1df662ebadeb65a90c735,-1,-1
36321,Paggy,-1,-1
36322,IS1d41169b0faadb0980180,-1,-1
36323,IS1e5ccb139236a868ccaf0,-1,-1
36324,IS161901728d5f731b765a3,-1,-1
36325,IS14be0f4007bab0102e831,-1,-1
36326,IS1cf81c7dfbdbfe8ab8c6f,-1,-1
36327,IS11fd626033cc086a2471a,-1,-1
36328,Botznoy,-1,-1
36329,IVUIfKP462,-1,-1
36330,IS11e4c1435352ad1b564c7,-1,-1
36331,uknable,-1,-1
36332,defire,-1,-1
36333,IS149c1f5e4efe802d4e2b6,-1,-1
36334,IS1ba60b3d3693749ce09bc,-1,-1
36335,IS188d86d3bdb68bc85a49b,-1,-1
36336,IS160912acd6e74d41b5858,-1,-1
36337,IS19441f221e1b991028a86,-1,-1
36338,IS1ae9304944ae954c6a420,-1,-1
36339,KidRed,-1,-1
36340,IS15632a2528736341aaec7,-1,-1
36341,Togi,-1,-1
36342,IS11b0c7450ed9d6950a1fc,-1,-1
36343,rt8uwXsJL0,-1,-1
36344,TheZeroFaReal,-1,-1
36345,RookieBarracuda,-1,-1
36346,IS1a300ece7982b58557094,-1,-1
36347,Tchortt,-1,-1
36348,IS110bfd833073a466bf638,-1,-1
36349,IS1e93a6d49ec42d770f73b,-1,-1
36350,IS12eb80bc3e227a6050ad4,-1,-1
36351,Flaymar,-1,-1
36352,IS1dd2de0b5be40d9e07ebf,-1,-1
36353,Titan Steve,-1,-1
36354,Searsypoo,-1,-1
36355,IS1b2c7665c170c80db6717,-1,-1
36356,amumusonlybro,-1,-1
36357,RIBvrUJL8p,-1,-1
36358,DINKLEFINKLE,-1,-1
36359,IS1565003bebc03c3c03444,-1,-1
36360,Kevo9000,-1,-1
36361,IS1045222eca45155f96053,-1,-1
36362,IS1fcc092b88142ac6b0457,-1,-1
36363,IS150c579c88736dd7c3198,-1,-1
36364,Kniven,-1,-1
36365,IS17e5892cfd9432683c990,-1,-1
36366,Bleaugh,-1,-1
36367,IS12d96233ef12d337df736,-1,-1
36368,IS18282382170efa4972471,-1,-1
36369,IS100eb931a28036f48b691,-1,-1
36370,IS1eb9727640e0b78cc622c,-1,-1
36371,IS1df3e00db2da0f085e769,-1,-1
36372,Rahnowar,-1,-1
36373,IS1efaeeb44dcb164c8dd02,-1,-1
36374,xavradan,-1,-1
36375,IS17148287e0934cafdd002,-1,-1
36376,IS14f72527c2499ba452cf4,-1,-1
36377,IS1805c92c8525846a02420,-1,-1
36378,IS19d55630892fccd57c03c,-1,-1
36379,AmberTheFool,-1,-1
36380,IS116e52832f1bbf7dabd5b,-1,-1
36381,IS1652d45114ef8477f8f8c,-1,-1
36382,IS146c3a5ad1789c3bf08f5,-1,-1
36383,IS1d04a675082cc9d51c127,-1,-1
36384,NoOtherDestiny,-1,-1
36385,IS17ea6f2d8390c675d6134,-1,-1
36386,zzSleeper,-1,-1
36387,IS1b27ca6ff1099d5e76ba4,-1,-1
36388,IS100417ac42c4ce0daa539,-1,-1
36389,IS113942f6ac9577a738af3,-1,-1
36390,IS1908e42d1e3746afd279b,-1,-1
36391,Sintax,-1,-1
36392,IS1f92a2227a5beed020304,-1,-1
36393,IS1a468c6f388c90b5be1f9,-1,-1
36394,EBiQ8YvCKL,-1,-1
36395,IS1dc2708e6f0890890c516,-1,-1
36396,Archer00,-1,-1
36397,IS1331b83c256f1a0983169,-1,-1
36398,IS19d32c29c536d694bce24,-1,-1
36399,Potato,-1,-1
36400,IS13a14b374c56b7ed2ed83,-1,-1
36401,IS10267fd2c866b01131ada,-1,-1
36402,saderwcx,-1,-1
36403,Elotin,-1,-1
36404,bHKGi75amS,-1,-1
36405,KTfgwItmc6,-1,-1
36406,UEjystnCmS,-1,-1
36407,IS1a3ed049b757493e817e8,-1,-1
36408,Sinriel,-1,-1
36409,IS17f9c96ac0f1d13d5adfd,-1,-1
36410,IS1b880337c5c92785f77dd,-1,-1
36411,IS15dea8a61bd189cb4d468,-1,-1
36412,IS19d773177576d8032354f,-1,-1
36413,IS148fed0a61ba72bfb017e,-1,-1
36414,tilt is success,-1,-1
36415,StickyIckyGreen,-1,-1
36416,Alaska,-1,-1
36417,IS16aa93e9d9d7cd5156c95,-1,-1
36418,IS1ee29eb2990dbc255f3a1,-1,-1
36419,Atrokov,-1,-1
36420,IS1ffeebe061f28bed5c6b9,-1,-1
36421,IS12bebdb597aa131ec3dd3,-1,-1
36422,IS100ed5f85a01c4515962c,-1,-1
36423,IS1a18b60e7cbdbeea7741f,-1,-1
36424,6r7cxeYaEu,-1,-1
36425,IS1cc24beba11a8148cfaa1,-1,-1
36426,IS1496260a72d01e76480ba,-1,-1
36427,jay7,-1,-1
36428,Logar Earthfury,-1,-1
36429,IS1ae1d46ea1e8fd0c7a1fb,-1,-1
36430,IS1c3fb736171e1139bc312,-1,-1
36431,RamsO,-1,-1
36432,MyDeadGrandma,-1,-1
36433,IS109e425baf83eebbe7173,-1,-1
36434,Azrath,-1,-1
36435,IS116f7fd526d5fc677927c,-1,-1
36436,IS1fb728091792e3c538e6c,-1,-1
36437,Lithsq,-1,-1
36438,IS1a6fac24fa9749ba9ca08,-1,-1
36439,urano,-1,-1
36440,IS15ef5bb73430097f451e5,-1,-1
36441,IS138b254ec463714fbd461,-1,-1
36442,Biochaos,-1,-1
36443,IS1e9e267d171fc7c9e069e,-1,-1
36444,IS18429dc55bc098d4463e5,-1,-1
36445,DivineJustice,-1,-1
36446,IS1b4d3a814df7c0d377ed7,-1,-1
36447,IS1e150f168b93dff9604b2,-1,-1
36448,Schnagga,-1,-1
36449,Sevyrd,-1,-1
36450,IS108b4c5f19bc6d5a94320,-1,-1
36451,CaptAmazing,-1,-1
36452,XarhiaS,-1,-1
36453,L7kSyo17MT,-1,-1
36454,IS101c0de8ab30c7c510bac,-1,-1
36455,IS117fa22e7a134744584e1,-1,-1
36456,IS1de28cb734293df7d2c73,-1,-1
36457,Skydragon,-1,-1
36458,IS10455d0fb654e7bbdfc05,-1,-1
36459,outtabronze,-1,-1
36460,serialsam,-1,-1
36461,MXAYeP5BxJ,-1,-1
36462,IS165590aeb86b57697edb9,-1,-1
36463,IS17df6673391a7f5c7814b,-1,-1
36464,IS12d8fffe0959b532816ea,-1,-1
36465,IS141da393bccf292e55f4b,-1,-1
36466,IS164155803e570df25c060,-1,-1
36467,IS18ddc9d1089051305fddd,-1,-1
36468,Jayr89,-1,-1
36469,IS1ade4cdce7373958ccb9c,-1,-1
36470,IS1c64fb9370a2e37e09dcb,-1,-1
36471,IS1761ed5f1d32e22783d2a,-1,-1
36472,IS18e925ee05c45509dc8a7,-1,-1
36473,IS15d39e3c2eaf4faf85c79,-1,-1
36474,IS17d009d90f7c360fb1882,-1,-1
36475,xalon,-1,-1
36476,IS11aa6b404de12b8362300,-1,-1
36477,IS1d657ebec4e0f1dafbbd4,-1,-1
36478,GosTphELT,-1,-1
36479,3b84xnZCUb,-1,-1
36480,masterling,-1,-1
36481,IS1e95e5a4645771b81bc1d,-1,-1
36482,IS1d5e5b637c988bfc892eb,-1,-1
36483,IS16dd867aa1ff882a11055,-1,-1
36484,IS15ee37e2b1fc46efcdf17,-1,-1
36485,IS141a346cd1abc75767b31,-1,-1
36486,IS19bcf962fbbec0c2a3423,-1,-1
36487,IS15540c411bbef0ab1361b,-1,-1
36488,Compulsion,-1,-1
36489,IS15e443767735660697a24,-1,-1
36490,IS195d9ddbf014b8a610148,-1,-1
36491,IS13eb2f70c608df975e3a6,-1,-1
36492,IS138cfeab0b2bdbd872cda,-1,-1
36493,IS1bf0ca7d61ab3b3aba04b,-1,-1
36494,IS18436180931cd87fb5cf1,-1,-1
36495,IS1f5ca0675bdddbedebf37,-1,-1
36496,IS1f66fef12bbc3b8dad1c0,-1,-1
36497,IS18fa9c8d633ca5f198a48,-1,-1
36498,IS1add7d2a741b9dba27e6b,-1,-1
36499,IS14ecdb6426ecc06c20514,-1,-1
36500,ScHniPPaH,-1,-1
36501,IS14a147b4098b919f7b44c,-1,-1
36502,TheRixVercingetoRix,-1,-1
36503,IS1f1f9158681c4f9161c6b,-1,-1
36504,santimn,-1,-1
36505,Owl,-1,-1
36506,IS1df3356459d4c71a04774,-1,-1
36507,IS118194de9b380748eb311,-1,-1
36508,Rijusin,-1,-1
36509,IS164481f2455c1adad6fd5,-1,-1
36510,IS101f8db9ac2e6ae230365,-1,-1
36511,al3man,-1,-1
36512,IS15a55eaad06cc5cd9ed66,-1,-1
36513,IS1617eeaad0b9543a206d1,-1,-1
36514,Slim Diggity,-1,-1
36515,IS1d911ab54f1096d14ad79,-1,-1
36516,IS169a56cd4fd57d180d6a5,-1,-1
36517,BiGGIE7,-1,-1
36518,MarryTheCarry,-1,-1
36519,IS1712222dcc9675c0b7f44,-1,-1
36520,IS190ca8bce86297c93e106,-1,-1
36521,IS16d84ff3a170a1e1a3aef,-1,-1
36522,IS14f8d8402d0300e9da4f7,-1,-1
36523,IS1b9294ed15788d6874c46,-1,-1
36524,Ducttapefiend,-1,-1
36525,IS1440fff021c166effab3b,-1,-1
36526,IS1dc99e60f9f4edcfe9a69,-1,-1
36527,BurntToast,-1,-1
36528,CurtC,-1,-1
36529,IS195fb03220d4263795238,-1,-1
36530,IS1be423cbc6b20775bc2b4,-1,-1
36531,mPw9KRIlCr,-1,-1
36532,scrapl,-1,-1
36533,IS113b74f457ac86c15c3e8,-1,-1
36534,IS18a5e64ef015f519f653b,-1,-1
36535,IS1fd9f7398744a4ed4f580,-1,-1
36536,IS1bac4acce21e459b10e16,-1,-1
36537,Kasul,-1,-1
36538,Refallen,-1,-1
36539,IS1d8f94b4e8c04ef16f62d,-1,-1
36540,IS1a024edaeb58b8c8f913d,-1,-1
36541,IS13933972de43f2133f44c,-1,-1
36542,IS1b6cf70d0ec5cca76985c,-1,-1
36543,IS111a9cd7816f310139cbf,-1,-1
36544,Gatchan,-1,-1
36545,IS1b706ba775383d208f4cc,-1,-1
36546,d aaaaaaa,-1,-1
36547,IS1c0abc8ffbc4bdccef93f,-1,-1
36548,IS115a1df8816c05f2e9ecf,-1,-1
36549,gellyy,-1,-1
36550,arrilius,-1,-1
36551,JesterSpirit,-1,-1
36552,Spamfist,-1,-1
36553,threetimesthree,-1,-1
36554,IS13adca8c9266ea983f86d,-1,-1
36555,IS1088e07ffe4a4c0b2997d,-1,-1
36556,IS15843d6594ddc59c98a24,-1,-1
36557,Demonicon,-1,-1
36558,IS1e84f83f3d1e3405ad9d2,-1,-1
36559,IS1ad98bd4dd01fcf5cd22e,-1,-1
36560,IS16cd23fb368feac7ac5ba,-1,-1
36561,IS1b22e833cc36e0d9b3abd,-1,-1
36562,Cassidy,-1,-1
36563,IS1f8ff0d2e795753808456,-1,-1
36564,IS1f48c0dfee85db84cb33f,-1,-1
36565,IS1542bd4e45082d671a6ab,-1,-1
36566,IS1bcb7b297600e3019a5a6,-1,-1
36567,Issino,-1,-1
36568,Mythas,-1,-1
36569,IS1e3b4353ca39b8a9fe545,-1,-1
36570,IS128cc71686cbca46df0bb,-1,-1
36571,IS1118ef90cc00cae40529f,-1,-1
36572,IS1d0d5f6c038e84a609879,-1,-1
36573,DOOMBODY,-1,-1
36574,IS19806abc55ff5aef08bae,-1,-1
36575,IS118416c7a0fac9fe555c4,-1,-1
36576,IS1d4151f69f469c231850b,-1,-1
36577,IS10ff68734a3b887fb76da,-1,-1
36578,RickVanPrim,-1,-1
36579,Donzy,-1,-1
36580,IS11a503a50472f3ecca0dc,-1,-1
36581,slicR,-1,-1
36582,IS100f3e5fb7ad34de32b76,-1,-1
36583,Salt Rage,-1,-1
36584,IS1ec9bb8c8af008158a91c,-1,-1
36585,TWolfe,-1,-1
36586,IS131c4008eaf6a7de9f08b,-1,-1
36587,IS1f0e5903792c14238c059,-1,-1
36588,IS1dbc64b062ee594f6d270,-1,-1
36589,IS13e9137332dbdf18550fc,-1,-1
36590,LeLLo,-1,-1
36591,IS12ad70d1f4893912d68a3,-1,-1
36592,IS10a2aba949906282b540c,-1,-1
36593,Lofty Vagary,-1,-1
36594,Jeffismagic,-1,-1
36595,IS110370293efb5568f1a37,-1,-1
36596,IS1b312d24c9594e0c4ad72,-1,-1
36597,IS171a7a1863678f85198da,-1,-1
36598,IS1845670f477a41d4c00a3,-1,-1
36599,IS12bb5190e920ce2ed5fff,-1,-1
36600,IS16121a97f684311106f97,-1,-1
36601,Reshef,-1,-1
36602,IS1400d0e9e052cdde2d170,-1,-1
36603,Km5CMC32Uv,-1,-1
36604,MisandryDontReal,-1,-1
36605,IS19f2dbc741bbacb1fbb92,-1,-1
36606,IS11f40b7003d8e721b3617,-1,-1
36607,IS1387545747c663f05d517,-1,-1
36608,IS19139022fa537f4a12fd7,-1,-1
36609,L0T28YVdxW,-1,-1
36610,IS1c89270b28807328afc7c,-1,-1
36611,7qm6FGIwvO,-1,-1
36612,IS1c2e2312c46075c3e4ff0,-1,-1
36613,IS10c90d4756bbf202ba3dd,-1,-1
36614,Merexis,-1,-1
36615,IS153ca2e4d7bc4b378fa8a,-1,-1
36616,IS11c5f03024f6f49d4e10a,-1,-1
36617,IS1b864b2067957cebb8250,-1,-1
36618,IS1b3c7a1444b1f3ae34657,-1,-1
36619,IS16325f8d0d7e868d3a895,-1,-1
36620,IS14e7eaf27978a8fd00fe8,-1,-1
36621,IS150ae88fae89262a97aa0,-1,-1
36622,IS1aaef090f54adb883a6c0,-1,-1
36623,IS1b6592d5248d63138de4a,-1,-1
36624,Vashavi,-1,-1
36625,kikora,-1,-1
36626,Vaskre,-1,-1
36627,dungl,-1,-1
36628,FlamingGyoza,-1,-1
36629,IS18c95dffe1d6c4e153f2d,-1,-1
36630,IS14d68da38939bbd0a1cf7,-1,-1
36631,IS1db5c55b724e416209d27,-1,-1
36632,The Black Cow,-1,-1
36633,IS18fc4cabbc213f8091bfe,-1,-1
36634,captainpyoomp,-1,-1
36635,RothGelen,-1,-1
36636,Amplify,-1,-1
36637,IS1f79adc778a328be08ee4,-1,-1
36638,bId3XooREj,-1,-1
36639,IS1ac26d16bbe59e0b355c9,-1,-1
36640,IS180e19cf948b319505882,-1,-1
36641,whatluckchuck,-1,-1
36642,IS1fdf06887830a70c377e3,-1,-1
36643,IS1c3031623a73645b5dcd8,-1,-1
36644,IS13e10ec7195aa77f6090e,-1,-1
36645,IS11f9ef07a02ecc38ba389,-1,-1
36646,IS154c6be872e56ee892e5d,-1,-1
36647,IS118122905caf51d940196,-1,-1
36648,IS1559f7ab979f5b00a1a17,-1,-1
36649,mastercoucous,-1,-1
36650,gokufencer,-1,-1
36651,Saldarion,-1,-1
36652,IS1f2d8003a7798a87e7ab3,-1,-1
36653,IS1ef695e32038142dd8c02,-1,-1
36654,IS1741cf5f8cebd33605a07,-1,-1
36655,fawzie,-1,-1
36656,nekroforos,-1,-1
36657,IS1e04205cd4da67123ff8f,-1,-1
36658,Pickles,-1,-1
36659,Spadje,-1,-1
36660,IS1dbc398d5366a0cd2f817,-1,-1
36661,Ekree,-1,-1
36662,LeNewbie,-1,-1
36663,IS16571e44a1d255504040f,-1,-1
36664,Itsumi,-1,-1
36665,IS1ebbd53197016d8a9b4c6,-1,-1
36666,IS12153e3a3c7bd8f7e5329,-1,-1
36667,IS15a5efc9037c79dacca53,-1,-1
36668,IS1323ce3a4329051385e2c,-1,-1
36669,FourCourtJester,-1,-1
36670,evgod,-1,-1
36671,YhCsfuU5RZ,-1,-1
36672,Offshore,-1,-1
36673,IS14504a0103acdf37f2f62,-1,-1
36674,IS14c40c0b778b6eb7cb1b4,-1,-1
36675,Soultics,-1,-1
36676,IS1fc2cebe304301a2f8651,-1,-1
36677,Mincus,-1,-1
36678,oiml,-1,-1
36679,miezethaghor,-1,-1
36680,Meraxis,-1,-1
36681,Merrymaker,-1,-1
36682,IS1d469de0550c35fbc45ba,-1,-1
36683,IS11e906aaea89352794839,-1,-1
36684,GZbZmHBBi6,-1,-1
36685,IS1a2d6e4d5f44da452a66c,-1,-1
36686,IS1fe26320f8b0a41cd0289,-1,-1
36687,IS1970f7c2f199f4eb10718,-1,-1
36688,IS1ec252a16e102def51ca7,-1,-1
36689,Calis,-1,-1
36690,IS1ea61cf049154a776ecc2,-1,-1
36691,IS190471fbc2a26fda0ae83,-1,-1
36692,IS1518c8d8a23cd7db7d818,-1,-1
36693,TheBrycer,-1,-1
36694,IS1ebb520aaa5d037f3c30e,-1,-1
36695,IS16f395ee54a7985d74124,-1,-1
36696,IS109f07b426aa9346c5677,-1,-1
36697,IS10c2722855528807c16c2,-1,-1
36698,IS1453f9e6ec2478497eee4,-1,-1
36699,IS1019466249a809185a876,-1,-1
36700,zelak,-1,-1
36701,magoluna,-1,-1
36702,IS1c845e1b246dcdd0772fa,-1,-1
36703,c6QuX7pYBx,-1,-1
36704,Cocopuffs,-1,-1
36705,D4LihgOkKW,-1,-1
36706,IS1cb9eecbaca4589bff5ae,-1,-1
36707,IS102813f594e852f0c59b6,-1,-1
36708,IS1abf34f956687f7bd9a7d,-1,-1
36709,DasRoot,-1,-1
36710,IS11d6a8943962a1962a7f2,-1,-1
36711,IS1920233743f25c56898a3,-1,-1
36712,dckdaddy,-1,-1
36713,IS1f49b3c104bb2a4626a76,-1,-1
36714,Steinaech,-1,-1
36715,IS119a4e8dcf917278bd816,-1,-1
36716,Arknari,-1,-1
36717,IS10ecb8a4c02a9805f6667,-1,-1
36718,IS1860a3b9b93acf782a6a6,-1,-1
36719,Rushirufuru,-1,-1
36720,Lycoosa,-1,-1
36721,IS1f2c23ad26a7e9c1aba46,-1,-1
36722,Im fine and you,-1,-1
36723,IS180746412829fcf8d2049,-1,-1
36724,IS1506df084b0966e40432e,-1,-1
36725,IS1f76e92903a5f4b3cd771,-1,-1
36726,IS1a2943c31f5c27e1bb80b,-1,-1
36727,Maxwiell,-1,-1
36728,IS191eaf657890b314922c5,-1,-1
36729,keverh,-1,-1
36730,IS13211c3012c2797dad506,-1,-1
36731,Junks,-1,-1
36732,IS18435779beb70c4596f46,-1,-1
36733,IS1b7510540f2f50a7fbb21,-1,-1
36734,SuperCrazee,-1,-1
36735,IS150327e241fc99e96c151,-1,-1
36736,IS168601c57837930261014,-1,-1
36737,IS1187bc4aaddff066d5282,-1,-1
36738,IS1306b07bfda2e29f2c911,-1,-1
36739,IS1f52d4f16a9884623e206,-1,-1
36740,Synodai,-1,-1
36741,IS15a58866697d129fdd0e7,-1,-1
36742,PenitoFebrito,-1,-1
36743,Xiaz,-1,-1
36744,killaDJ,-1,-1
36745,IS1e8a123e7dcd5ac459351,-1,-1
36746,IS112f11d34e2982604fe94,-1,-1
36747,IS13a52898f3987a5f642c4,-1,-1
36748,IS1f7f0f38e869ffb5016a1,-1,-1
36749,moopmoop,-1,-1
36750,Fyuryus,-1,-1
36751,IS15d30fae410987983d000,-1,-1
36752,JohnnyFiveJaces,-1,-1
36753,Frippe,-1,-1
36754,IS168f0cdd3014ce627458f,-1,-1
36755,IS1f54d8853ed136d985ba7,-1,-1
36756,IS12e33be5eccb0e5f72517,-1,-1
36757,IS1b03b5c69062b13299a7f,-1,-1
36758,Sunzu,-1,-1
36759,Theodin,-1,-1
36760,IS16db079918525b07ff87c,-1,-1
36761,IS1b9e7b9ce80ac2ca69e9e,-1,-1
36762,IS15e85fa5cba29a6704fbf,-1,-1
36763,Avatar of the End,-1,-1
36764,IS16754c6fe1f8a888a0282,-1,-1
36765,IS1dc93f96c4e0668422cde,-1,-1
36766,Elwillow,-1,-1
36767,IS1bf695a5f1d53bdc94097,-1,-1
36768,Phoenix2754,-1,-1
36769,AbuChris,-1,-1
36770,IS19515604118bc718820d7,-1,-1
36771,Chalupa Batman,-1,-1
36772,IS12ad5235ecba486902a0f,-1,-1
36773,IS1f7af417f4535344125a2,-1,-1
36774,Denied,-1,-1
36775,C a n d i r i a,-1,-1
36776,antonio,-1,-1
36777,IS1d8b4cab854019ade6209,-1,-1
36778,LadyTiggs,-1,-1
36779,Rather Dashing,-1,-1
36780,IS115f2b77aabc69bdcd99c,-1,-1
36781,IS1bd75077c9b6fc69c43e8,-1,-1
36782,lurked,-1,-1
36783,IS1b32b901f73027613ad8a,-1,-1
36784,IS1e0111b75af1d48dd68a1,-1,-1
36785,SpikeII,-1,-1
36786,IS14e75a564829e060449da,-1,-1
36787,IS1a93bb3c055ec7,-1,-1
36788,The Wood,-1,-1
36789,IS16e057f7234fc60a8bd58,-1,-1
36790,IS1e18fa94d2c9d6a443c07,-1,-1
36791,IS11659677e4dc28fb1a57b,-1,-1
36792,Wotda,-1,-1
36793,IS133f9326f0bf91696ca37,-1,-1
36794,Express Hatemail,-1,-1
36795,IS1767dc6a2abbe746c7b60,-1,-1
36796,IS11a68588b363d776d2720,-1,-1
36797,LordKatsumoto,-1,-1
36798,4aAVebe9Rw,-1,-1
36799,Raptarian,-1,-1
36800,IS1bd5051bb953b99e01d75,-1,-1
36801,mello01,-1,-1
36802,Boofy,-1,-1
36803,IS17034c5ad72bd3b0ed184,-1,-1
36804,IS1a2482d2f699c070a8245,-1,-1
36805,IS1c9117592e5e53c7d7e52,-1,-1
36806,ryico,-1,-1
36807,Xobraix,-1,-1
36808,IS1230d88e9241865958431,-1,-1
36809,dhmoRox,-1,-1
36810,IS199edfdf9a75ac210dce2,-1,-1
36811,vihulainen,-1,-1
36812,IS1e372243542ddf86203ee,-1,-1
36813,IS16bea532bfde04e3c6276,-1,-1
36814,Lebeef,-1,-1
36815,Teø,-1,-1
36816,IS1991cfb734e9dbd3acd05,-1,-1
36817,Felonies,-1,-1
36818,IS100a0e740f9f3bdf289c3,-1,-1
36819,IS15873c57e7ceb033228ac,-1,-1
36820,CapetaSemCueca,-1,-1
36821,Dutaur,-1,-1
36822,kNRZEF16lY,-1,-1
36823,Undeadhazeus,-1,-1
36824,IS10c9da7b5a4142d0c6605,-1,-1
36825,Randomitus,-1,-1
36826,IS15dc2fac4374b629dce33,-1,-1
36827,IS14545e9e5181a18cfd77f,-1,-1
36828,IS1c9b3615c599e74e810d1,-1,-1
36829,jwn0303,-1,-1
36830,IS1c0fa25ba9433b0838612,-1,-1
36831,Christopher Carrion,-1,-1
36832,IS11eed1ab630821df3bf5a,-1,-1
36833,IS1ef1147d952687f0dd9c6,-1,-1
36834,IS1c30aeee0e2c554dc43f6,-1,-1
36835,Zeabumpkin,-1,-1
36836,HereticalSaint,-1,-1
36837,IS12455ece0b8209,-1,-1
36838,Neenjuh,-1,-1
36839,taiya,-1,-1
36840,IS1c7b34ecf19e66d89884d,-1,-1
36841,IS15c9156cee212f36d01d7,-1,-1
36842,IS1543b75906b5b0a85c093,-1,-1
36843,PK Brainfreeze,-1,-1
36844,IS16d1a5b42e7b00c9db6c3,-1,-1
36845,IS1657fae301cefcbc9bec0,-1,-1
36846,Kyir,-1,-1
36847,IS1cb864ff2b28ab84e420d,-1,-1
36848,IS15a69b9d295e52e82460a,-1,-1
36849,IS1e23c23bfa1f6dcdc1837,-1,-1
36850,IS118ac0661743a9213cb0e,-1,-1
36851,PicklePocket,-1,-1
36852,IS16cccd2328a15b5805efd,-1,-1
36853,IS1424b474023bc64086bd1,-1,-1
36854,IS1c224ba99ec44b5879802,-1,-1
36855,IS129c9ed60b39f9135f799,-1,-1
36856,IS14e3bf57eaad1ea452f38,-1,-1
36857,Karstark,-1,-1
36858,TpWInfa50H,-1,-1
36859,IS18b99806039dd27ec0711,-1,-1
36860,IS1019f7ab3539bbe729d4e,-1,-1
36861,IS1819a31f6d7eb493a501f,-1,-1
36862,Franctal,-1,-1
36863,IS1592af699daf98250a18f,-1,-1
36864,fareshade,-1,-1
36865,IS16161a2f1a3be17d4ba2b,-1,-1
36866,hom0wrath,-1,-1
36867,Mathrym,-1,-1
36868,Calcif,-1,-1
36869,zasus,-1,-1
36870,IS1e581e6d28c7161e4acbf,-1,-1
36871,IS1d3a516cc1220536fd234,-1,-1
36872,IS1902b227d5de50c815dd1,-1,-1
36873,IS139eb548886c253bf9644,-1,-1
36874,IS1dc74e89687bd357db5a0,-1,-1
36875,IS19bfd2e2279a8bda7c476,-1,-1
36876,IS1f02b983561d5a86b78dc,-1,-1
36877,PjeytheKANGAROO,-1,-1
36878,Vysaga,-1,-1
36879,IS1d2ec3cb03a27a0db321f,-1,-1
36880,IS14a11bec3e12a126252d3,-1,-1
36881,PS8ULoE6qV,-1,-1
36882,IS10368701567891601024a,-1,-1
36883,IS11ea5ab18edbe7cb56944,-1,-1
36884,IS17eb0a4c171d49e174a3d,-1,-1
36885,AzzyGM,-1,-1
36886,Crankcity,-1,-1
36887,IS1f8386a7c021d76e2e3d2,-1,-1
36888,IS13f67df6cb463b492384f,-1,-1
36889,V3rtigo,-1,-1
36890,IS125a6058adc3773ed4d53,-1,-1
36891,Darkhalcyon,-1,-1
36892,IS13c0269cfc2c56ab3c3c0,-1,-1
36893,IS12b286c31075d899273b0,-1,-1
36894,KingMePlz,-1,-1
36895,IS10a7ca98e33cbed8be478,-1,-1
36896,hike im bobby,-1,-1
36897,IS1674bf236710ea891d791,-1,-1
36898,gwinew,-1,-1
36899,IS12dca7fb4e3e12b3d29b4,-1,-1
36900,Cosmilk99,-1,-1
36901,IS105b00d1fcc0c56fdd7de,-1,-1
36902,Skyes,-1,-1
36903,Persona,-1,-1
36904,IS1e6c23335a88a0128d316,-1,-1
36905,HaggerDangle,-1,-1
36906,IS198c1b907d10e22aac579,-1,-1
36907,IS16d0e7426952d44b846c7,-1,-1
36908,IS190c458f69bad63c38709,-1,-1
36909,Garens left nutt,-1,-1
36910,IS14142677fdc6968ca6ec7,-1,-1
36911,IS10d2e25c4b910ea419a90,-1,-1
36912,IS15ad19a6b74203fac591f,-1,-1
36913,Dyni,-1,-1
36914,IS14bca207d853961e7148a,-1,-1
36915,IS121e00f902870c54647e4,-1,-1
36916,IS19680eb1ee707248353fd,-1,-1
36917,Crippled,-1,-1
36918,Kaworu,-1,-1
36919,IS11ab83661658607e536b1,-1,-1
36920,Clinick,-1,-1
36921,Attog,-1,-1
36922,IS10714dad81bfa2a1e4023,-1,-1
36923,dsffffdfdfdfd,-1,-1
36924,IS1b1c88898c208797e1a9a,-1,-1
36925,IS1807cf4e35ca95fd9a486,-1,-1
36926,IS18c7e2f52e3cda04490eb,-1,-1
36927,IS1c8da47cd53ff5c82cb4f,-1,-1
36928,IS1a5102b63861793900b47,-1,-1
36929,Cadian,-1,-1
36930,IS1ab9d40313956f0472223,-1,-1
36931,IS112c80743111c6237f12e,-1,-1
36932,IS1b3bda8f3b8c30d58eab5,-1,-1
36933,IS1364f27c0a15445307397,-1,-1
36934,IS166cea37aefa0b29ff33c,-1,-1
36935,chrispy777,-1,-1
36936,sshollow,-1,-1
36937,Janso,-1,-1
36938,IS1eda1044f574a05f89daa,-1,-1
36939,tesseract,-1,-1
36940,Stefencarson,-1,-1
36941,Archetype,-1,-1
36942,IS1d3afc9ef23137a51fe3e,-1,-1
36943,Crusalis,-1,-1
36944,vicrivers,-1,-1
36945,IS1cadbe083532a20e323da,-1,-1
36946,lol BlueSkies,-1,-1
36947,Wawo,-1,-1
36948,The Hammer,-1,-1
36949,IS1daeff700e5e2d540c2b5,-1,-1
36950,IS16c5a2086afebd72c4192,-1,-1
36951,C0CKASAURUS,-1,-1
36952,IS197adc7baa37a9caeff6a,-1,-1
36953,Shilgrod,-1,-1
36954,IS113d00026de20ba91b717,-1,-1
36955,SamuraiSloth,-1,-1
36956,IS1e501f50382e0136d36e0,-1,-1
36957,IS1cd15b152176a2fc8f190,-1,-1
36958,IS1039574051c55a39b21f7,-1,-1
36959,IS18e55661320d4c369d635,-1,-1
36960,DDevil,-1,-1
36961,IS11db0f0d06c7e0c74594f,-1,-1
36962,Hoshi no Hikari,-1,-1
36963,IS1e00b823bd6d0ffcb603c,-1,-1
36964,Smurflesticks,-1,-1
36965,IS1cd3799e75b5039802539,-1,-1
36966,IS111576dad99a15a5d4933,-1,-1
36967,TacoSanta,-1,-1
36968,Babyllama,-1,-1
36969,Stein,-1,-1
36970,IS1c9f0be2a96dfe3708bc4,-1,-1
36971,IS17c1bf469b29803c7287f,-1,-1
36972,IS1dd6a5cb24d335945e841,-1,-1
36973,IS1c4835af761ea752b602b,-1,-1
36974,IS1467e933d0eeb1bf547fc,-1,-1
36975,IS1f8dcf307a09d6fb6745f,-1,-1
36976,IS174bbc126641810439cba,-1,-1
36977,SkinChangerLove,-1,-1
36978,FanciestPants,-1,-1
36979,plectrum,-1,-1
36980,ScuttleChris,-1,-1
36981,Lunaticdgo,-1,-1
36982,IS1e0e018a7efe19a7ac937,-1,-1
36983,cygnal,-1,-1
36984,Conflag,-1,-1
36985,IS1a08cf7d62e80d1df097c,-1,-1
36986,SweatyGoat,-1,-1
36987,Liquid37,-1,-1
36988,Tynakuh,-1,-1
36989,IS148bd1eeee1380484c4df,-1,-1
36990,FightBourgeoisie,-1,-1
36991,TheNaeblis,-1,-1
36992,IS16e9e38f209862486c1cc,-1,-1
36993,Wolvenmire,-1,-1
36994,IS1ee97a513f6cfe68819dd,-1,-1
36995,IS15a2fa89752a5dfcd50d7,-1,-1
36996,joe380,-1,-1
36997,Shampoopie,-1,-1
36998,IS1d45076775e5c7ef06d73,-1,-1
36999,IS1025c76377259df8204da,-1,-1
