37000,IS1a986099105ae99a8e63b,-1,-1
37001,Surfeit,-1,-1
37002,IS1f05d6f2cd11b2516a2e0,-1,-1
37003,cmjordan,-1,-1
37004,enderftw,-1,-1
37005,IS1436f425cd830b3f447fa,-1,-1
37006,byronhulcher,-1,-1
37007,SLxSoldier,-1,-1
37008,theTruthful7,-1,-1
37009,Topcat,-1,-1
37010,t4gkcL8U2u,-1,-1
37011,IS18572737c9f1cdda325e1,-1,-1
37012,Seonce,-1,-1
37013,gebb bvlly,-1,-1
37014,Its Ricardo,-1,-1
37015,Frostraven214,-1,-1
37016,Jfacgogo,-1,-1
37017,ohnoesmrbill,-1,-1
37018,Alastor700,-1,-1
37019,sirnathan1974,-1,-1
37020,IS1624515dc37767ef6edc8,-1,-1
37021,IS1955ce1144ab2d5d765a7,-1,-1
37022,Zeenigami,-1,-1
37023,Jazzecia,-1,-1
37024,Daspied,-1,-1
37025,IS1ffc145f87c2da63fade2,-1,-1
37026,IS172db5644b52d2eefbcb7,-1,-1
37027,Granchtastic,-1,-1
37028,BMEDFXTI1,-1,-1
37029,IS17f9921d1b3d2dc4f9693,-1,-1
37030,IS13d807db519f9cc4bb27f,-1,-1
37031,DrClayton,-1,-1
37032,IS1e7143b87b597368ef17f,-1,-1
37033,IS1491480a0c1e5b76a16d8,-1,-1
37034,Eipoul,-1,-1
37035,Jay sebbbia,-1,-1
37036,sennsse,-1,-1
37037,thriLL,-1,-1
37038,AmadeusHeadshot,-1,-1
37039,IS1e6a71651550c57d8705e,-1,-1
37040,IS142bd6ade866de537a029,-1,-1
37041,IS1a54f51b61621ed310a37,-1,-1
37042,IS1bb7ffb3ddeedd918edc1,-1,-1
37043,Cuendillar202,-1,-1
37044,IS10ff28d9fe86ddedd4d21,-1,-1
37045,IS11c4909361fb79bc85a14,-1,-1
37046,Reflecting God,-1,-1
37047,Vn1hcMFfaU,-1,-1
37048,IS16c71df7d83c4eba5b3cf,-1,-1
37049,Quellei,-1,-1
37050,IS1d79589cf475923419d26,-1,-1
37051,IS191554fd3480becd9aca1,-1,-1
37052,IS1ab0ee3a0ed10b0012f63,-1,-1
37053,Ekalb7,-1,-1
37054,IS13d92ead37f855133415b,-1,-1
37055,dfgdfgsdf,-1,-1
37056,Allik,-1,-1
37057,Wanirit,-1,-1
37058,IS1c3501d658adda5ed5c96,-1,-1
37059,IS127ecef9e62a1633573d5,-1,-1
37060,IS15e457da6f21df3c1f580,-1,-1
37061,JuanZa,-1,-1
37062,Galma,-1,-1
37063,IS1a1332d11174fd90af4db,-1,-1
37064,Refund Skin,-1,-1
37065,erjerkkerketkety,-1,-1
37066,detZero,-1,-1
37067,zxU0DoJY2e,-1,-1
37068,Liawuffeh,-1,-1
37069,UnHolyRites,-1,-1
37070,IS1f966ac4207eeaa15dcfc,-1,-1
37071,Zezzil,-1,-1
37072,IS113905ca79e1937c9a050,-1,-1
37073,IS19f613124fe9c535b003a,-1,-1
37074,xodin,-1,-1
37075,IS11e2d878b9c8157c4277b,-1,-1
37076,IS14965eb4f22bae53c3516,-1,-1
37077,IS156adb0cc58dbcbd08d7c,-1,-1
37078,Rockethania,-1,-1
37079,gimp,-1,-1
37080,IS174da1006e4385a85cd49,-1,-1
37081,Zupai,-1,-1
37082,IS14ffa39015266af2947a8,-1,-1
37083,Norrak,-1,-1
37084,IS1843cad6b5ddc142886bf,-1,-1
37085,Malifice,-1,-1
37086,WidjacK,-1,-1
37087,nD7oGgG2TT,-1,-1
37088,In Starscream We Trust,-1,-1
37089,IS160bf12aec90c55e75e13,-1,-1
37090,Jarzhuntz of Zangarmarsh,-1,-1
37091,IS17dcb52bb3bfa51ae0c46,-1,-1
37092,Gilhond,-1,-1
37093,IS10bbf0ea7748dc55de295,-1,-1
37094,Gikon,-1,-1
37095,Oriones,-1,-1
37096,Pinnacle,-1,-1
37097,Bowsermuahaha,-1,-1
37098,Blazeyes,-1,-1
37099,dgfhdgfh,-1,-1
37100,Delapore,-1,-1
37101,pochi,-1,-1
37102,IS11e0d67a800f6f8bd1e24,-1,-1
37103,IS1c170df326c51bec1480e,-1,-1
37104,IS17ee499f8cf2f9d960c28,-1,-1
37105,DJPSYCH,-1,-1
37106,DervishSoul,-1,-1
37107,C2X0Rxv9Mm,-1,-1
37108,IS14eacad759c2acf9e1486,-1,-1
37109,Bigmantree,-1,-1
37110,IS13602ccb1df4024655175,-1,-1
37111,IS1b2f27641d5f950c24eef,-1,-1
37112,IS17cb431e96c118b97939a,-1,-1
37113,irishspring,-1,-1
37114,Cauthiel,-1,-1
37115,IS10e3225382921dd70b8c7,-1,-1
37116,IS14c599e40f712b921a50f,-1,-1
37117,xSora08,-1,-1
37118,TheCave,-1,-1
37119,Trend,-1,-1
37120,IS1ca89acfcb488be2328c0,-1,-1
37121,IS1667bf2af8892137c7a97,-1,-1
37122,IS1415c53be4e7bc6272620,-1,-1
37123,IS17913ecc0cc12e5ad7b3d,-1,-1
37124,IS13ca952937d1f7e24908b,-1,-1
37125,TV8o9avsMf,-1,-1
37126,Ins4n3,-1,-1
37127,IS127234df8332132f72268,-1,-1
37128,Teurn,-1,-1
37129,Vladdimir,-1,-1
37130,Nomadic,-1,-1
37131,FrostyDaSnowman1,-1,-1
37132,shnizzaga,-1,-1
37133,IS18e0f56d83fda9060e7e0,-1,-1
37134,IS1356647ce4f248a341c86,-1,-1
37135,Onebelow,-1,-1
37136,Phongstar,-1,-1
37137,pkacidlord,-1,-1
37138,Only Ezreal Plz,-1,-1
37139,IS12239555b13a05ac0c34a,-1,-1
37140,IS13aa5edf16c4c2d67e5dd,-1,-1
37141,talitore,-1,-1
37142,Metachoi,-1,-1
37143,IS1d3bd70cba37a3ac45fea,-1,-1
37144,Legenis,-1,-1
37145,haster123,-1,-1
37146,IS1fe9f492c5d7ec134f63e,-1,-1
37147,BrokenValley,-1,-1
37148,Wallywalrus,-1,-1
37149,easpider,-1,-1
37150,Ceridwen Dulciate,-1,-1
37151,Bud Studly,-1,-1
37152,IS185b2ea020d74d055ba58,-1,-1
37153,IS15ee9841e1824128f52fa,-1,-1
37154,GeFe,-1,-1
37155,IS16bbea83badcc07adc2f6,-1,-1
37156,KazeAruku,-1,-1
37157,IS1b88b35fbf6187af9771e,-1,-1
37158,IS1282ccb7d6688af1b6edc,-1,-1
37159,CFLombardi,-1,-1
37160,IS1cb09b148b728d01ee291,-1,-1
37161,IS193fe52ceb26ba1d5adb1,-1,-1
37162,IS1b2ad890af217556b3394,-1,-1
37163,Doraball,-1,-1
37164,Tieren,-1,-1
37165,Frusel,-1,-1
37166,Tw0Face,-1,-1
37167,Dolenar,-1,-1
37168,IS1ccd16a8ad75c6a8f4aac,-1,-1
37169,IS1af4f7e5e658b00d4c627,-1,-1
37170,IS14dbee4f989c9345047f8,-1,-1
37171,Valamforth,-1,-1
37172,IS11ce87d15f5f7924f6ae8,-1,-1
37173,IS19ed781faa902c92bfa2a,-1,-1
37174,Randrey,-1,-1
37175,ruhroh,-1,-1
37176,DeathByPockets,-1,-1
37177,HELLO FROM CHINA,-1,-1
37178,dazedsti,-1,-1
37179,Exist,-1,-1
37180,SuShiWaRRioR,-1,-1
37181,shadius,-1,-1
37182,Bcron,-1,-1
37183,IS143ac22b8e30d988b67ae,-1,-1
37184,IS1f4e46991bcad3dd7ed61,-1,-1
37185,digithor,-1,-1
37186,IS17532ea4a0bd21f3cc497,-1,-1
37187,Creptius,-1,-1
37188,IS1873e3b18b2f942b45795,-1,-1
37189,dksu,-1,-1
37190,Hoffination,-1,-1
37191,IS113c0203bc1df693d7017,-1,-1
37192,Heavenstorm,-1,-1
37193,IS13bc75d45fe1ea6e8ee6c,-1,-1
37194,Olimar,-1,-1
37195,IS1a49d29f444c4ac527453,-1,-1
37196,M0aner,-1,-1
37197,IS16a61dc2d659ff795410d,-1,-1
37198,IS1c35411414b9300dd323c,-1,-1
37199,IS1c8bea7c977fe96d65983,-1,-1
37200,IS1af197cdb1f16f78c89bb,-1,-1
37201,IS1416f337f075cd52b402e,-1,-1
37202,Vitiatix,-1,-1
37203,Loodak,-1,-1
37204,QueueQueue,-1,-1
37205,Demokage,-1,-1
37206,donmoobie,-1,-1
37207,IS16c4c188e761fc2bcb91e,-1,-1
37208,WT7tuE8ybt,-1,-1
37209,YonexKun,-1,-1
37210,Fenix257,-1,-1
37211,IS1c4ee35df9dc97761c61e,-1,-1
37212,Lucario,-1,-1
37213,Greech,-1,-1
37214,MattTwo,-1,-1
37215,oapeARJUh5,-1,-1
37216,Minatoto,-1,-1
37217,IS1ef395e7878a758b3b040,-1,-1
37218,Lotsif,-1,-1
37219,IS11707fe048d72a9bef32a,-1,-1
37220,UTy7lCYnwB,-1,-1
37221,IS146e910fd06b1443f083d,-1,-1
37222,Totski,-1,-1
37223,IS193d12136d46fd81058bd,-1,-1
37224,RattleSnake,-1,-1
37225,TooBreezy,-1,-1
37226,SilverRinku,-1,-1
37227,IS1ffdb617cafc8b5849fec,-1,-1
37228,Kelfarr,-1,-1
37229,Clinkz,-1,-1
37230,IS148ac335703d9125ad2a7,-1,-1
37231,Mahsen,-1,-1
37232,sybernaxi,-1,-1
37233,IS1fb70f74ecb9c91b658c2,-1,-1
37234,IS1dc13ca4a3bcc809a3dcc,-1,-1
37235,ArdVark,-1,-1
37236,xxweigrafxx,-1,-1
37237,IS1c8053622fe4c9e1ad57a,-1,-1
37238,IS1bb3a937371d88ea2d053,-1,-1
37239,Julia S M D,-1,-1
37240,kyriah,-1,-1
37241,IS17e582a418ab9e9298a9c,-1,-1
37242,IS16d4e3ae984f745dff682,-1,-1
37243,IS10234749a0b1da2932cd7,-1,-1
37244,IS1944ff3095585658a03ae,-1,-1
37245,Sporty Spore,-1,-1
37246,IS134795e252aada48f23a8,-1,-1
37247,Hansuvius,-1,-1
37248,IS1e0973f738c06ccd424da,-1,-1
37249,IS1bcdf79de7af863c4f69a,-1,-1
37250,Karrde,-1,-1
37251,IS16a59edbdb0444bc4a463,-1,-1
37252,Hasamamama,-1,-1
37253,ceddynator,-1,-1
37254,you fear me,-1,-1
37255,IS1aa3982d259411d298b00,-1,-1
37256,IS19ff4146a1659635cf304,-1,-1
37257,IS1344a9c8ba4c8f926180b,-1,-1
37258,Jerrycgewvrd,-1,-1
37259,IS166e217e4afc39cc9439a,-1,-1
37260,King B0wser,-1,-1
37261,IS1a24b804b007c6ccfe7db,-1,-1
37262,IS1f8a9be5d1654df41dea9,-1,-1
37263,IS133cc9c0d5262ba754644,-1,-1
37264,IS1383c1eb2afc15cbbec9e,-1,-1
37265,aTtaX,-1,-1
37266,IS1483a21ce54ba7bf08075,-1,-1
37267,IS1614962feb062e2396b9f,-1,-1
37268,IS1aaa9d74820a382761d6b,-1,-1
37269,IS1a80120fa7bba7191f1b8,-1,-1
37270,IS1ffe18400a88689715dd1,-1,-1
37271,Shingro,-1,-1
37272,Degrann,-1,-1
37273,IS1bc9cd4a83ec616bf6097,-1,-1
37274,IS1a633518fa3b1d922b82d,-1,-1
37275,IS1f67fefe8532470f90cc4,-1,-1
37276,IS1b8dedfc30296dc8290cd,-1,-1
37277,IS1f58b893c2b16522dc191,-1,-1
37278,IS1508548a993c59946c1e6,-1,-1
37279,maravilloso,-1,-1
37280,IS1293ba35164fa38faba05,-1,-1
37281,IS13c91eff27470890c8376,-1,-1
37282,IS129727b8015112a4ae9c7,-1,-1
37283,Warchief,-1,-1
37284,rikay,-1,-1
37285,IS1b826b6891a67bd6320e4,-1,-1
37286,IS1a8c257077bb4e9482f5a,-1,-1
37287,saezzz,-1,-1
37288,IS1189cbb4e3454f6330155,-1,-1
37289,Salruoth,-1,-1
37290,RamboJedi,-1,-1
37291,Vacton,-1,-1
37292,Korrik,-1,-1
37293,IS1b37755c73d62c4eb1891,-1,-1
37294,IS146794d6acb1ca6facd17,-1,-1
37295,meganuff,-1,-1
37296,Gondar,-1,-1
37297,IS18864f865e8291d7dd9ba,-1,-1
37298,Durendal,-1,-1
37299,IS149e2ba1ad94624ad4e0b,-1,-1
37300,IS1cc1e5843266f1e2ed397,-1,-1
37301,IS16a98759c7a141364d8dc,-1,-1
37302,IS19f85d16d3bc30af6efce,-1,-1
37303,IS1cd81fbe57b5e9434ed28,-1,-1
37304,IS109467ccc3bdaef2f4746,-1,-1
37305,Kamikazebomba,-1,-1
37306,UT4y8mly7l,-1,-1
37307,IS130c6f073f845dc586dcd,-1,-1
37308,Aquelarre,-1,-1
37309,Shenjoku,-1,-1
37310,ethanmurao2321st,-1,-1
37311,donkeyknight,-1,-1
37312,IS16da3d09286c35ac10ea5,-1,-1
37313,IS15286a5a511b9d4243711,-1,-1
37314,IS1bafbb67be960928246eb,-1,-1
37315,IS1d962249e1f2f53eab769,-1,-1
37316,Tragedies,-1,-1
37317,DefShake,-1,-1
37318,ilnadmy,-1,-1
37319,IS11c01250ffeda1f8e7f7b,-1,-1
37320,IS177e244ed7659db4e32f9,-1,-1
37321,IS12ab4bc27c50d5584d8b2,-1,-1
37322,Wruath,-1,-1
37323,Crweldon,-1,-1
37324,IS11d85aacb79b6cb535d87,-1,-1
37325,IS162bc6c2c2c42bc62f2fa,-1,-1
37326,IS1d7d33e973c529627e0a1,-1,-1
37327,IS1e37b3c647dc2b7610d2d,-1,-1
37328,IS146b9b7bee6ea942711a1,-1,-1
37329,IS1a22494c755fd942ab5b8,-1,-1
37330,s0eeJdoXvg,-1,-1
37331,Strigae,-1,-1
37332,IS1f71a0bb48f16ee8e4ae6,-1,-1
37333,Kevincredible,-1,-1
37334,Gipsiz,-1,-1
37335,Smiling Bandit,-1,-1
37336,IS1d8dd15d874bade18d868,-1,-1
37337,IS1a011ee0f72d0bc1e7b50,-1,-1
37338,IS19a477d55ec3561bf6a16,-1,-1
37339,IS1619fb6dff4613f9115c0,-1,-1
37340,IS1819552de1a052f26a501,-1,-1
37341,Tunaz,-1,-1
37342,IS1729a0eb7af742d370826,-1,-1
37343,IS16d6506e5a69c1b680ee0,-1,-1
37344,IS1013c7c366a84290c2aac,-1,-1
37345,volver,-1,-1
37346,IS12e6195337368265ab985,-1,-1
37347,IS19163ba93ef6e425faf4f,-1,-1
37348,IS15940715c8257a5902b79,-1,-1
37349,Nenaunir29,-1,-1
37350,Sihirdarpazari,-1,-1
37351,IS116ac97324684dda53015,-1,-1
37352,IS1d62a7ace5b8f2c416d91,-1,-1
37353,IS1e2c9098fe8b265ebb949,-1,-1
37354,vEvQOJcPyO,-1,-1
37355,IS1d6a2d1516a0cf00e6933,-1,-1
37356,IS1567f5b99bd3f58f22a40,-1,-1
37357,IS1e08dcd57a98436c29677,-1,-1
37358,IS1973bcc492610d11fc544,-1,-1
37359,IS1a488296e1e07d38644bb,-1,-1
37360,IS1336fda5e50e0c2fda0b9,-1,-1
37361,IS1c2b8859a0e7aa413f0b2,-1,-1
37362,IS1d76dc0b25fe8b11c844e,-1,-1
37363,Astroelmo,-1,-1
37364,Siing,-1,-1
37365,IS1075373813af8893f6130,-1,-1
37366,IS193ed769b0e5ac37d4554,-1,-1
37367,IS11b79bab7f9375c77aee8,-1,-1
37368,gormonk,-1,-1
37369,IS1c01a61c4997844518d7b,-1,-1
37370,IS100913e1a027949de68a8,-1,-1
37371,flacecy,-1,-1
37372,BradyWarHero,-1,-1
37373,1NmXphwKTA,-1,-1
37374,IS10fa6f26e326f9c1ff9ec,-1,-1
37375,Shortyroxs,-1,-1
37376,IS19dd4a9fa93e484935e58,-1,-1
37377,IS1d213e6c8c4b9defeb5be,-1,-1
37378,IS117bf11e6d67f0aa0203b,-1,-1
37379,IS1e4eaccd3147bfd52acac,-1,-1
37380,SonnBear,-1,-1
37381,IS100e3187b142c4e5b3c9d,-1,-1
37382,IS1008a3ba185308046cf72,-1,-1
37383,IS106a91798f98be367a590,-1,-1
37384,IS1fdc8a91dd80b2e24eb2d,-1,-1
37385,IS1dfdacc44c7f7397ce4ab,-1,-1
37386,IS129fc5319c0ebf0a9fc07,-1,-1
37387,Eris,-1,-1
37388,IS1494ca3c37418cf304b12,-1,-1
37389,IS1d1b23e14c4e8885bccca,-1,-1
37390,IS1b1441d08e0663d3e3187,-1,-1
37391,IS1eb7d945bbf22399e6886,-1,-1
37392,IS15b2719088134251d0aa7,-1,-1
37393,IS1c0245d4ea6e01d0180f3,-1,-1
37394,IS149303e3d3556ee05c697,-1,-1
37395,JoeChemo,-1,-1
37396,Danger,-1,-1
37397,IS14745e0e5ab8d0082bc42,-1,-1
37398,IS101fbd7f808acccce61f1,-1,-1
37399,KXSeEgNs4L,-1,-1
37400,IS1f225db7c86106d4a46b0,-1,-1
37401,IS1bf0965fd4f153767c64b,-1,-1
37402,IS1d208ee623850400a7f9e,-1,-1
37403,IS1b8d2d15a8907cf81457b,-1,-1
37404,Promise,-1,-1
37405,IS1856edcd584a7ab9d1334,-1,-1
37406,TreytheCrey,-1,-1
37407,IS1e47c402deeee25bba1aa,-1,-1
37408,Hectic Ghost,-1,-1
37409,IS166775689a1895aa1b67f,-1,-1
37410,IS1f681d3c957b92ec08ac2,-1,-1
37411,IS1148d9effb2fe11b529b3,-1,-1
37412,IS1471985149a14a1eb24d0,-1,-1
37413,Q8x7We3zdn,-1,-1
37414,IS1688f9260e1ced5f1e511,-1,-1
37415,IS1fd4c37562c87e3673421,-1,-1
37416,IS197e09e27d621257064bf,-1,-1
37417,IS128181189f62990bdeb73,-1,-1
37418,FistOFun,-1,-1
37419,IS1d8d18c12f6cfe0fe8868,-1,-1
37420,DunXel,-1,-1
37421,IS11df9b83c21f1c1493715,-1,-1
37422,IS1877879d33bf2af54bf56,-1,-1
37423,LlGKSwRYUq,-1,-1
37424,IS1387df21060f16048ce11,-1,-1
37425,IS1f9bfdc1dcb45a30c73b1,-1,-1
37426,IS1efdd25291f1ec2af65c2,-1,-1
37427,IS113d47d72d38c2b7efb1a,-1,-1
37428,IS15b155b82ffb4573862e7,-1,-1
37429,IS1df285d091d86411249df,-1,-1
37430,C0CKTIMUS PRlME,-1,-1
37431,EGMBrasil,-1,-1
37432,IS1e57fb098cead9cec5cb6,-1,-1
37433,IS1f43367a8c29311399935,-1,-1
37434,IS1ca0954771f50f440b591,-1,-1
37435,IS13ea4dc91347ea01c6727,-1,-1
37436,IS1cb7227031f81b6fb4005,-1,-1
37437,Woodwoods,-1,-1
37438,7xGT3HKdcF,-1,-1
37439,IS12699ef5e675f23448bca,-1,-1
37440,IS151697bcbf7b682f70cb2,-1,-1
37441,kPF6lhijea,-1,-1
37442,IS1e21d70a38df04cd0c243,-1,-1
37443,IS1c511d48cec6deb90b488,-1,-1
37444,IS16b0018e2f4f434ba9403,-1,-1
37445,IS1c6e0713fe4bb0eacad1a,-1,-1
37446,IS1127553f8257f10c817ca,-1,-1
37447,IS1fcb91001d895cbc800ab,-1,-1
37448,IS14445aed9120ff44cd5ed,-1,-1
37449,IS1cba41e33a18b108df7bd,-1,-1
37450,Hyoga,-1,-1
37451,Itzal,-1,-1
37452,IS18c89b943b92744913eaa,-1,-1
37453,IS113c311c35d43b9006ffb,-1,-1
37454,IS174d7d9984943b75dac6a,-1,-1
37455,IS11127aa3cc9ef3bb4892b,-1,-1
37456,IS12de2d62768369718f694,-1,-1
37457,Huekaiser es uno,-1,-1
37458,crunchimunchies,-1,-1
37459,Redhill,-1,-1
37460,IS129dcb6d09e117e6656e9,-1,-1
37461,vTPCXffjws,-1,-1
37462,IS1b103c279ebae6ac84785,-1,-1
37463,IS146393385c156d0825814,-1,-1
37464,IS1676fbc02291d16ffd03d,-1,-1
37465,Spifli,-1,-1
37466,TJ Money,-1,-1
37467,IS1c6aa479e17761815cc85,-1,-1
37468,IS1105da3d7785693e2028d,-1,-1
37469,IS18c769c3d89b398687e73,-1,-1
37470,IS1c106f622f6f911d45a02,-1,-1
37471,Metalguyver,-1,-1
37472,BigAzza,-1,-1
37473,IS165298902fdd15830ae13,-1,-1
37474,TnWnZbWWdh,-1,-1
37475,IS1855a5d075003ff696238,-1,-1
37476,IS1aa91e9cfac1a42ad63d0,-1,-1
37477,IS1a6ddc547b84352c90e9c,-1,-1
37478,IS11e5e02870ff3c047c936,-1,-1
37479,74h8OQDCFY,-1,-1
37480,NIPXSXQN,-1,-1
37481,saif,-1,-1
37482,IS11828c86aa81e74c511de,-1,-1
37483,IS19679682d1f382a1a3b71,-1,-1
37484,YoungWey,-1,-1
37485,IS18c693cac4cfca7654f8e,-1,-1
37486,IS13529ca285ed87f5d1982,-1,-1
37487,IS1a60b2d38cb52a38f8629,-1,-1
37488,IS19a58269cf225feef9a54,-1,-1
37489,Bakeshot0,-1,-1
37490,IS18a338ec1de8a26504e97,-1,-1
37491,IS17af51e427133bf7a200c,-1,-1
37492,IS136896b5f53f8769f2b6c,-1,-1
37493,Manav,-1,-1
37494,IS1ef444f75d5bdc591a9a7,-1,-1
37495,ChaosAxess,-1,-1
37496,Pub Hero,-1,-1
37497,Dvorak,-1,-1
37498,IS1be26b96d7efa1b0f0ffc,-1,-1
37499,IS170f4c5521d91457fcf50,-1,-1
37500,MCHammer,-1,-1
37501,IS1e4761036f785812c313a,-1,-1
37502,LaserPony,-1,-1
37503,IS140a234730b5096efce0d,-1,-1
37504,fzTRdgnbGL,-1,-1
37505,Archimandrit,-1,-1
37506,IS1daf8abebce1c429e0d5a,-1,-1
37507,IS1cac446e4ee3294b9695c,-1,-1
37508,IS12f375fee415fcac1d610,-1,-1
37509,mastermauler,-1,-1
37510,IS1029173a3cedca5085ae9,-1,-1
37511,IS17841d42d24a41918815b,-1,-1
37512,Skyswimsky,-1,-1
37513,How13AreYou,-1,-1
37514,IS1ade45627510b78a887ce,-1,-1
37515,avenger213,-1,-1
37516,vsvcgevDeviv,-1,-1
37517,RadJacob,-1,-1
37518,IS18cfdfa18ab73608e8c3f,-1,-1
37519,IS15fe48197dda942b8091a,-1,-1
37520,IS13e361f760ee8d0c6ffee,-1,-1
37521,IS1b0ad2a52828285ec34c8,-1,-1
37522,IS11455d42aee584dffe766,-1,-1
37523,IS1a1cdcbc7177e0829e95d,-1,-1
37524,IS1c6c50b4976850896aac4,-1,-1
37525,Not a Marksman,-1,-1
37526,YFDHippo,-1,-1
37527,IS15589306a0ce05105d525,-1,-1
37528,IS1c052e57d556e0be54d75,-1,-1
37529,Istvaan,-1,-1
37530,Azuleon,-1,-1
37531,IS19bc353bc829e3ffd6cee,-1,-1
37532,elhackman,-1,-1
37533,y54rhb,-1,-1
37534,IS1c09151aac5ea1f7233ec,-1,-1
37535,Battosai007,-1,-1
37536,Rath,-1,-1
37537,IS131ce9018d02519daba95,-1,-1
37538,IS100944f8f7c68a219bbc5,-1,-1
37539,IS189bacdd59680e4f94f44,-1,-1
37540,IS17a9c5c2733042cfc85cb,-1,-1
37541,Povar,-1,-1
37542,IS1725d8517c795abb11cdc,-1,-1
37543,IS10cf2ee795284a25f2959,-1,-1
37544,GaelordButts,-1,-1
37545,IS14ec3b357281f01ad4af1,-1,-1
37546,IS123ce30881fb41a87e83a,-1,-1
37547,u3ern00b,-1,-1
37548,IS1cf81e8aea247a66c168c,-1,-1
37549,IS17cf27862c09d9c803cfc,-1,-1
37550,IS11bdc3996e6689f55f66d,-1,-1
37551,IS1a25e9ab55b0c5f184fab,-1,-1
37552,hopterque,-1,-1
37553,2owUB7m315,-1,-1
37554,IS168acb02d65c31047b25d,-1,-1
37555,IS110bef9f49c609d5176da,-1,-1
37556,Pariah Dog,-1,-1
37557,InFact,-1,-1
37558,IS16391133aa81683f4ce2f,-1,-1
37559,IS1ef61423036108826a581,-1,-1
37560,TacticalSavant,-1,-1
37561,Hobenasty,-1,-1
37562,Mcporros,-1,-1
37563,IS13efb10f72a466ffa9c12,-1,-1
37564,IS1e9a8305fee54a28debcb,-1,-1
37565,IS15d5b2f51a14570d7eba8,-1,-1
37566,Asetas,-1,-1
37567,IS1c89333d0aba5ab2399a1,-1,-1
37568,bigblackjesus,-1,-1
37569,Buttwiener,-1,-1
37570,ugotnomarbles,-1,-1
37571,IS19179c0ba5a02c9839a46,-1,-1
37572,IS1d7003ce26e65757580b9,-1,-1
37573,IS157a83712fcfa7c503eb0,-1,-1
37574,IS17b03bba5968449c61340,-1,-1
37575,IS1c36b512dfe907acc77d3,-1,-1
37576,GailExodus,-1,-1
37577,IS139d7a21f1570e762f74f,-1,-1
37578,IS1393fef791f39b1b179b8,-1,-1
37579,patinahelix,-1,-1
37580,IS1afe8a6efa548bbcc84ba,-1,-1
37581,Black Tiger Eye,-1,-1
37582,rNU1fdT7D4,-1,-1
37583,IS13323763c77d1dff7248b,-1,-1
37584,IS1723de2346839e39e6663,-1,-1
37585,IS1ee65425921309851a162,-1,-1
37586,John Stamos,-1,-1
37587,IS18f74c9300e898539e359,-1,-1
37588,IS1dbc036d28bec9cc8d26e,-1,-1
37589,IS15d951fe203d06473ff09,-1,-1
37590,hivemecha,-1,-1
37591,Gren13,-1,-1
37592,IS1f0dab2d0a72d7226cd5d,-1,-1
37593,IS18d78daf4576f397c6e82,-1,-1
37594,IS19c011fc13b6be65807c0,-1,-1
37595,septadang,-1,-1
37596,IS1452ffee841fd0f2f8bcf,-1,-1
37597,IS111866f4b9c5b6ed8c1b7,-1,-1
37598,IS1ddf05e92f096fdf966a9,-1,-1
37599,Quite KN,-1,-1
37600,IS1fcb3df2ac7a17e78dcb5,-1,-1
37601,Snapplemonkey,-1,-1
37602,p0nam,-1,-1
37603,Zetafactor,-1,-1
37604,IS197a83d164c7e6ad1f6ae,-1,-1
37605,Specas,-1,-1
37606,IS16d5235bb6d5431c3c756,-1,-1
37607,TheCraiggers,-1,-1
37608,IS139c043f525890cb2f2fa,-1,-1
37609,Swagnetic,-1,-1
37610,Triped,-1,-1
37611,IS1fa019441fb5a5eb0d786,-1,-1
37612,xIcarusLives,-1,-1
37613,Kyonikov,-1,-1
37614,IS1e93203212d7d9a5232ff,-1,-1
37615,IS1c51784b06ec29ac12edb,-1,-1
37616,IS16d243518a526dacccacf,-1,-1
37617,IS1cc1f492f1c80ef9e0d1b,-1,-1
37618,IS1c7cd568a1dcdb7cdf5e7,-1,-1
37619,IS1bae5f862a1d8c05a8738,-1,-1
37620,shaka umruk,-1,-1
37621,IS10f10ed3309ba92b18dcd,-1,-1
37622,IS19ad62ec0d4255a73a594,-1,-1
37623,IS13f68dde9ffdf2dedded5,-1,-1
37624,IS1298e19dd5d3dd251cdce,-1,-1
37625,norma98,-1,-1
37626,FriedPerfection,-1,-1
37627,benoni,-1,-1
37628,Wildelefant,-1,-1
37629,IS1dfb5ae0184a7ae82bdc9,-1,-1
37630,IS197969941e5ea2475006c,-1,-1
37631,1uXhTc1RRv,-1,-1
37632,peiw,-1,-1
37633,wufuDu,-1,-1
37634,pyromantix,-1,-1
37635,Klasher,-1,-1
37636,Limitz,-1,-1
37637,BigWah,-1,-1
37638,Vynak,-1,-1
37639,Nibie,-1,-1
37640,IS17df867ece3bbea34b219,-1,-1
37641,IS1645e20520f19dd30fd38,-1,-1
37642,Bilkistan,-1,-1
37643,Basic,-1,-1
37644,IS170c39982d3a5ec9bee26,-1,-1
37645,IS10ee422a08163f455a172,-1,-1
37646,IS159105a6f2cda99cc5f41,-1,-1
37647,IS1c65a43d47829739fe4be,-1,-1
37648,Lazypuppet,-1,-1
37649,Dominance,-1,-1
37650,IS1201066064163fe6ab29e,-1,-1
37651,Need Mental Help,-1,-1
37652,Deonsion,-1,-1
37653,IS1af09beddab1c55e103fd,-1,-1
37654,waynearchetype,-1,-1
37655,McNubby,-1,-1
37656,IS15ced0ac7cba09876141c,-1,-1
37657,IS19ea9f9363d95ee757148,-1,-1
37658,wYAz6ycL0k,-1,-1
37659,Mymn,-1,-1
37660,monstar,-1,-1
37661,Lyrthok,-1,-1
37662,IS1634fa9e34acb9c5b4b0f,-1,-1
37663,vibronikbilly,-1,-1
37664,0vNH2YArtL,-1,-1
37665,IS18c9bcccb990df4f52135,-1,-1
37666,IS1063a03c4f0fe26912927,-1,-1
37667,churchill69,-1,-1
37668,IS10eae3b54a77c0497489e,-1,-1
37669,IS1352fbc493e2b7e7f7110,-1,-1
37670,Paste,-1,-1
37671,Bigfishjoe,-1,-1
37672,TheMightyHeffer,-1,-1
37673,IS16c1ddae5c151e48cf718,-1,-1
37674,divingwaffle,-1,-1
37675,IS18fa03c379c035300fd0b,-1,-1
37676,qgtl3CBpwE,-1,-1
37677,IS1cf34d87ea109fdfba52f,-1,-1
37678,Jampy,-1,-1
37679,King Abbas X17,-1,-1
37680,Sw6Y8EBofn,-1,-1
37681,Meletonin,-1,-1
37682,IS1697ed2a067e344cba5a0,-1,-1
37683,Urf da Manameme,-1,-1
37684,lotleo,-1,-1
37685,isnumb,-1,-1
37686,GEgN8fxTMx,-1,-1
37687,burley92,-1,-1
37688,Kaitto Kiddo,-1,-1
37689,Lhaan,-1,-1
37690,AvalancheX,-1,-1
37691,BuckleMortimer,-1,-1
37692,TheFatDictator,-1,-1
37693,Gryph,-1,-1
37694,IS17e83990249ebddbb8ccb,-1,-1
37695,SilentKillingS,-1,-1
37696,IS1b4cef6e2ca4e131a54eb,-1,-1
37697,IS14c548364f2a68998634b,-1,-1
37698,IS1c382d0844f118072f725,-1,-1
37699,IS17682b9ee28f6eaf36a0f,-1,-1
37700,IS1ccace84659b5a1128f97,-1,-1
37701,IS1420a4940b07ed8c96c47,-1,-1
37702,IS1d944153b8375bf5cab8d,-1,-1
37703,IS19b658b8fdb0558fc99c8,-1,-1
37704,l AM JUNGLE,-1,-1
37705,IS10c77c68cc47c0fdfc6b6,-1,-1
37706,RubADubGrubb,-1,-1
37707,IS120808e3d0be990604367,-1,-1
37708,FrizzledFried,-1,-1
37709,Darumasan,-1,-1
37710,Shard23,-1,-1
37711,0ulq7m9puR,-1,-1
37712,IS1e4e8146ec929d36cf85c,-1,-1
37713,SuperLechon,-1,-1
37714,IS15c90eab9d7d5e8eeb94d,-1,-1
37715,IS10940b0d770345072b43e,-1,-1
37716,IS121556b1f5fb937e1b640,-1,-1
37717,IS1592eb2cdbb776033ebce,-1,-1
37718,Cortal,-1,-1
37719,2vRYaR0MXa,-1,-1
37720,Keltas,-1,-1
37721,IS13bdf3781f2afa5ccd1eb,-1,-1
37722,Verian,-1,-1
37723,UberBug,-1,-1
37724,Relationship End,-1,-1
37725,Killertomate,-1,-1
37726,Vuvuzealott,-1,-1
37727,Loial,-1,-1
37728,rackled,-1,-1
37729,Mr Wrong,-1,-1
37730,IS1e5bba3acc34fa30981d0,-1,-1
37731,IS136f405865adcf1655207,-1,-1
37732,IS1d8d8bf0601fb2cb61dff,-1,-1
37733,IS1f45e0e2b5f3d86f8e1c2,-1,-1
37734,EC7et9ZeHW,-1,-1
37735,K             FC,-1,-1
37736,bethebunny,-1,-1
37737,IS13ec808b388ea6cb8814b,-1,-1
37738,IS1869bee8b7f9b5f05189b,-1,-1
37739,IS1a5a7681f8fa5def5b280,-1,-1
37740,IS1a5548572029ca1d0d273,-1,-1
37741,IS1cb0e2b0409c547b338d7,-1,-1
37742,Papanegro,-1,-1
37743,AsheShoshan,-1,-1
37744,soggychicken,-1,-1
37745,LetDreamsBeMemes,-1,-1
37746,CodyIsCooler,-1,-1
37747,Lifa,-1,-1
37748,Sabafa,-1,-1
37749,Keaver Biller,-1,-1
37750,TazNN,-1,-1
37751,IS193ddeb01dfde7981c832,-1,-1
37752,IS1d2904f6887dfc24ed316,-1,-1
37753,IS18a4a0fb3e0daf5be492e,-1,-1
37754,IS12a27e17f23c93ab036d6,-1,-1
37755,4e6cVWRPqt,-1,-1
37756,Jarke,-1,-1
37757,IS15b9c66fd7d0924295d1f,-1,-1
37758,IS194dd9816cbf00dde7b73,-1,-1
37759,IS168894fd3ecaa4d0fa6e3,-1,-1
37760,Inyaka,-1,-1
37761,Glorifi,-1,-1
37762,IS1f69198956ea878e0dd9e,-1,-1
37763,Sodomy Ahoy,-1,-1
37764,dsAaVcS0b3,-1,-1
37765,JojAGT,-1,-1
37766,DeadDorf,-1,-1
37767,IS15eceaae8e5864b25650f,-1,-1
37768,daemon8,-1,-1
37769,37769,-1,-1
37770,IS17c0b109a24fa9533e02f,-1,-1
37771,Fortune Emperor,-1,-1
37772,IS12ff04fc7e4de7e3a9d13,-1,-1
37773,IS148403685344754816cf3,-1,-1
37774,Albs,-1,-1
37775,IS101cd270a4d31b084bb5d,-1,-1
37776,IS10595875626c8b9588f31,-1,-1
37777,IS1e3afcf62a2b2b94a37b2,-1,-1
37778,BLindbru,-1,-1
37779,IS12081698440eb720f27b6,-1,-1
37780,IS1245146c20bfed5223a60,-1,-1
37781,IS115b03b8081eb5b03392e,-1,-1
37782,Bleeper,-1,-1
37783,IS1731efe343997f03eee08,-1,-1
37784,IS10a39c7bbc04f2ff70182,-1,-1
37785,Trevo,-1,-1
37786,IS1311c0c012f5cefdf5ca8,-1,-1
37787,oonulaM,-1,-1
37788,IS1011b0b15832b1c9201d3,-1,-1
37789,PRFDh9bEn8,-1,-1
37790,Absolute0,-1,-1
37791,IS1f0e46e76dbfe74c403f0,-1,-1
37792,Combat Jack,-1,-1
37793,Poonpeter,-1,-1
37794,WyMsP4e8Yt,-1,-1
37795,vfrjSl2NV5,-1,-1
37796,Aposi,-1,-1
37797,IS19cc2786b1485aacc3aa0,-1,-1
37798,Cringer,-1,-1
37799,MHCuPdMDkg,-1,-1
37800,hive32,-1,-1
37801,IS10846892f33f04e9b466a,-1,-1
37802,IS1718fc95d37e2e5acf39b,-1,-1
37803,IS1922aaa349d0334d4a282,-1,-1
37804,Bassethound,-1,-1
37805,CaducityOmega,-1,-1
37806,IS1870723efedef29a84bfa,-1,-1
37807,0ETz9STEem,-1,-1
37808,brith,-1,-1
37809,IS1a39e1369fa7446b3537f,-1,-1
37810,Darkhero5050,-1,-1
37811,IS161722c4bad9a97890337,-1,-1
37812,IS1735f4fe2052e6b68772a,-1,-1
37813,Kyoukan,-1,-1
37814,HomeBoyGuy,-1,-1
37815,0ktane,-1,-1
37816,MoneyLow,-1,-1
37817,jwberck,-1,-1
37818,Marmalade,-1,-1
37819,De Main Man,-1,-1
37820,eU1ucGUfre,-1,-1
37821,wc1OLgW6Pg,-1,-1
37822,IS1a1bb3ea9d8b41c6f40e3,-1,-1
37823,fidnVKIWal,-1,-1
37824,IS1c937670b671a1f6f313a,-1,-1
37825,Sazabi02,-1,-1
37826,IS1d7b269d43e06c4a879bd,-1,-1
37827,IS1f6aed90c243813938d4f,-1,-1
37828,elscruba,-1,-1
37829,F4ll0ut,-1,-1
37830,IS1019e73778f87ba483355,-1,-1
37831,IS1a05fb70906d95bf4295c,-1,-1
37832,IS1f8a6045a84bc1abe2702,-1,-1
37833,IS1facbc45b774a44c36b18,-1,-1
37834,im so rich,-1,-1
37835,5miaSvW0Tj,-1,-1
37836,Revrak,-1,-1
37837,IS18342fdcca5189a9253dc,-1,-1
37838,IS1aafc5004cf958600ae51,-1,-1
37839,IS144b0f94cdccab62090a2,-1,-1
37840,IS1290d77300ccfea5fe766,-1,-1
37841,IS1c86dd1b9da62e53fd926,-1,-1
37842,styl3z,-1,-1
37843,IS1384c77845bb6ad724cfa,-1,-1
37844,IS1546c3fd51179866deb6f,-1,-1
37845,IS12cb0ef3bfe44c72c57d6,-1,-1
37846,MrBlueKlown,-1,-1
37847,IS13289847a9be2d9b33336,-1,-1
37848,Mineiro,-1,-1
37849,G3nesis,-1,-1
37850,IS13ea419db6bae48551d22,-1,-1
37851,ToeBee,-1,-1
37852,Koneecheewawa,-1,-1
37853,Leprochaun,-1,-1
37854,IS16346c8f2087125d65704,-1,-1
37855,Chowder,-1,-1
37856,IS13d1c5a10f082d62a5451,-1,-1
37857,Brak,-1,-1
37858,MrRipper,-1,-1
37859,IS120bff789c2ce87b6bc28,-1,-1
37860,ChaosFactor,-1,-1
37861,Xorro,-1,-1
37862,IS1cf3d69dfce539d71d13a,-1,-1
37863,IS1bba68ed1f50426796832,-1,-1
37864,IS1f887f55ed958a6a4b31d,-1,-1
37865,IS18c3c9e396d49fb9a8e05,-1,-1
37866,IS15d6df649be5122537bf8,-1,-1
37867,Dugystyle,-1,-1
37868,SexualCadaver,-1,-1
37869,IS16de2f99ab14830e4e2e1,-1,-1
37870,ZTHhHe1Ovo,-1,-1
37871,Krias,-1,-1
37872,IS1f42c0fd94587a,-1,-1
37873,IS1bda1a23dda5aa,-1,-1
37874,IS11b8f79baeb7a8,-1,-1
37875,IS14e8c702aea6c2,-1,-1
37876,blinky,-1,-1
37877,IS1e6b7b5e0334d4a2a1834,-1,-1
37878,IS1b0f32f6a4019c,-1,-1
37879,onVDmvkgQ1,-1,-1
37880,IS10966de10a53bf,-1,-1
37881,IS175ea00d1f018c0bedeb4,-1,-1
37882,Kuleid,-1,-1
37883,IS1fecb602b470b820de6d5,-1,-1
37884,IS191b776bec5a1ec4b302d,-1,-1
37885,IS100673addcb2fd,-1,-1
37886,IS19e9234272a085,-1,-1
37887,IS168a002b16393d,-1,-1
37888,Duulis,-1,-1
37889,Raddish Spirit,-1,-1
37890,IS1b857858d15771,-1,-1
37891,IS10b4fa515efd65836bf41,-1,-1
37892,Caseygears,-1,-1
37893,IS150bc6a0ba910b1b1d908,-1,-1
37894,IS1a8719fa96fc5a959362f,-1,-1
37895,IS18cbcb5f0da72e2879970,-1,-1
37896,IS169b71c45cfc4aebc1030,-1,-1
37897,IS1e2629a74d1715dd5fe62,-1,-1
37898,IS18e34a15b33a2994942f4,-1,-1
37899,Gustein,-1,-1
37900,IS154b8c9a0fc5e1b8142c1,-1,-1
37901,IS14eda880047e7be289e41,-1,-1
37902,Bloodpaly,-1,-1
37903,darknight,-1,-1
37904,Z3 Mottbag,-1,-1
37905,Anteedrew,-1,-1
37906,Phloose,-1,-1
37907,MurilisCool,-1,-1
37908,IS18cb5022c8702b13e7956,-1,-1
37909,hugedeath,-1,-1
37910,IS16c4d4d3689437b101b37,-1,-1
37911,Zhotiyu,-1,-1
37912,BlackEagle,-1,-1
37913,Ondrej,-1,-1
37914,zZ1F3cJYd2,-1,-1
37915,ffffffffffwwwwww,-1,-1
37916,IS1b6ae7dae4e7d62483626,-1,-1
37917,IS1ebb296464490f04c110f,-1,-1
37918,Murph,-1,-1
37919,Àchillés,-1,-1
37920,IS1aeaab759b52eafe9a53c,-1,-1
37921,IS16196c4578624945fb030,-1,-1
37922,IS136830cb250e66c169811,-1,-1
37923,IS1e1539025512a9a7e5ec8,-1,-1
37924,Z1 Saetia,-1,-1
37925,lavisce,-1,-1
37926,IS16fcb56b0104d99f01926,-1,-1
37927,IS1e3980052365e828986cc,-1,-1
37928,IS1b217a77985a2cf0379fd,-1,-1
37929,IS141af3922a0f4dac1a547,-1,-1
37930,IS19c38b9c69e9946ba4f27,-1,-1
37931,IS1c7acfc0e012729ffe8d7,-1,-1
37932,IS1728207a6f40ef3eecef4,-1,-1
37933,IS128477b121f5fa0a2d7d7,-1,-1
37934,Handballer,-1,-1
37935,Xycene,-1,-1
37936,StrawHat,-1,-1
37937,IS1f765f65b8d2d535d84fe,-1,-1
37938,IS194b352fe73af1f66737d,-1,-1
37939,IS125981e6b9a57b1b9972b,-1,-1
37940,IS107ae10e19d6751442bc2,-1,-1
37941,Dreadlord69,-1,-1
37942,IS1af158000f1338cd77a20,-1,-1
37943,xMissxKoreax,-1,-1
37944,IS1b9bc0e1e87c4018c3311,-1,-1
37945,Judson Nz,-1,-1
37946,IS15de491b69639994123a5,-1,-1
37947,Douchebag Mcgee,-1,-1
37948,IS1476da67131c185a73c4d,-1,-1
37949,Patricius,-1,-1
37950,runtcash,-1,-1
37951,IS18a054149cef5a249ca15,-1,-1
37952,Alexanderthe,-1,-1
37953,IS12c386ee39d03ee230aa8,-1,-1
37954,IS1436a9e409db373196471,-1,-1
37955,IS1404b886d237263260853,-1,-1
37956,IS1aebe98f99b087944502c,-1,-1
37957,XEzMdMN4fr,-1,-1
37958,Skeenip,-1,-1
37959,IS1b247694318b327fdef68,-1,-1
37960,Vaden Khale,-1,-1
37961,Kantankerous,-1,-1
37962,zedwerd,-1,-1
37963,v2li5iPjVk,-1,-1
37964,IS15b43eae09b9ea660b64a,-1,-1
37965,IS14595078518fedff91fd5,-1,-1
37966,IS10b859d35d047d778c522,-1,-1
37967,IS183a1080e4b44fc84cb0a,-1,-1
37968,IS1e3b63634cf1afaac86af,-1,-1
37969,IS1e9e431b77436cf26cf5d,-1,-1
37970,sC9hPX55uY,-1,-1
37971,IS1d7f28a6425ee76621c3a,-1,-1
37972,Stamos,-1,-1
37973,IS17edc78814055d7236f4e,-1,-1
37974,Garga,-1,-1
37975,IS17dd10e20cfc5d1402213,-1,-1
37976,Extremecold,-1,-1
37977,IS15c75330162fee599e5f5,-1,-1
37978,Chsbel Rssseblph,-1,-1
37979,snilax,-1,-1
37980,Ozzu,-1,-1
37981,IS1a9ceb5e01813104be277,-1,-1
37982,IS1a644eaf389fe76201094,-1,-1
37983,Buhbuhcuh,-1,-1
37984,IS13fc4d3873d6c3f8cb118,-1,-1
37985,hmEatGPOTH,-1,-1
37986,VrlTnIEZ1W,-1,-1
37987,IS1d509349c9f98bf44981f,-1,-1
37988,IS18616a7833ee4b289815b,-1,-1
37989,IS1c1b12c8225bc8c672660,-1,-1
37990,tomhousecat,-1,-1
37991,Pitiful,-1,-1
37992,Tatze,-1,-1
37993,IS1a10a4194fa6e7fb100d9,-1,-1
37994,Dark590,-1,-1
37995,IS18f8b1c49e8adad14eee5,-1,-1
37996,mouldy llama,-1,-1
37997,Geddy Lee,-1,-1
37998,Rustycrust,-1,-1
37999,Taloo,-1,-1
