40000,Bogustus,-1,-1
40001,Sannic,-1,-1
40002,IS1552d110e5b3f3f695990,-1,-1
40003,IS1209951dc1a340bd23051,-1,-1
40004,SoulDoubt,-1,-1
40005,IS1ea8c659311f7ea5add01,-1,-1
40006,savageDeath,-1,-1
40007,IS1d700dcb0a4eabb9147d6,-1,-1
40008,IS1f321e484dd39f98151c5,-1,-1
40009,IS12ad8c27030b1b580b3f6,-1,-1
40010,0b3rg,-1,-1
40011,IS1a3d4c09d27b3cb7adefa,-1,-1
40012,LargeHotCoffee,-1,-1
40013,IS19874b4092109ca2fe99e,-1,-1
40014,IS1754bb90417358b0133c3,-1,-1
40015,IS170a036a77fec150d1407,-1,-1
40016,IS18dcb50196be77ff0a69b,-1,-1
40017,Divergent DEATH,-1,-1
40018,IS126411a8a5e1049bfdfe5,-1,-1
40019,IS1d80fdf481609ea2ac4b5,-1,-1
40020,Ashmer,-1,-1
40021,OK0RIyv09A,-1,-1
40022,Rukian,-1,-1
40023,Trub2Kf5Ku,-1,-1
40024,IS151c08eef013d3fbcf89a,-1,-1
40025,Llamanator,-1,-1
40026,Caipling,-1,-1
40027,IS120846014045ac2dbf914,-1,-1
40028,IS1a98cb5a95150380e0e04,-1,-1
40029,IS1db34ffe32da4a234cad2,-1,-1
40030,IS1c42c30d103d6d327503b,-1,-1
40031,RAGE theAncient,-1,-1
40032,IS1836ebf6e70455ba735df,-1,-1
40033,IS102f19126586eec17c6cb,-1,-1
40034,IS1087fe6cee57a25dab947,-1,-1
40035,Karnegal,-1,-1
40036,ZineZ,-1,-1
40037,IS1c559de985ed898f644de,-1,-1
40038,zargulis,-1,-1
40039,IS133b7946cf3584f0e8e1e,-1,-1
40040,IS109a8baa530adc393671d,-1,-1
40041,IS1b41ce5b022000f77b434,-1,-1
40042,IS175badcb4665177affcc9,-1,-1
40043,Snarfers,-1,-1
40044,Blassreiter,-1,-1
40045,SHPanda,-1,-1
40046,IS17913f5abd8d6f4e9d50e,-1,-1
40047,IS1e9512ba1a119014f6a5c,-1,-1
40048,MarksBro,-1,-1
40049,wootini,-1,-1
40050,IS1a09d81bd1796943514a8,-1,-1
40051,IS153e3a32726e62b85db9c,-1,-1
40052,IS1de5f0118e2e9f170bd04,-1,-1
40053,IS102898f4cb287fbeac1cd,-1,-1
40054,IS1605e0388eac03d655623,-1,-1
40055,IS17745992aee2753123da8,-1,-1
40056,IS171439f0c56236609a287,-1,-1
40057,IS15ccb63b71724722f7a21,-1,-1
40058,Ironphist,-1,-1
40059,IS171f26de3107232ae30bc,-1,-1
40060,cap1,-1,-1
40061,Vektyr,-1,-1
40062,IS1bee6edbc6f946bcd73f8,-1,-1
40063,Groodad,-1,-1
40064,An Echo,-1,-1
40065,forcosmoton,-1,-1
40066,Nissan288,-1,-1
40067,BarryManalow,-1,-1
40068,IS19d09c6ba6947245b1df9,-1,-1
40069,IS170456b79473173f92f0f,-1,-1
40070,Sexy Gay Aatrox,-1,-1
40071,IS142eef209745ec8d6fc5c,-1,-1
40072,IS1ef8af036ae0a8ab5c021,-1,-1
40073,IS140e4977207d285a5ea8a,-1,-1
40074,ShackleShotGG,-1,-1
40075,IS15cf8b03b35ca1b100bd8,-1,-1
40076,IS15f49a0609122b9e4140b,-1,-1
40077,twich35,-1,-1
40078,IS13ad8669c791f883e9043,-1,-1
40079,IS1b80a7cc7c795cb236a5f,-1,-1
40080,goeslykthis,-1,-1
40081,IS17598b231fe0f53e95fdd,-1,-1
40082,Kafkin,-1,-1
40083,Cinnamons,-1,-1
40084,IS19a8eeebbe438b7380975,-1,-1
40085,IS191734221692551383ed9,-1,-1
40086,IS192f650ee2d807b54c943,-1,-1
40087,IS17072c73323cd5c94bcc0,-1,-1
40088,IS1c2013d584ce3ab38108f,-1,-1
40089,IS1fedfce83aaebc13c5368,-1,-1
40090,IS1e55c2f2c663673b2c88e,-1,-1
40091,KingM,-1,-1
40092,Ljays,-1,-1
40093,IS1c065acc78d558251e512,-1,-1
40094,GCPandroo,-1,-1
40095,droog321,-1,-1
40096,aimshootdead,-1,-1
40097,DarichTheThird,-1,-1
40098,Nate Hevy,-1,-1
40099,IS1ff8d26613a66af7d43a4,-1,-1
40100,SodomyIsFun,-1,-1
40101,nunizillion,-1,-1
40102,IS1e3816653aa9fad6cf106,-1,-1
40103,IS1689231804f4ceb383485,-1,-1
40104,IS12e2b0f5d61bb0220b474,-1,-1
40105,Cyreez,-1,-1
40106,BrunoBsB,-1,-1
40107,Thelonious,-1,-1
40108,IS16895205633f3ef695f66,-1,-1
40109,IS15cd9008530f5f4e5e54d,-1,-1
40110,IS1648972b33820552aec0e,-1,-1
40111,IS10302c32285a50184fa9e,-1,-1
40112,iKJq1btfO5,-1,-1
40113,IS116df503a45dcbd289845,-1,-1
40114,fghdfgghklgugqWE,-1,-1
40115,IS1d40c5804fa52689c3398,-1,-1
40116,kingwashburn,-1,-1
40117,IS1493640d30c7ef9a7a003,-1,-1
40118,Personman,-1,-1
40119,Octavous,-1,-1
40120,IS1ec530353d295ff77c508,-1,-1
40121,DCMcGee,-1,-1
40122,P1RATE,-1,-1
40123,eeeeeeeee2eeeeee,-1,-1
40124,IS10e79190e9b09bd1797eb,-1,-1
40125,IS1a40bbbf8659160069ea6,-1,-1
40126,Auralynx,-1,-1
40127,gigerth,-1,-1
40128,DAOWAce,-1,-1
40129,IS1ec47ab95bbbf3,-1,-1
40130,LZRotvP8W2,-1,-1
40131,koichee,-1,-1
40132,Torque1113,-1,-1
40133,ironlycan,-1,-1
40134,IS1607a6e3a58712cbf3e8a,-1,-1
40135,IS1774598bdf2bcfb3e5421,-1,-1
40136,IS179b5b85580e3ae0d4ee6,-1,-1
40137,IS1402f9b0fee53fbaa9ee9,-1,-1
40138,IS16a51e794d56aea6ebdf4,-1,-1
40139,IS145ce175dfe731aa5bf6b,-1,-1
40140,IS1e4a0fca59ebc3915e5e0,-1,-1
40141,IS1e76199341dc483bc5fcc,-1,-1
40142,IS157a2391d6e3b813bc064,-1,-1
40143,jimderbehr,-1,-1
40144,Neotenous,-1,-1
40145,IS13e0e85c23ba8d645d3ce,-1,-1
40146,Mylar,-1,-1
40147,fashske,-1,-1
40148,IS14e9a350d9e287e345e5a,-1,-1
40149,IS1247cfc02d45725d65e87,-1,-1
40150,IS14780c8b5592a127f7813,-1,-1
40151,BetaRammusWins,-1,-1
40152,IS124f8c0d3c833be3ec546,-1,-1
40153,RX79 G Ez8,-1,-1
40154,IS1267768d7aafbfb1b07fc,-1,-1
40155,stardolphin,-1,-1
40156,IS195bb92124627df76d18e,-1,-1
40157,magicalhats15,-1,-1
40158,IS1c36133bdf9f2bc4af283,-1,-1
40159,lianthus,-1,-1
40160,IS112b7f2f886ed16348750,-1,-1
40161,TTKK,-1,-1
40162,Death4Sale,-1,-1
40163,IS137fb1c4e20a9ad011442,-1,-1
40164,VerseatilE,-1,-1
40165,IS1fcebc9d0661a8eb34a9f,-1,-1
40166,JtVwJIpY6N,-1,-1
40167,apulmadeekoud,-1,-1
40168,IS1b208f9a02bff183976c3,-1,-1
40169,GoatMafioso,-1,-1
40170,IS1f18d2556c4e620adc5f4,-1,-1
40171,Callergrim,-1,-1
40172,The Remover,-1,-1
40173,IS1d78b161b5c097b645a38,-1,-1
40174,IS1c4ca9efd86b81a43957c,-1,-1
40175,IS188fa48925f57b4ee6743,-1,-1
40176,IS191707fa1fac69ec73e0b,-1,-1
40177,metalAcid,-1,-1
40178,Krushr,-1,-1
40179,musco,-1,-1
40180,RightInTheDave,-1,-1
40181,IS1c56b0e807f29beff7bd9,-1,-1
40182,lebron is bad,-1,-1
40183,xxDWESTxx,-1,-1
40184,Kyran,-1,-1
40185,IS1bd836945761a6fa43ee0,-1,-1
40186,jukazz,-1,-1
40187,Beta,-1,-1
40188,somescarygirl,-1,-1
40189,2NPVVXQ7pp,-1,-1
40190,X WiCkEdSiCk X,-1,-1
40191,oKcX75GnKY,-1,-1
40192,Harutyunyan,-1,-1
40193,IS1a882ea4501485a1f3536,-1,-1
40194,TheMaster42,-1,-1
40195,supahhhh,-1,-1
40196,IS13cdccb474420b29a911c,-1,-1
40197,GrudgeBlade,-1,-1
40198,Dranock,-1,-1
40199,IS1f6ff4ff58ef8351875e1,-1,-1
40200,Mr Toffee,-1,-1
40201,pap pap BIIIIIID,-1,-1
40202,JOEySvK,-1,-1
40203,IS1c679e3a2ece84f1d5ce4,-1,-1
40204,Flagpole,-1,-1
40205,IS1e9fe93d5ad37913ad5ff,-1,-1
40206,IS1210dab60a15f1757d02f,-1,-1
40207,DUzru0pPxO,-1,-1
40208,IS14946d0f7bec3707c024f,-1,-1
40209,IS1fa31430ae6d1f5802749,-1,-1
40210,uc8mkmUOOp,-1,-1
40211,Malfrex,-1,-1
40212,jazzpantalones,-1,-1
40213,IS10c7ec6f32cb00764ba44,-1,-1
40214,Jstx,-1,-1
40215,bubomatic5,-1,-1
40216,IS14a06c16cf142c105e33d,-1,-1
40217,IS18f78c56820a5eb29629d,-1,-1
40218,HeresTheNewName,-1,-1
40219,IS1c1a7fea50eb20669b057,-1,-1
40220,IS170b2d23ff0f572d7620d,-1,-1
40221,IS17cbda79b4087a73e13c3,-1,-1
40222,IS1d74df53800a9719abf7e,-1,-1
40223,IS18b4c5e7b89fde7a6ba34,-1,-1
40224,IS13796f19e4ac21f3b8c72,-1,-1
40225,Ggodo,-1,-1
40226,Dutches,-1,-1
40227,IS14db293e93d2d4c390ae3,-1,-1
40228,UWpMs9ilrF,-1,-1
40229,IS1cd78b6de2c4b5e80b15d,-1,-1
40230,YOLOrenzo,-1,-1
40231,IS1c9544aac809c726ea090,-1,-1
40232,Z3 Futari,-1,-1
40233,IS1aec1295362bbccf56370,-1,-1
40234,IS16bd05da30f9e0fe59aa0,-1,-1
40235,7jbAhUEh83,-1,-1
40236,IS15ccf8d12b1075ab7c653,-1,-1
40237,Jrads86,-1,-1
40238,IS16be6bdb9da7f238c6c38,-1,-1
40239,IS14d28d81a420aa76d02df,-1,-1
40240,IS1cecf21f674c10da18534,-1,-1
40241,IS1ed7608c6c0a28566b7b3,-1,-1
40242,IS1c19562d9db111abf46d3,-1,-1
40243,wsrseeryssesghs,-1,-1
40244,aiu0fvNdus,-1,-1
40245,IS18cc323fdd68147a40703,-1,-1
40246,IS11077a743ada13fbc2c62,-1,-1
40247,Cpt Peanut316,-1,-1
40248,IS134fdf47a1c5208f09640,-1,-1
40249,IS1d78a67bc9b4da4016994,-1,-1
40250,IS16507ac557be187cedf5b,-1,-1
40251,IS1e1a68b609205afc1f5f7,-1,-1
40252,IS1f236a9de5acf769faf38,-1,-1
40253,IS17f4bf1c57c03d3bba997,-1,-1
40254,IS1b86428130d42fc684ca5,-1,-1
40255,IS175518c48bb8756538684,-1,-1
40256,kkun,-1,-1
40257,Sludgè,-1,-1
40258,IS11e68ac0cf45dcf429147,-1,-1
40259,Aievhan,-1,-1
40260,Crematory,-1,-1
40261,IS1b2938117a83912c62f3d,-1,-1
40262,ManicDX,-1,-1
40263,Zanbato,-1,-1
40264,IS1e2caf79cf0e80220b161,-1,-1
40265,IS1ef6fa343937bd99c23b7,-1,-1
40266,ulldott,-1,-1
40267,IS1fb2bfe46d29c9f3e9306,-1,-1
40268,SamOnline,-1,-1
40269,IS1f0101940cface13124d4,-1,-1
40270,Vjin,-1,-1
40271,IS157f2aaf75aa84717b3be,-1,-1
40272,nxnZpDJjhJ,-1,-1
40273,IS156c1dd74192afb81fb07,-1,-1
40274,Krolys,-1,-1
40275,y86FqtojHP,-1,-1
40276,IS1e893f08fed62c1ed8441,-1,-1
40277,Raqir,-1,-1
40278,IS10e79eb395d73fc855347,-1,-1
40279,IS17840a9b2d4454facb867,-1,-1
40280,captspiff,-1,-1
40281,MongKeez,-1,-1
40282,DotaIsWayBetter,-1,-1
40283,Kerotan,-1,-1
40284,Dachna,-1,-1
40285,J1s81OaSuu,-1,-1
40286,IS1f0d9b806f743fcc6a5a6,-1,-1
40287,Clodiman,-1,-1
40288,IS187220057152719a5e448,-1,-1
40289,DoctorKimchi,-1,-1
40290,IS1df5ea3355224c6224d6f,-1,-1
40291,IS139027eb12a690d4b6d39,-1,-1
40292,McCupcheck,-1,-1
40293,Toxxel,-1,-1
40294,IS1723ce7be035e56dfcfe9,-1,-1
40295,roguearthur,-1,-1
40296,IS1167cecb0a029dd9477f3,-1,-1
40297,BFire12,-1,-1
40298,0Zigga0,-1,-1
40299,IS1257729c4927f93bb9747,-1,-1
40300,True Malkavian,-1,-1
40301,IS104cf5a3b964a990266ff,-1,-1
40302,IS11efcafd1816b5b1c2426,-1,-1
40303,oR Juanklo,-1,-1
40304,IS1022924207db32a860bb4,-1,-1
40305,Thrio,-1,-1
40306,IS19c84d3c740a92783f692,-1,-1
40307,IS11d68bc29e8e2f60c04de,-1,-1
40308,IS199c8f8df1d98c3f60fa2,-1,-1
40309,IS13363e1e434aebb27ce99,-1,-1
40310,IS19c55f12cf5fc418a0593,-1,-1
40311,IS12cbfd3e701ac00efa0c7,-1,-1
40312,DeathWagon17,-1,-1
40313,IS128c1b964ec661127d4fa,-1,-1
40314,Kyonko,-1,-1
40315,IS1082c3bc993dfb44014e7,-1,-1
40316,DL Shinigami,-1,-1
40317,IS12b2b42e6503e8e4638ba,-1,-1
40318,nolegs,-1,-1
40319,IS1a434e40551201cd25c54,-1,-1
40320,Eglimore,-1,-1
40321,Whiskers,-1,-1
40322,rKX2TTtqzM,-1,-1
40323,B1kofDidfj,-1,-1
40324,IS1d4aaaf4158fdacb1d1ad,-1,-1
40325,IS1bc89cef80c692c9a10b7,-1,-1
40326,IS17ca8ff6af886e6dbb7e9,-1,-1
40327,IS1cc8e8a35f5507c5bd939,-1,-1
40328,Jessticy,-1,-1
40329,IS130547a3048e68d932f50,-1,-1
40330,IS15608d76e9195017fc667,-1,-1
40331,Chopxsticks,-1,-1
40332,TROLLOLOLOL,-1,-1
40333,TTascher,-1,-1
40334,IS1b9d2c590399c13ba8ca5,-1,-1
40335,leviathanxx,-1,-1
40336,leclevion,-1,-1
40337,mikeypoo,-1,-1
40338,IS1405543c00bd501751082,-1,-1
40339,XPobE8w5o3,-1,-1
40340,IS1fd72df65a67ee6b62f67,-1,-1
40341,IS13c9d3e7ee83e372d10f7,-1,-1
40342,Dragon Drayker,-1,-1
40343,IS1af6656fdf2d2f905b3b6,-1,-1
40344,IS12726e741460a99adba86,-1,-1
40345,IS11fae5f8dee7eae4f6caf,-1,-1
40346,IS18f65db1641dae437f9c2,-1,-1
40347,Trinxs,-1,-1
40348,contraa1337,-1,-1
40349,kki7RD5LIw,-1,-1
40350,Z3 Weasel,-1,-1
40351,IS1c51c2c0d2de9839dfcbb,-1,-1
40352,Lokito,-1,-1
40353,Wurf it,-1,-1
40354,anathema728,-1,-1
40355,ostelars,-1,-1
40356,HtXPAj0PD0,-1,-1
40357,coamerbieldEria,-1,-1
40358,HaoSercher,-1,-1
40359,Phlacid,-1,-1
40360,ITjwKiPBwJ,-1,-1
40361,IS1b0e974a4a4627672e73a,-1,-1
40362,nikamma,-1,-1
40363,IS1475255c5d0d83e6d2367,-1,-1
40364,IS182c5c07ff61c33b4a05a,-1,-1
40365,King Tusken,-1,-1
40366,Wolfesteinhausenberger,-1,-1
40367,Disension,-1,-1
40368,IS18e103746f42e55a587df,-1,-1
40369,IS1a9de372a20282b4d7b98,-1,-1
40370,IS146d4bb34dadd5b853be9,-1,-1
40371,IS1cc64385b42e3cb13d3b6,-1,-1
40372,Edgewalkerx,-1,-1
40373,IS1373d89923a5bc7b34452,-1,-1
40374,IS11922f74f0a5329e31486,-1,-1
40375,IS18edea00746d7c8cb96bf,-1,-1
40376,IS1040ac28c0f065f7cacd1,-1,-1
40377,terravyn,-1,-1
40378,IS165307233810152191c89,-1,-1
40379,knite19,-1,-1
40380,IS16fbe409de96e548abe42,-1,-1
40381,Y0kAvrPOFb,-1,-1
40382,IS102084daded5c269d4d93,-1,-1
40383,IS1c9995de621adddaf41d1,-1,-1
40384,IS1a66914b624e9baa5f064,-1,-1
40385,Dotaallday,-1,-1
40386,IS1470f2c25a22d1a9fef7c,-1,-1
40387,IS175d9204cdbc38f560542,-1,-1
40388,That Aint Flaco,-1,-1
40389,IS128ec14bce03201541e9d,-1,-1
40390,The Crowing,-1,-1
40391,IS1b054997c944258ddbe93,-1,-1
40392,Swagdinerro,-1,-1
40393,Jedi Christ,-1,-1
40394,MrTang,-1,-1
40395,IS1859551c9cb810d091a7b,-1,-1
40396,8EvJ9WQDNk,-1,-1
40397,IS1b51962ec492c48c5e0b3,-1,-1
40398,Hojuu,-1,-1
40399,IS12efdc5a9cb7ed7417e90,-1,-1
40400,Yohawn,-1,-1
40401,LoonarLarry,-1,-1
40402,IS1928f799751b048ed5ab0,-1,-1
40403,Joemoes,-1,-1
40404,Juan Donde,-1,-1
40405,IS115ba36380b95e0a76780,-1,-1
40406,IS1191d23fab7566e28beca,-1,-1
40407,JS Totoro Cake,-1,-1
40408,stellare,-1,-1
40409,Auron Uchiha,-1,-1
40410,IS1bb408428a90d5598906f,-1,-1
40411,IS131cd2da66f110f0752a4,-1,-1
40412,IS1eff5fb470f33af079a64,-1,-1
40413,LordTravi,-1,-1
40414,SovereignCitizen,-1,-1
40415,Ploff,-1,-1
40416,TheBotLaneZero,-1,-1
40417,Senith,-1,-1
40418,IS1eb0562b018ed4,-1,-1
40419,Robaut,-1,-1
40420,Makados,-1,-1
40421,IS1f43a664ab37ba3d65461,-1,-1
40422,IS11ebf7ce10f9600fb0ade,-1,-1
40423,FNTG,-1,-1
40424,IS11a81b4f3e410ff14daf4,-1,-1
40425,IS1d102ea8caaeb5,-1,-1
40426,IS19c939400924d9b02b2a1,-1,-1
40427,IS1cd5d662932db335c6221,-1,-1
40428,Rizle,-1,-1
40429,IS17f769bdc0e6f9cc64b22,-1,-1
40430,IS1b32f2ef5a275991df98b,-1,-1
40431,IS1bfc4a9cd47fc5be2ee48,-1,-1
40432,IS1850771344d964f94bae3,-1,-1
40433,FrothyPants,-1,-1
40434,IS17a5578bdb68b05c67564,-1,-1
40435,IS16467d665a90315a33f20,-1,-1
40436,IS1b1a76add4309be29e678,-1,-1
40437,IS1406e701b2a6d6dd4c9fb,-1,-1
40438,IS1abb73fe838503,-1,-1
40439,omnomnomnom,-1,-1
40440,IS1f5afd7996648fa9c20d5,-1,-1
40441,BembolRoco,-1,-1
40442,IS115f89a14d508749d5c8b,-1,-1
40443,pwnapotamus,-1,-1
40444,IS1689b9f2f06c170e6fa32,-1,-1
40445,IS1a365a412e97d26ae4e59,-1,-1
40446,Steevun,-1,-1
40447,IS1fa0c43c0478d5463e41d,-1,-1
40448,IS10fc1846bad0ef,-1,-1
40449,Hardgroove,-1,-1
40450,IS1d1e98730c72c91dd0123,-1,-1
40451,Renthar,-1,-1
40452,IS1fa9759106f5f9d9f28f5,-1,-1
40453,MelanomaAI,-1,-1
40454,IS1f9ab072e2e9d928c0218,-1,-1
40455,LunchNight,-1,-1
40456,IS15f29a6494c184c21a463,-1,-1
40457,IS1d912c0d10d67e,-1,-1
40458,IS18b9dbe82e0c87ac80988,-1,-1
40459,countcristo,-1,-1
40460,Bronafide,-1,-1
40461,thien12,-1,-1
40462,IS14a1294e93af71efb59ad,-1,-1
40463,SovietSolder,-1,-1
40464,IS1e7dce3fe86ed5,-1,-1
40465,IS162bb79a86ff4bc931950,-1,-1
40466,IS1676a5cf62e5ccf0d542e,-1,-1
40467,i3buwPKCOU,-1,-1
40468,IS149a29def6c95a0bf8db5,-1,-1
40469,IS11992a0d39345c4b73f71,-1,-1
40470,Yagen,-1,-1
40471,pwnizzle,-1,-1
40472,Rashgalivak,-1,-1
40473,IS1d4ebe66f9a52e097a418,-1,-1
40474,IS1b31abf24462b8,-1,-1
40475,IS11d37a525e86c91241235,-1,-1
40476,Pènalty,-1,-1
40477,IS178f771821dd00951ea56,-1,-1
40478,Arcaniel,-1,-1
40479,SV1n,-1,-1
40480,Revax,-1,-1
40481,WaxWingsDaedalus,-1,-1
40482,FleX06,-1,-1
40483,Makatumbo,-1,-1
40484,Bipolar,-1,-1
40485,Joeythegrape,-1,-1
40486,Y0hmama,-1,-1
40487,IS1e646d3100bc759d4c24c,-1,-1
40488,7aTSxyraPM,-1,-1
40489,IS11dc761ad8717c352da92,-1,-1
40490,IS160758e226e7a0555dde3,-1,-1
40491,IS16a639938cd53e71b16ec,-1,-1
40492,Goggris,-1,-1
40493,Alviss,-1,-1
40494,IS14e1a723cbc7d9,-1,-1
40495,IS1cb3c2b280e46b881203b,-1,-1
40496,IS13c3210ced019c6cdd236,-1,-1
40497,U93LbXMkon,-1,-1
40498,Blazar,-1,-1
40499,IS1970747525b843c1ef4f8,-1,-1
40500,IS10a32e0a143a7f,-1,-1
40501,backflip,-1,-1
40502,IS123ade612be8a563a676b,-1,-1
40503,IS16457781ae8125,-1,-1
40504,Lister,-1,-1
40505,IS1c9518f20ce5a0caea66a,-1,-1
40506,IS1ca71e8189ff8d544d5ac,-1,-1
40507,Jimber Jangers,-1,-1
40508,Psyik,-1,-1
40509,IS1cdfb558e48afafe24a0a,-1,-1
40510,IS1cae613c7bd573b930a64,-1,-1
40511,Kripsy Kremee,-1,-1
40512,kwaltzee,-1,-1
40513,IS1bde642a3ee358ff7b63b,-1,-1
40514,IS1f71027f1bffaa4885868,-1,-1
40515,IS1a9040b0a3f2a1,-1,-1
40516,Q5SDZftBfH,-1,-1
40517,NightLair,-1,-1
40518,deineri,-1,-1
40519,SaWanitas,-1,-1
40520,IS109e5fc9432e1db33c2b5,-1,-1
40521,IS10902d6ee77a87240d0e4,-1,-1
40522,Dulcy,-1,-1
40523,IS131374dd7ef606f5a722f,-1,-1
40524,sesxymama,-1,-1
40525,IS1f702220c52422,-1,-1
40526,IS1d664c7420eecc4303ae9,-1,-1
40527,darkoneel,-1,-1
40528,Soujyo,-1,-1
40529,IS1688028e08a4c3,-1,-1
40530,Klutzleo,-1,-1
40531,IS128bc7f714c4fab1fe7dd,-1,-1
40532,IS106361a899bd38ac0eb93,-1,-1
40533,IS15aed12e533a2a,-1,-1
40534,JefChi,-1,-1
40535,d0nny,-1,-1
40536,IS165e9f10ef41766dbd0ec,-1,-1
40537,IS149b465b05a6f508355b4,-1,-1
40538,IS1f5994b5b671b2f1d9bdb,-1,-1
40539,IS14446ba3df68bd6655523,-1,-1
40540,blindkatana,-1,-1
40541,IS1bece66b224fc5,-1,-1
40542,Eranos,-1,-1
40543,IS1d2fe0d7d1e1dd9b35a5f,-1,-1
40544,IS1add39f2ec0d61f571cf3,-1,-1
40545,LJDtZ1yUpn,-1,-1
40546,dexis,-1,-1
40547,IS16eeb0b88057ca,-1,-1
40548,IS1e4749926885db1b45be4,-1,-1
40549,IS1f95cf5c2a04434c97115,-1,-1
40550,IS160c70763c08bef434ae4,-1,-1
40551,Colonel Turtles,-1,-1
40552,IS1c8b1ec5180ccdec26ba5,-1,-1
40553,shorxrore,-1,-1
40554,Trisys,-1,-1
40555,5uh4IeK10R,-1,-1
40556,Optimus,-1,-1
40557,IS10aa7d8eb4d405fd3951b,-1,-1
40558,IG8I4JI1Qt,-1,-1
40559,IS1b1a52ea0372fe,-1,-1
40560,el dHole,-1,-1
40561,juger1naut,-1,-1
40562,IS1955cb401d62f241e51df,-1,-1
40563,IS15d6731a310494bf56f7d,-1,-1
40564,8vHFWCsccZ,-1,-1
40565,KangstaX,-1,-1
40566,IS1e5df954d66a04,-1,-1
40567,congalong,-1,-1
40568,IS1468cd1659f2d8a6717ba,-1,-1
40569,IS100f4ae6c37752ce3afc2,-1,-1
40570,Larding Screen,-1,-1
40571,IS1c63b95de34377abf5ba9,-1,-1
40572,IS1f8ea9132b22c9,-1,-1
40573,IS15a611af9181e3b590782,-1,-1
40574,IS1e6564b52483cc0a41a6d,-1,-1
40575,bsBfWHsx7Q,-1,-1
40576,HvUAONMvls,-1,-1
40577,WyUM8tRl7P,-1,-1
40578,IS197b3532684e5a,-1,-1
40579,Bucheon,-1,-1
40580,threetwelve,-1,-1
40581,pizzaprince420,-1,-1
40582,IS1cf26deae5b270c003e83,-1,-1
40583,iprVYhGhTa,-1,-1
40584,Clsphswgerecs,-1,-1
40585,IS19dd8450722d79,-1,-1
40586,IS1f0a440ff9fc0be52960c,-1,-1
40587,AngryWeapon,-1,-1
40588,IS1800e4907a525e8dad878,-1,-1
40589,IS1477463ff90b9e804a70c,-1,-1
40590,Sâint,-1,-1
40591,Ossoxi,-1,-1
40592,IS1dbd192fd38558,-1,-1
40593,IS1b7549123a2640e22044a,-1,-1
40594,IS1fa281caf23e53e7227e6,-1,-1
40595,IS12f4db02389f6220b3180,-1,-1
40596,CrazyBoiAntony,-1,-1
40597,Borack,-1,-1
40598,MattyTrane,-1,-1
40599,IS1a0267c1499116ca75407,-1,-1
40600,IS1b0eccca6366ca,-1,-1
40601,ArrSquared,-1,-1
40602,IS1ee3d9c2b3b2e6d2e2a88,-1,-1
40603,aleclolz,-1,-1
40604,IS1666b74e8862dd105eb0c,-1,-1
40605,c0yot3,-1,-1
40606,Bqgyo3wIk2,-1,-1
40607,DarkLurker,-1,-1
40608,IS1757fba080aa28,-1,-1
40609,IS1d00d59803e8f2bd8292e,-1,-1
40610,IS190b16bece599650c7ce0,-1,-1
40611,ormurin,-1,-1
40612,IS1a52ced9dec893,-1,-1
40613,jundy,-1,-1
40614,Ql1ovkFze8,-1,-1
40615,IS1689befd308ce1be4ac75,-1,-1
40616,Hellstarxi,-1,-1
40617,IS189845ab2f7e3a5b3c0c9,-1,-1
40618,IS1f6e35a39ff5dc1b3e218,-1,-1
40619,IS1893da347eb8ec50b2456,-1,-1
40620,IS181c10dc1a37f4472042f,-1,-1
40621,ntac,-1,-1
40622,IS162ae9e328c53f,-1,-1
40623,IS102da51b00537b,-1,-1
40624,zX1Fsx4Bcj,-1,-1
40625,Yon702,-1,-1
40626,Chinesepawnage,-1,-1
40627,BuneAC,-1,-1
40628,Newaza,-1,-1
40629,CigartragiC,-1,-1
40630,Titan Supreme,-1,-1
40631,IS1d02ea1ee1a1be4434dd5,-1,-1
40632,IS10b566bec71465f6433c7,-1,-1
40633,Junn Dral,-1,-1
40634,IS189f753b87b30f472c6f3,-1,-1
40635,IS1997212a0c7914825bcef,-1,-1
40636,Yiruru,-1,-1
40637,IS138ad95495a2a0,-1,-1
40638,IS1322d246f3279345448b9,-1,-1
40639,IS16bad03faed73b6a7c5c6,-1,-1
40640,IS134e99f20928b7,-1,-1
40641,IS1f2ecb1d83dd3d83f6a61,-1,-1
40642,IS176cc1a04dcb33,-1,-1
40643,IS1a062a192fc83b86bbec8,-1,-1
40644,Kidicaris,-1,-1
40645,IS1c7d0df11424f4d538ce9,-1,-1
40646,IS1a762aa3aaaa02120f825,-1,-1
40647,IS1e866011e1e75adfefbfb,-1,-1
40648,IS10a5cc8dd1a83638ba2c2,-1,-1
40649,IS1ef15c272415206e10282,-1,-1
40650,Pon3VinylScratch,-1,-1
40651,Maxidad,-1,-1
40652,IS17230f8a46e0ab7e15ded,-1,-1
40653,IS1d289ad80557514d93750,-1,-1
40654,IS1fdcaae57cd3b70240432,-1,-1
40655,IS15295f320c3c5f46cb30f,-1,-1
40656,IS1514c423d7622626e7ee7,-1,-1
40657,IS163199d6c814e0,-1,-1
40658,Snilaxfails,-1,-1
40659,IS1b60cbfd9efe5e98d78ae,-1,-1
40660,Skillz That Killz,-1,-1
40661,Swizz Chocolate,-1,-1
40662,1HPXreyoxV,-1,-1
40663,IS156b4ef8930705f073148,-1,-1
40664,IS148fe1d91c9051a300a29,-1,-1
40665,IS181153de8111edeeca175,-1,-1
40666,IS16f3e15e7bfeaaf8e55e0,-1,-1
40667,IS17e87fcd150282,-1,-1
40668,IS1a581028bda7a8d069510,-1,-1
40669,IS1179b19b0ae50d19bdf86,-1,-1
40670,IS1d6e510b308c1f,-1,-1
40671,GurungBoi,-1,-1
40672,IS1b8b0d640d7d89f0be6ba,-1,-1
40673,IS107c9ece3e8c09650a4a1,-1,-1
40674,Sluckz,-1,-1
40675,IS1a25569e13f04de9ffae5,-1,-1
40676,IS1275612cbc3986021684f,-1,-1
40677,IS1f21162e49cc84,-1,-1
40678,IS14170f0bd50b552fbb76b,-1,-1
40679,IS14b1eaf3dc731440e01a7,-1,-1
40680,IS19aafc340241fd,-1,-1
40681,IS1a51b6295e2bf2,-1,-1
40682,IS13af4628ddce5c7e1d576,-1,-1
40683,GMUNYIFan,-1,-1
40684,IS1b544e01f77d9d4e7cff3,-1,-1
40685,IS1fe6b240ac1d182f998ea,-1,-1
40686,IS16370647d18bc7c0a7fb8,-1,-1
40687,IS1493a18c57329913407dd,-1,-1
40688,IS104836cc88fd7b385a278,-1,-1
40689,Ryan Ong,-1,-1
40690,IS18b2402e02d02e,-1,-1
40691,Zawuhibu,-1,-1
40692,Trip Fisk,-1,-1
40693,IS10569cf620c2a4f598aa8,-1,-1
40694,IS171652d629a0bc,-1,-1
40695,IS18ce84f02ff8049792f92,-1,-1
40696,IS18f65d08284385,-1,-1
40697,Nevereven,-1,-1
40698,Blade of Change,-1,-1
40699,hide kojima,-1,-1
40700,Sunthios,-1,-1
40701,buttercho,-1,-1
40702,IS1049d0376ba275,-1,-1
40703,IS13fa94b6d484867e14fac,-1,-1
40704,IS1ded7ef475b2f04b0bba3,-1,-1
40705,Kaldaris,-1,-1
40706,m4dm4nLT,-1,-1
40707,IS152acd2481d29586a825b,-1,-1
40708,IS13eb27739710e0ac10ea4,-1,-1
40709,IS183dcb5e08328b1789614,-1,-1
40710,WonderFunk,-1,-1
40711,IS1d13687c77b8d5d056647,-1,-1
40712,MasterMG,-1,-1
40713,Raven Kerensky,-1,-1
40714,Animeus,-1,-1
40715,IS15bf6716e1d8dc1be01aa,-1,-1
40716,IS191d168b87229383b8048,-1,-1
40717,IS1261e4763a9b0dab3ab79,-1,-1
40718,IS171cf74d2612b0e5443b3,-1,-1
40719,IS1a4abe9cc79f1dcb71542,-1,-1
40720,IS159936579cfc2ce0454ca,-1,-1
40721,kokushu,-1,-1
40722,Blackcaptain,-1,-1
40723,IS1577f70308360bf4f4149,-1,-1
40724,IS1b00cd02bba48e6e9a9e3,-1,-1
40725,SirRibbit,-1,-1
40726,MEGA JUNGLER,-1,-1
40727,XSl7PkCIG0,-1,-1
40728,IS12e532c3056dc49b3fdce,-1,-1
40729,IS1b0b7ecc658bc9bbd5464,-1,-1
40730,IS1c0dfb7f36397d8d4d772,-1,-1
40731,Bathory FTW,-1,-1
40732,IS14fbc26baeaa644331de5,-1,-1
40733,IS152663b5775d142be0ed2,-1,-1
40734,Polgari,-1,-1
40735,IS191a056666517d3b7044b,-1,-1
40736,sniperhawk,-1,-1
40737,IS17c8aac41bed0133fa88c,-1,-1
40738,Jurble,-1,-1
40739,kamonsimon,-1,-1
40740,IS1e15c6e05355cd457d0bb,-1,-1
40741,UnamazingSoepkip,-1,-1
40742,XvsyjNU244,-1,-1
40743,Rabbott,-1,-1
40744,WadeBrigade,-1,-1
40745,IS1804e12d97832d172a363,-1,-1
40746,Straw Hat Boys,-1,-1
40747,IS139c705d03677f0a184a0,-1,-1
40748,InZanyZane,-1,-1
40749,IS17f09d9440bd7caf3869e,-1,-1
40750,9EiGe9dYgM,-1,-1
40751,IS1bab43c25500d3435a7a7,-1,-1
40752,Ninjai626,-1,-1
40753,OriginalNautilus,-1,-1
40754,Z3 JJ,-1,-1
40755,diaboluS,-1,-1
40756,IS1e504104b31b75758440e,-1,-1
40757,IS1c52d3200f569ed40ca0b,-1,-1
40758,IS12666c5449e768c0bc509,-1,-1
40759,IS12ec46c474acd132f5063,-1,-1
40760,IS189b1e55221cbff679be8,-1,-1
40761,Gokage,-1,-1
40762,IS13ca7e9f74750fff29dd1,-1,-1
40763,IS169922d6a0cf43b1e3379,-1,-1
40764,IS1707f02d4d3dc88508930,-1,-1
40765,Wilshire,-1,-1
40766,Fun Police SVU,-1,-1
40767,IS1b4ac79ca1dd8f4f4ff4b,-1,-1
40768,IS1be2ef9a5249421ac8492,-1,-1
40769,QRSatan,-1,-1
40770,NotRdyforHilary,-1,-1
40771,teQQ,-1,-1
40772,IS1bfc053832b395598c1aa,-1,-1
40773,IS132ad10ae0de553b6d01c,-1,-1
40774,tyosh,-1,-1
40775,IS18551b072aa2eb23438b8,-1,-1
40776,leomon,-1,-1
40777,Felisae Necron,-1,-1
40778,IS13e9f4c44851e6945c04b,-1,-1
40779,IS1970595bc6ccd5af90dfb,-1,-1
40780,IS134b4e81f593f6ce19418,-1,-1
40781,IS15a326bf10656e,-1,-1
40782,IS1bd67909eb3be9dc1a549,-1,-1
40783,IS17dbac243c72a8d3140bb,-1,-1
40784,JPSmee,-1,-1
40785,IS12af3cc8490552f282000,-1,-1
40786,IS14877c4e0f5a37c5dff23,-1,-1
40787,IS121608460b0e5589556ab,-1,-1
40788,IS168917d37378c7f0175d1,-1,-1
40789,CronoCrisis,-1,-1
40790,IS13ea4613914e83d06acda,-1,-1
40791,IS134cc5c613e26bdfbaab8,-1,-1
40792,fY9jO10uZ0zQjWad,-1,-1
40793,okaymateurtrash,-1,-1
40794,YSwkbakffc,-1,-1
40795,IS18bd79fa555e00ba73e2a,-1,-1
40796,QMQMAQMQM,-1,-1
40797,IS18dbab2dfc4335ba3ad32,-1,-1
40798,IS1bf790ca530b6bd705c5a,-1,-1
40799,IS1d41ff619426412acae4f,-1,-1
40800,XeroXion,-1,-1
40801,Kaelastrasz,-1,-1
40802,IS133b4d29d1ccae857ea98,-1,-1
40803,CholidSnake,-1,-1
40804,IS1e3a439564c221adb6e89,-1,-1
40805,IS1095ce5010a39b8a36509,-1,-1
40806,aznlawdawg,-1,-1
40807,TronBob,-1,-1
40808,Artelo,-1,-1
40809,3rEFzKjUre,-1,-1
40810,IS12f182e4dde9d9e0568fa,-1,-1
40811,IS168d694a6e7913c565240,-1,-1
40812,IS17934ccc7ad81a31111ec,-1,-1
40813,IS188689cff26ee0475891f,-1,-1
40814,IS10a053237ad6205530602,-1,-1
40815,Grimma Reaper,-1,-1
40816,IS1c26953aaf580e65cb197,-1,-1
40817,IS14b4c7e7be2eaf8457e3f,-1,-1
40818,IS1b76a6429291c85f74382,-1,-1
40819,IS1ebfd392d677baefc775d,-1,-1
40820,98yeg1hMW1,-1,-1
40821,IS13265305eda666dd749f9,-1,-1
40822,IS144c7399bebacf3e4771d,-1,-1
40823,IS12b8288fbdbb5434a494c,-1,-1
40824,mansueto,-1,-1
40825,IS1910f37c38fa4a821cbf5,-1,-1
40826,mehloch,-1,-1
40827,oMAVERICKo,-1,-1
40828,OkoyGA0p1b,-1,-1
40829,IS10462ae1c37edd01d5bcd,-1,-1
40830,Dalulz,-1,-1
40831,IS11201bd8d30dd9d53c076,-1,-1
40832,zagaljj,-1,-1
40833,IS19a3fc232c2a53821ebd2,-1,-1
40834,IS121c9eeaf01260d8afefe,-1,-1
40835,IS13e3adad5f7eda06a80e5,-1,-1
40836,IS121b8337e030fbb0d9810,-1,-1
40837,sensiherb,-1,-1
40838,IS12006f7b0a40ab60fe958,-1,-1
40839,IS13b67935da0694742ed0e,-1,-1
40840,IS14e9bf12fdf97de0d29fc,-1,-1
40841,Sheathe,-1,-1
40842,IS15181d5bdf2221aa8a0fa,-1,-1
40843,IS1da7f7af10c70874a7fe2,-1,-1
40844,IS1c61c063aa8cd834c5561,-1,-1
40845,Yendor,-1,-1
40846,IS13928c8b66b29dde21c29,-1,-1
40847,BakoboyJp,-1,-1
40848,Max Power,-1,-1
40849,Selece,-1,-1
40850,6kOFiru3XI,-1,-1
40851,Marceloide,-1,-1
40852,fmal,-1,-1
40853,IS1747283ee161a90cb1cd4,-1,-1
40854,Budvar,-1,-1
40855,lawnboy720,-1,-1
40856,IS1dd37823b0b325e4b13b8,-1,-1
40857,Doomaflatchi,-1,-1
40858,IS1aff542f0cfa4cab0895b,-1,-1
40859,Kainus,-1,-1
40860,Bumbi85,-1,-1
40861,IS148e9b4bb8b51701bb76e,-1,-1
40862,mikey47,-1,-1
40863,Peeki,-1,-1
40864,RabidWeasel,-1,-1
40865,blakraven66,-1,-1
40866,IS1694b980e08c49b3579dc,-1,-1
40867,riptologist,-1,-1
40868,IS1e5787749804bd77dfb45,-1,-1
40869,Rikimaru,-1,-1
40870,Kuri,-1,-1
40871,wmuMJDq6vG,-1,-1
40872,Z2 Hexauk,-1,-1
40873,IS102ab380fb726cd7c49a8,-1,-1
40874,IS15490c9db87b4f0a48b51,-1,-1
40875,IS1bec3b967a186932462db,-1,-1
40876,IS1a545248de52c3f07f845,-1,-1
40877,IS10c30ca3b26dbae3f0424,-1,-1
40878,fBqV1bGSoD,-1,-1
40879,IS14d7313c8614de041cae3,-1,-1
40880,Amarok,-1,-1
40881,Jennero,-1,-1
40882,IS1b79a085eb7f56d82f2bf,-1,-1
40883,zsStalker,-1,-1
40884,IS12a6867810cc038cfd2af,-1,-1
40885,PixelSlayer,-1,-1
40886,Z1 Saint,-1,-1
40887,IS14e43588dcc3e019ede51,-1,-1
40888,IS142e4d763e3235785e0df,-1,-1
40889,HCWPNY5629,-1,-1
40890,Tyconderoga,-1,-1
40891,mastermike707,-1,-1
40892,IS1ac574dc5be0dc524f1cf,-1,-1
40893,IS15eb52bdbe43c6bfb3009,-1,-1
40894,IS14b3e6dcbc7dad6c83670,-1,-1
40895,Dakili,-1,-1
40896,IS1febd4e54cd4b21bb2fa0,-1,-1
40897,FellatedSatan,-1,-1
40898,IS1aee4d9a766abdd911efb,-1,-1
40899,IS16f8c5854acc72059b2d0,-1,-1
40900,qRpLVfUSaE,-1,-1
40901,IS19ef8a93e0205ade42ff2,-1,-1
40902,Jaynica,-1,-1
40903,IS177b639996723e3890689,-1,-1
40904,IS1baf86b951c78f8172039,-1,-1
40905,IS1b8d6271bb1e78f1464d7,-1,-1
40906,DPUAAUGQ1,-1,-1
40907,IS144fb761335665b83f5f4,-1,-1
40908,IS1798966cb1827da181daf,-1,-1
40909,cortruu,-1,-1
40910,IS113e38d9dec087e89d3ed,-1,-1
40911,Sylvan87,-1,-1
40912,PineappleExpress,-1,-1
40913,IS1aa7d435b1fa754fe5f80,-1,-1
40914,Theoden,-1,-1
40915,IS1d1fb29b83ecce3644ec2,-1,-1
40916,IS12455e788cb738ec1d386,-1,-1
40917,snowfany,-1,-1
40918,IS1d5ec0c1755b362e9db6e,-1,-1
40919,IS1e957d79ab187cf13168f,-1,-1
40920,IS122413088d7648a24f790,-1,-1
40921,IS1350063648f31c9e559d9,-1,-1
40922,IS1d995f488c3a90256291a,-1,-1
40923,IS19c62c05caeb4918a772c,-1,-1
40924,IS1202aa9f9d5f450aa8177,-1,-1
40925,EvQsGlYRhG,-1,-1
40926,IS16fad8367737ff0cbcf81,-1,-1
40927,IS156a52dbdf64e32a969c4,-1,-1
40928,Z2 GTFrost,-1,-1
40929,IS1169f741b6fe97fdd6a1d,-1,-1
40930,IS1d42a47a2efd086cdd9d5,-1,-1
40931,Jifster,-1,-1
40932,Major Major Majo,-1,-1
40933,Poison17,-1,-1
40934,Receding Gumline,-1,-1
40935,m0ng,-1,-1
40936,IS199d11f7ea36ea5bd94c6,-1,-1
40937,IS1a4e1f2ae4b02f4dcb11f,-1,-1
40938,IS14f6a013131ae3e77d7e7,-1,-1
40939,Southpaw Gamer,-1,-1
40940,EPRE7RNTfV,-1,-1
40941,IS19a72b521a4a9d1c05841,-1,-1
40942,lonelystonelycuu,-1,-1
40943,IS1f35daf0b98c69fb10528,-1,-1
40944,dc302,-1,-1
40945,IS169c17055849b7aca5047,-1,-1
40946,Ted Sled,-1,-1
40947,IS18ce55f6659889fe2937f,-1,-1
40948,Pieman,-1,-1
40949,ohyoi3,-1,-1
40950,IS1aea377eaad66b2623961,-1,-1
40951,IS1e9d0cb6a7c2e98874d4c,-1,-1
40952,IS16742852c2ef897f8a0a0,-1,-1
40953,IS13ebe40f8d2bb179dc554,-1,-1
40954,IS19ef21b5f77f933fb529e,-1,-1
40955,IS16f65d38c079fc9c0ca32,-1,-1
40956,IS1a6f22f40b7de9a5041be,-1,-1
40957,IS1ae0863827b7e5ab97f19,-1,-1
40958,HeatSonata,-1,-1
40959,IS193cd5b7f62fd3bb7afe9,-1,-1
40960,Okiah,-1,-1
40961,eXtreMeXz,-1,-1
40962,IS1fb4409c37abd1645b0f5,-1,-1
40963,The Johninator,-1,-1
40964,IS140ebc4c0937a6e755621,-1,-1
40965,IS1e2d58efe687b857830f6,-1,-1
40966,Kuoo,-1,-1
40967,IS1caf38964ffaff639b8d8,-1,-1
40968,IS1fea086d5fd85078695a0,-1,-1
40969,DeathDestiny,-1,-1
40970,Z3 Killer,-1,-1
40971,IS139bb411794d618b7cfbb,-1,-1
40972,IS18e4f8d30c5e6b0e59b42,-1,-1
40973,IS12eff3b3ec40a10b397e6,-1,-1
40974,azGpKtZkCT,-1,-1
40975,BigL0u13,-1,-1
40976,nanokelvin,-1,-1
40977,IS1b6be2d735817ca348b05,-1,-1
40978,IS1d91916df976112cbefcd,-1,-1
40979,IS191395ea818f43f82b5e5,-1,-1
40980,IS1ee7ac051cf58d649a5f5,-1,-1
40981,IS17d65177f34e552b38761,-1,-1
40982,IS193b816315471556dae55,-1,-1
40983,DiscountHero,-1,-1
40984,IS1649e4b738786289e9eec,-1,-1
40985,IS135ff45172bdf721dbb24,-1,-1
40986,IS1b90d4b805790ce68a239,-1,-1
40987,HukGuay,-1,-1
40988,Colemanguy,-1,-1
40989,AhT3h2mOKz,-1,-1
40990,IS10d1fce00822a42af66c2,-1,-1
40991,Im Sense,-1,-1
40992,IS159b19db2071d55955e96,-1,-1
40993,IS1275da59ba352aa5070c3,-1,-1
40994,Insidious1155,-1,-1
40995,IS171ff89c7486f191c69df,-1,-1
40996,IS156af6fbccb765c0d1fac,-1,-1
40997,Master Th6r,-1,-1
40998,IS1edc297846a47dc731ae4,-1,-1
40999,IS1ef31c3bb99e4dc2c7d6d,-1,-1
