41000,IS129966f5f52fed7fc1179,-1,-1
41001,IS19e1b0547288346a47044,-1,-1
41002,rawoctopus,-1,-1
41003,IS1793fb90d3bfb3bef1639,-1,-1
41004,IS1b5bce88107b4cbcd4a8b,-1,-1
41005,IS114eb30646ed8df2d2401,-1,-1
41006,IS196d12324b97d562117cd,-1,-1
41007,IS1e6ffede7cf8b4825fe39,-1,-1
41008,IS1408a0b55f7237d6717c3,-1,-1
41009,IS123705dd4bbc01ee7860b,-1,-1
41010,IS1576accdb554b967cdad5,-1,-1
41011,ej7BKeoInB,-1,-1
41012,IS1c8d6d5f61d0ddb88acda,-1,-1
41013,dsfnsdkfnd,-1,-1
41014,odeyseuss,-1,-1
41015,IS12049160dbb993d0702b5,-1,-1
41016,SumoSam,-1,-1
41017,Pendragn00,-1,-1
41018,bluelightningflik,-1,-1
41019,IS1b91a17eeb5a3c987defe,-1,-1
41020,IS1ec68b85724dd37c3755c,-1,-1
41021,IS1d4a89d6aa035968c2a3d,-1,-1
41022,krnxbab0,-1,-1
41023,2PfNTSrMDT,-1,-1
41024,IS1ed078b51e6cde7925d71,-1,-1
41025,IS19ddb543437d0b3db77c4,-1,-1
41026,jouste,-1,-1
41027,Carand,-1,-1
41028,IS1cdfb560d81b5620b66ae,-1,-1
41029,IS17609d6e66e60e3edf4b1,-1,-1
41030,Velandis,-1,-1
41031,IS14b255a85be2df807b176,-1,-1
41032,IS16fb9476be8b185586893,-1,-1
41033,MrSleepyz,-1,-1
41034,IS1ff3bf77cd4ae012f40b8,-1,-1
41035,IS18fbb9df02fcd4dffbad7,-1,-1
41036,KingHippp0,-1,-1
41037,IS1c57d2a4e868390396225,-1,-1
41038,MicroZ,-1,-1
41039,IS1b82dc0659cb2061cb2ee,-1,-1
41040,IS1a97ca03fe5fe2a785992,-1,-1
41041,pczGeNlT5D,-1,-1
41042,IS14f8bc1a634fe4df21363,-1,-1
41043,Monkleto,-1,-1
41044,IS1ab2c7853536dd17b8e5d,-1,-1
41045,IS10084918b0d02535b3bca,-1,-1
41046,IS159579f4184ce2f632609,-1,-1
41047,Proto,-1,-1
41048,IS136be73800d8c7549b49f,-1,-1
41049,IS10c7a965fcbda042b2b9f,-1,-1
41050,7jMZhKmxqJ,-1,-1
41051,Itsagoodname,-1,-1
41052,MusicHitsImFine,-1,-1
41053,IS107573e3d363d01058edb,-1,-1
41054,IS19696a19c899d53a20c3a,-1,-1
41055,IS11d5a695274aed20bda00,-1,-1
41056,IS1e3d9fa22c743eb7d7194,-1,-1
41057,netherfreak,-1,-1
41058,IS1a0469b0501dd323f83c1,-1,-1
41059,Mr MeatCastle,-1,-1
41060,sanic1989,-1,-1
41061,Poopenheimer,-1,-1
41062,IS177cd4b49220501b34ce6,-1,-1
41063,IS130ebcec9891bf80027d8,-1,-1
41064,IS158573caad66f5cc56b32,-1,-1
41065,IS18e29870664c6fa021440,-1,-1
41066,Nomios,-1,-1
41067,Tennz,-1,-1
41068,Kristjan,-1,-1
41069,kotachua,-1,-1
41070,IS1fd7223ec585c6ec1fe69,-1,-1
41071,IS14824b94f71c64ee36e6c,-1,-1
41072,trixrforkids,-1,-1
41073,Peezantiny,-1,-1
41074,Zicheen,-1,-1
41075,nickelstar,-1,-1
41076,BestRivenVN,-1,-1
41077,Lorf,-1,-1
41078,d2EqNnceO7,-1,-1
41079,IS15c40f89aced3769e6215,-1,-1
41080,IS1381363065ca4ca58b33d,-1,-1
41081,Xenotropic,-1,-1
41082,IS1448b9fbf36555a896983,-1,-1
41083,IS141fde8b615539dcd9a66,-1,-1
41084,Paulo Plaza,-1,-1
41085,TheSavageFlip,-1,-1
41086,IS12e8cb5d424d68dc7f8af,-1,-1
41087,Nevinrral,-1,-1
41088,IS1e24ccc7714f12f3d83a4,-1,-1
41089,IS19ad7cb53e91a19074f1e,-1,-1
41090,ReportSingedXD,-1,-1
41091,IS15fe354e6d0b1946e537f,-1,-1
41092,IS15c75aa3ac8c862b21f08,-1,-1
41093,NGy8S744Ue,-1,-1
41094,Belligerent,-1,-1
41095,IS1fa68e1f82073bc39b847,-1,-1
41096,Zbzikowany,-1,-1
41097,IS1b195a4e6490b60c278f4,-1,-1
41098,Shizium,-1,-1
41099,nyitah318,-1,-1
41100,CJPTXVNI1,-1,-1
41101,IS1d0f33f4bf01eb34c15b6,-1,-1
41102,IS1be70b939178cb7d4fbac,-1,-1
41103,Elkronner,-1,-1
41104,IS1bfe3ea9a9946e,-1,-1
41105,IS1871fda51e03448bf1b20,-1,-1
41106,IS12b1e8ced8066e496784c,-1,-1
41107,IS1dd14e8eb0b1cfd2beb20,-1,-1
41108,IS1593f8eba239bada1a0c4,-1,-1
41109,Philippines,-1,-1
41110,IS157b457a54df977f21cd1,-1,-1
41111,Danorus,-1,-1
41112,IS1876521e379a16218e95a,-1,-1
41113,IS122190e4e76d28f87b072,-1,-1
41114,King Stank,-1,-1
41115,IS1167cfbccbdeb2b5841f2,-1,-1
41116,KronicOwnage,-1,-1
41117,IS1d51dc8790011589f7014,-1,-1
41118,IS1b6aede7589f5d4826e12,-1,-1
41119,IS1bc9c5f1d04c69ae04ff0,-1,-1
41120,IS1744afc824dd2c8d81008,-1,-1
41121,Enoch Root,-1,-1
41122,IS113cb847c81a3306809d5,-1,-1
41123,cUk9y3JSJW,-1,-1
41124,IS143eb0d06373b383ec430,-1,-1
41125,GreenNinja,-1,-1
41126,IS1a1348da491c4987e08c4,-1,-1
41127,IS1ddb5ead7d817b058ebc1,-1,-1
41128,IS1b22e0c56d1ff3c95ed0c,-1,-1
41129,IS1f0323eee42fe413bccc5,-1,-1
41130,IS18c7835251fa4c63a4996,-1,-1
41131,IS1ea67637c3f1911940668,-1,-1
41132,POTMBottom,-1,-1
41133,Goat Mom,-1,-1
41134,outy,-1,-1
41135,IS136d9422d5de661e57742,-1,-1
41136,IS1123691bcfaf253572530,-1,-1
41137,IS11413aea763296e66b04a,-1,-1
41138,IS1e4884cfc0ecf081dc958,-1,-1
41139,IS1690e9be33d37e496a45e,-1,-1
41140,IS17f7299713959d92a483c,-1,-1
41141,IS1fa15d38469a1ad02ce90,-1,-1
41142,Dadarouki,-1,-1
41143,SLARDEL MY DARD,-1,-1
41144,IS1ec9f35e384d9c3624b39,-1,-1
41145,IS13233df9468a27512797c,-1,-1
41146,IS176c3b6674af2177972d2,-1,-1
41147,obySYZk95l,-1,-1
41148,IS12eb81a834c497690fcff,-1,-1
41149,Walker,-1,-1
41150,IS1b6afabb5680c5d2c940d,-1,-1
41151,IS1d18509c0d3b5159ffc8d,-1,-1
41152,horrible puns,-1,-1
41153,IS1038ddf04d18e51be9438,-1,-1
41154,akumasuplol,-1,-1
41155,IS1b7a850188eebc0d1ecd7,-1,-1
41156,IS178197f5b82c0e96de5d8,-1,-1
41157,1xM5IZ3pkG,-1,-1
41158,IS116c28f4b687370f9783e,-1,-1
41159,IS17df56b5469327e900581,-1,-1
41160,IS1e5e9a55a3dab350189bf,-1,-1
41161,IS1f56580051d58521dd1db,-1,-1
41162,IS1cb66c99703c5dee81a1a,-1,-1
41163,Testetetet,-1,-1
41164,IS1ea31ccc387f275233141,-1,-1
41165,IS11404a9778b9cc04dd684,-1,-1
41166,IS1e7884374eabc7f50f78d,-1,-1
41167,IS1a468a0e10c226a03a39c,-1,-1
41168,IS11ed2546e7c0bd38d5e3d,-1,-1
41169,IS1ea9eadda8ac7b7db4f54,-1,-1
41170,SeaWard,-1,-1
41171,AGCrew Bloodwolf,-1,-1
41172,IS15ed559381b351751801b,-1,-1
41173,IS1198d4752176ba2e29795,-1,-1
41174,olfox,-1,-1
41175,TheAmazingVic,-1,-1
41176,Kraneni,-1,-1
41177,IS135faf7fad5971cf885b3,-1,-1
41178,bentou,-1,-1
41179,IS18a64b1b84078b60cb9e9,-1,-1
41180,IS127b123722210d1a1836f,-1,-1
41181,JohnnyStinkpants,-1,-1
41182,IS1d033961cadd7c7e620d2,-1,-1
41183,Kongoloid,-1,-1
41184,elyzthras,-1,-1
41185,IS194605a1fc6336526135a,-1,-1
41186,IS128e09faee73740f523d2,-1,-1
41187,IS1b402c5006bba0e536e3e,-1,-1
41188,IS113e19ff7a4cabf8bf700,-1,-1
41189,IS113588050cb7762de5385,-1,-1
41190,IS193879a0eaf172f13589a,-1,-1
41191,IS1f83f8c9de25f7226711a,-1,-1
41192,IS1e0253f547f8dc6646714,-1,-1
41193,CUSTOMX,-1,-1
41194,IS1be769958c668292573b8,-1,-1
41195,IS112f30293fed31693f19b,-1,-1
41196,RealEyez,-1,-1
41197,IS120f0bc5737c086ed9234,-1,-1
41198,IS1492ae42c446c0cc01b3a,-1,-1
41199,IS128719eec823841163756,-1,-1
41200,IS19188869b4bf4c9d4bc01,-1,-1
41201,IS1c59eeef0d41309e6ddd9,-1,-1
41202,IS132f8ed1a5d6b3c26ab44,-1,-1
41203,IS1d301076c85e2004d3acb,-1,-1
41204,IS103c047f486abd2519ee4,-1,-1
41205,IS116f083bb739ef8b5d1e2,-1,-1
41206,IS132c8e5aef3045e20c16f,-1,-1
41207,IS138b13e2f7a204e39a7ec,-1,-1
41208,Panda KaRaN,-1,-1
41209,Narutoboy EUNE,-1,-1
41210,IS1590404403a50f1b3cac8,-1,-1
41211,mycatisonFIRE,-1,-1
41212,IS1c75c69e651430ea8815f,-1,-1
41213,SolidBM,-1,-1
41214,netravelr,-1,-1
41215,IS189cbcaedad1f899a3345,-1,-1
41216,Tarix,-1,-1
41217,IS15c77277f4c4a62fb9bf0,-1,-1
41218,IS16b5ca9e88c33cfc65b78,-1,-1
41219,Rasmuffin,-1,-1
41220,IS16c9a9ad595af3ef7a0d5,-1,-1
41221,IS12c9e4a4eb0bb77ae3592,-1,-1
41222,IS17e1f532048b6b1435d7b,-1,-1
41223,IS196c55baee2c0e1a460f3,-1,-1
41224,IS16f4b7bd46bf55d8920f8,-1,-1
41225,Giles,-1,-1
41226,IS1d8dcdb447d15336568f8,-1,-1
41227,PvtTofu,-1,-1
41228,klee,-1,-1
41229,IS120fd3c90921ceef16a92,-1,-1
41230,Minizea,-1,-1
41231,IS17c5b8b15b0eeb68109b8,-1,-1
41232,IS177a16f958f27c6d0a251,-1,-1
41233,IS104a14abb1e3445a52436,-1,-1
41234,IS1434ea9e2c926984fd996,-1,-1
41235,IS18477a9fbac688fc3cc3e,-1,-1
41236,IS15f3bbb2a35f02ccb2d49,-1,-1
41237,IS1ef19cb61c20dd5c6e931,-1,-1
41238,neutype,-1,-1
41239,IS1ce6b24e3e1171a475ea6,-1,-1
41240,IS1015c744b67cee9175315,-1,-1
41241,IS1fe33b56ba3885430c448,-1,-1
41242,TiNMaN6275,-1,-1
41243,HaVmg3OgQO,-1,-1
41244,IS17f2885a59b460017feee,-1,-1
41245,oscarlol,-1,-1
41246,Nmaster64,-1,-1
41247,No Brakes Given,-1,-1
41248,LostCat,-1,-1
41249,Z3 Kirs,-1,-1
41250,IS13380d6a56187203ab1f2,-1,-1
41251,IS1020b3e2f28d3ba692399,-1,-1
41252,IS117171dc9bd7d2cb43de3,-1,-1
41253,gumek,-1,-1
41254,Diglio,-1,-1
41255,TheSSfailboat,-1,-1
41256,Irkin31337,-1,-1
41257,IS182fae832476950df486f,-1,-1
41258,l Seraphic l,-1,-1
41259,Silicate,-1,-1
41260,IS19ae05931dd1f11ab6566,-1,-1
41261,IS1c820d555f935bf055e40,-1,-1
41262,IS1583428f4381f141c836d,-1,-1
41263,Spender,-1,-1
41264,IS1db15f9d8ff177b730609,-1,-1
41265,IS135f398ece831361d7c58,-1,-1
41266,IS1b130e70abb442ba52d3f,-1,-1
41267,Krazyy,-1,-1
41268,IS1c73ec8ba3b64b846d7dd,-1,-1
41269,IS1c0006c8287dedc99d0fc,-1,-1
41270,Mitcho88,-1,-1
41271,IS1857b6d868452b4addac7,-1,-1
41272,IS1035bd85e2dcf44248130,-1,-1
41273,boogi3,-1,-1
41274,IS101d46e4d06248790f850,-1,-1
41275,IS13244d0b92935ed504753,-1,-1
41276,IS12461177cbad7ec520b0e,-1,-1
41277,IS16c0620005f5949fb11b8,-1,-1
41278,IS13584cd89cfdd7bf3c225,-1,-1
41279,IS130f6699703eb9d4128d8,-1,-1
41280,IS1a123a25d20506c7c0333,-1,-1
41281,Z2 Tim,-1,-1
41282,IS1bca8f90ec5fefb85d650,-1,-1
41283,IS111bf1515a540862af2d6,-1,-1
41284,IS17e74d7cd35e0cd7925d6,-1,-1
41285,Zeneroth,-1,-1
41286,The Xecutioner,-1,-1
41287,Achoo01,-1,-1
41288,Warrice,-1,-1
41289,Yosoyloco,-1,-1
41290,Fa8N6bWOA1,-1,-1
41291,Radish,-1,-1
41292,RocketNine,-1,-1
41293,IS12b93fe84305377f2a649,-1,-1
41294,IS18a166930da693254c104,-1,-1
41295,IS1fc3ecd5385a2779e8d34,-1,-1
41296,IS1070dba891b0a4404aacd,-1,-1
41297,IS141762101974ce48e426f,-1,-1
41298,IS1dd5cec93d719de4ce692,-1,-1
41299,Ratatoskr08,-1,-1
41300,IS1a1c55afcce9283ac7902,-1,-1
41301,IS1a7849b1bb8adccb36709,-1,-1
41302,IS108a8ac16edf22edf706d,-1,-1
41303,Benjomin,-1,-1
41304,IS17da12b68a1a094145924,-1,-1
41305,IS1fc4185d55a5d3e788e39,-1,-1
41306,fZvfI7EQ0s,-1,-1
41307,IS1799a695973d5d306d667,-1,-1
41308,IS19cc6e3ae0db05ad49b96,-1,-1
41309,IS18e2e486f4bc6b5f2c8aa,-1,-1
41310,SUEuk2kPPf,-1,-1
41311,IS1a790e485c6d9b7299180,-1,-1
41312,mjlaufgr,-1,-1
41313,IS19d42867d16592696807f,-1,-1
41314,lIlIlIlIlIlIlIll,-1,-1
41315,dChen,-1,-1
41316,IS1fb76d555665dbfcdb01a,-1,-1
41317,IS1271c947878cdb07bb68e,-1,-1
41318,Feed Lane,-1,-1
41319,IS15e872dd064ef8686172f,-1,-1
41320,Broom Sweep,-1,-1
41321,FireBrd,-1,-1
41322,IS13f820a3e4068500df41d,-1,-1
41323,Z2 Notserpoo,-1,-1
41324,Bearmono,-1,-1
41325,IS1be5836a56b04931926f6,-1,-1
41326,IS14ae390d1b52e4f372e5d,-1,-1
41327,IS1ca7960d66263f2b29fa5,-1,-1
41328,IS1aa281c20622b0c1d3b24,-1,-1
41329,IS16d849af77f68e697debe,-1,-1
41330,IS10f9b542ac946694c3933,-1,-1
41331,Twistamafoo,-1,-1
41332,Sarkonyx,-1,-1
41333,IS125baae2953898b1845f7,-1,-1
41334,IS1a69706c8e2e33,-1,-1
41335,IS186d7f53fcc42dcfc63a7,-1,-1
41336,Tenmar,-1,-1
41337,IS1763b0cbe5bf95aaad9a7,-1,-1
41338,talzx,-1,-1
41339,IS1795431363e3bf8727c15,-1,-1
41340,IS1d94ad4ba137720203ce5,-1,-1
41341,ilnazry,-1,-1
41342,Soleia,-1,-1
41343,IS185dd5da500ca996242da,-1,-1
41344,IS18cfbba760be3f23083bc,-1,-1
41345,IS120f7702c5ab116120e05,-1,-1
41346,IS12b89e9fa6794042ad0ec,-1,-1
41347,IS165bdbb4234b23d3dbea4,-1,-1
41348,IS1be891d8c90da8431be17,-1,-1
41349,Nielu,-1,-1
41350,Killbo Tbaggins,-1,-1
41351,IS1739f8c5b15a0caa24191,-1,-1
41352,IS119865aadc651efca8d6b,-1,-1
41353,Insirion,-1,-1
41354,IS17929860190fe5159b5b3,-1,-1
41355,IS108080252681a26d7d0bf,-1,-1
41356,IS16403000b7b334c0d8181,-1,-1
41357,lightmaat,-1,-1
41358,pevergreen,-1,-1
41359,IS12d50517e433d0b82745c,-1,-1
41360,TheElvenmistress,-1,-1
41361,IS1d9519259a265d9fc607c,-1,-1
41362,Shud,-1,-1
41363,IS16efda363726dc4588070,-1,-1
41364,padaaH,-1,-1
41365,Morglum,-1,-1
41366,IS13d67010812c64f360300,-1,-1
41367,Entari,-1,-1
41368,IS192ba6f36a4540ed5fac5,-1,-1
41369,IS1c70b7b6fb4436f15adf8,-1,-1
41370,EskimoNinja,-1,-1
41371,yCyuHElpyc,-1,-1
41372,IS1e1adbddd13d9ee519c3e,-1,-1
41373,IS11bd7cc9689a47c7d1478,-1,-1
41374,IS14be8b302739904f8beff,-1,-1
41375,IS145209f4561f0f0b75d2e,-1,-1
41376,IS15048a6579de2a879e4e1,-1,-1
41377,Himitsu,-1,-1
41378,qy6ODUflXr,-1,-1
41379,IS1fcb8de1f15d69a4c7c99,-1,-1
41380,Kreegsbrok,-1,-1
41381,IS1dd3070bdcd18922e23b2,-1,-1
41382,pchea,-1,-1
41383,IS1950a7f22cd7898f7735e,-1,-1
41384,IS18dc832c9ca6ce527f4cd,-1,-1
41385,IS18e7fba8f8b4e8530c035,-1,-1
41386,IS182f316fe8ae26f311d98,-1,-1
41387,Puschel,-1,-1
41388,IS17fceb80480530d8ee462,-1,-1
41389,IS1e2b0608c1de6dfa48ee2,-1,-1
41390,Tsuyoi,-1,-1
41391,Techoneforty,-1,-1
41392,VolkerPutt,-1,-1
41393,IS1c4dd111bb68c0f211638,-1,-1
41394,IS179630a6e7a56ec569a58,-1,-1
41395,IS1d4580ea547171f1a8adc,-1,-1
41396,IS146fb3189b7804747893b,-1,-1
41397,BeefCakeNegro,-1,-1
41398,Berkley,-1,-1
41399,Xiro1,-1,-1
41400,IS1c3ddea7cd1a0d9091878,-1,-1
41401,Akata,-1,-1
41402,IS118e1e334297679721859,-1,-1
41403,IS1e56701a97d98433379df,-1,-1
41404,Gig4nt3,-1,-1
41405,IS159364b11fbcdcf1da269,-1,-1
41406,IS1205d946d46afc3de1766,-1,-1
41407,Heylige,-1,-1
41408,IS163102b60a63a1a8b67fc,-1,-1
41409,IS12a662258ad7d9fc2e5b6,-1,-1
41410,IS1c43b41097fc63ce92b17,-1,-1
41411,DemoAZ,-1,-1
41412,IS1b9a01e9e1d96f126c30c,-1,-1
41413,IS140e0725c16c7fa48281c,-1,-1
41414,IS14f1dad0d19cc5c14494d,-1,-1
41415,IS1d74b7efc0cbd60051053,-1,-1
41416,IS1dc1de96a8431095205a9,-1,-1
41417,IS15903d6ebffa089adb2ba,-1,-1
41418,IS145bfd62e38846d71eb85,-1,-1
41419,IS16d65e82252e2f24441a1,-1,-1
41420,IS194480182b27de9e59821,-1,-1
41421,Jaml,-1,-1
41422,Aa1PIWBCwv,-1,-1
41423,IS18418f8bdf22ee174e10f,-1,-1
41424,Corinthos,-1,-1
41425,IS14d81791f9ecbfd9f1a75,-1,-1
41426,IS1ecb8ffcf146cd8caf34e,-1,-1
41427,IS122519407029f38d214fa,-1,-1
41428,Fryght,-1,-1
41429,IS1d7e922401805b9559d1a,-1,-1
41430,IS1ab8e78590f0292c5921c,-1,-1
41431,IS1474da1cfe0dce858c8df,-1,-1
41432,IS1a247a9bafffd5f4db436,-1,-1
41433,TheDisturbed1,-1,-1
41434,IS1b44dce2a0d8eb790e9f5,-1,-1
41435,serendipetey,-1,-1
41436,JerrytheBerry,-1,-1
41437,IS10359562d12342f8e5950,-1,-1
41438,IS1151087c1e1121fd67ecb,-1,-1
41439,Z2 Perrep,-1,-1
41440,fast2gg,-1,-1
41441,IS1b989efb7af037283c179,-1,-1
41442,miggzzz,-1,-1
41443,HZycA7rOME,-1,-1
41444,IS1aa950e99e851fc930d35,-1,-1
41445,Blaagon,-1,-1
41446,IS19c23b1a4830a85a8c1a3,-1,-1
41447,Moe Lest3r,-1,-1
41448,OutLawZ,-1,-1
41449,IS1309576b65b66bdb6f21b,-1,-1
41450,BeowolfVH,-1,-1
41451,IS1b9d27470d6a7b5ae69f2,-1,-1
41452,IS11354b5e35a662b18b9e0,-1,-1
41453,nutCollectoR,-1,-1
41454,IS1c1a1470030ea55c08eef,-1,-1
41455,Steer,-1,-1
41456,IS11111a99a8b8a7a6b58b1,-1,-1
41457,IS13870034130c5e2eb6ce8,-1,-1
41458,MrBonder,-1,-1
41459,Zeriel,-1,-1
41460,IS100aadf6f4a087ea182f9,-1,-1
41461,Shoujuu,-1,-1
41462,IS1647fae51dcb8e89535a1,-1,-1
41463,OishiRamen,-1,-1
41464,IS16fd32aa81a6474446181,-1,-1
41465,IS122d10baf026c4b5e9648,-1,-1
41466,IS1a3cd05a4ebe62be25e08,-1,-1
41467,FarmyardCamper,-1,-1
41468,Wv41EegwYd,-1,-1
41469,IS18b7b8be80650b1867660,-1,-1
41470,IS1e96fee03e21ca08d898d,-1,-1
41471,IS1000ba76112982bb47dc2,-1,-1
41472,IS17d06ecbe9aa11e6f1229,-1,-1
41473,IS13b64072fcde33fd4b38f,-1,-1
41474,IS113ebe9c87327f949f3a8,-1,-1
41475,IS16848708c7f446f121039,-1,-1
41476,IS1fa65a63dfff0d83eff27,-1,-1
41477,IS149dd8bd48d8da385fed9,-1,-1
41478,IS1d5272135dbbebe6afc00,-1,-1
41479,Vt7xQLYVNN,-1,-1
41480,Beclaws,-1,-1
41481,b1ade,-1,-1
41482,IS1d321f2ed4c02b7a5d15f,-1,-1
41483,IS1cbf8e862643faac6a735,-1,-1
41484,wtfnoname010,-1,-1
41485,Alevosia,-1,-1
41486,FagelBagel,-1,-1
41487,IS1dc9146e752ec559a9b06,-1,-1
41488,IS1de1acf07bb4d830a5ae5,-1,-1
41489,IS117d05ca411753d923463,-1,-1
41490,IS11f076a994924fb764ee3,-1,-1
41491,IS183780072ada1301e9773,-1,-1
41492,IS1f0240029227f58bdb4ae,-1,-1
41493,Q0y442LKIX,-1,-1
41494,Vindicoth,-1,-1
41495,IS19af3b508ed528516b86c,-1,-1
41496,Azure Breeze,-1,-1
41497,IS117be399b9f519b8dd9e3,-1,-1
41498,Poachy,-1,-1
41499,79PMpUc2lN,-1,-1
41500,siLM3kU4a8,-1,-1
41501,IS18b3d1e7ee6daca9679cc,-1,-1
41502,IS1eb4c893ffac1981e0998,-1,-1
41503,5XpSyw49vU,-1,-1
41504,youaremyniggy,-1,-1
41505,IS1089ddeacfa66b84ffb66,-1,-1
41506,IS15c9328447be871147cac,-1,-1
41507,Ninj44ss4sin,-1,-1
41508,IS102e5a4b412400ebb2307,-1,-1
41509,KamiDaHobo,-1,-1
41510,IS16ec0ef94f5cf05b5ebf1,-1,-1
41511,IS1167f807fe272bc65c61b,-1,-1
41512,IS152005b8a21d538aaee23,-1,-1
41513,Tenchin,-1,-1
41514,IS1b0bd99706d4f2aea61c9,-1,-1
41515,IS1ce2c0fdef2dea3a2279f,-1,-1
41516,Psycorrival,-1,-1
41517,IS12a1832617ebaa73df373,-1,-1
41518,IS125ba50cef5673fbba42f,-1,-1
41519,IS13b13d31e7d34d6f1c767,-1,-1
41520,IS1f0aa281740223ac99e7f,-1,-1
41521,mmmonsterkill,-1,-1
41522,IS168f72f9588a3499daf1b,-1,-1
41523,IS14a1d31b0319c30437bdd,-1,-1
41524,Linden Ryuujin,-1,-1
41525,WSLf4aYVqv,-1,-1
41526,IS10fd542868299c00e8091,-1,-1
41527,IS10ea2ce012c7ba202f373,-1,-1
41528,kymitten,-1,-1
41529,Arialfont,-1,-1
41530,RenoStark,-1,-1
41531,Lilly Bot,-1,-1
41532,BlackRoc,-1,-1
41533,IS1850d108a5014d1f3fe6c,-1,-1
41534,PG SADO069,-1,-1
41535,IS17128934c0b239a2e49b3,-1,-1
41536,IS1478f1678ad15543ce20a,-1,-1
41537,Nequator,-1,-1
41538,IS1890d2aebb38af6375722,-1,-1
41539,IS1269471bca76837fc25d5,-1,-1
41540,IS13463e81b85b1f577993e,-1,-1
41541,IS1731e8a2072bfad782fdd,-1,-1
41542,IS15b132fa8db59fcf73abc,-1,-1
41543,RBnV6yISEV,-1,-1
41544,IS1c566de8d91cb6fe6ca5d,-1,-1
41545,kazeshi,-1,-1
41546,IS1c362c7276f81fa81baf9,-1,-1
41547,4jtPBVD3Mf,-1,-1
41548,EwwgheBsrghdldwe,-1,-1
41549,IS1d6cd719ffae73bd4190a,-1,-1
41550,IS1413bbda1eae8e208f0b5,-1,-1
41551,PTheOreo,-1,-1
41552,IS1563109547ec289770553,-1,-1
41553,IS1cdc1eeabcbc6f5bc41c6,-1,-1
41554,IS14420941d28a3e51a11e4,-1,-1
41555,IS132281c7367aea1f0d1cf,-1,-1
41556,Nathrin,-1,-1
41557,nVId,-1,-1
41558,IS11ab3daeaa1ad9ce4453a,-1,-1
41559,IS163b2200bdf7edf808468,-1,-1
41560,IS1fee17168371de158f85c,-1,-1
41561,Lyuck,-1,-1
41562,Bravelie,-1,-1
41563,PwNakahn,-1,-1
41564,IS158e3299ad2a1f4e7c2bf,-1,-1
41565,IS1d58357ffc4aa7cf5e88f,-1,-1
41566,IS1a276308c2756f5afd601,-1,-1
41567,IS1d60816ee8a12d629c2df,-1,-1
41568,IS1937ac2facf3a72263b7f,-1,-1
41569,IS1802a02e0093561aa2ea2,-1,-1
41570,IS1b98b734c11d7c4f7683f,-1,-1
41571,IS1142bab1371cbfc574079,-1,-1
41572,Sahre,-1,-1
41573,IS1063d8aa8f9b6c0b621af,-1,-1
41574,IS11f1f43e55d4e857174ca,-1,-1
41575,Exiis,-1,-1
41576,IS1c253f6dda3144cd11ede,-1,-1
41577,IS1343cd204cb698a6e8079,-1,-1
41578,IS1f729f588d6c82cf022c1,-1,-1
41579,IS18f31d5beceb922d6b826,-1,-1
41580,IS1dbb5468f6b6bcabaeb4c,-1,-1
41581,Desu X,-1,-1
41582,Rikuj,-1,-1
41583,IS190fbc29026916155dec2,-1,-1
41584,IS1dede103776413d997716,-1,-1
41585,IS13421411d85f2e98fde24,-1,-1
41586,IS140a2c6c88d27bd653be8,-1,-1
41587,IS17ade3b0fe1982583e746,-1,-1
41588,IS1c2c3c3e762672db97b66,-1,-1
41589,IS1c890f6fd1f296422a4cb,-1,-1
41590,IS13e9904d2f172e96ae8c8,-1,-1
41591,pegglegg,-1,-1
41592,IS1448403ae19b730a6da78,-1,-1
41593,IS11e631d7f51ba246d0acb,-1,-1
41594,IS1fd512775641c66f368ea,-1,-1
41595,IS1b844317d858f00d0518e,-1,-1
41596,DamageFish,-1,-1
41597,Deepjay,-1,-1
41598,Ephedrin,-1,-1
41599,IS158cc9cb768fe36feba61,-1,-1
41600,IS1d856a6f3a37f87db1eae,-1,-1
41601,xarthas417,-1,-1
41602,IS1886393773450dda98b3a,-1,-1
41603,IS19b790f80d1d1eaebbe9c,-1,-1
41604,IS177ad7d6fa37335e1d101,-1,-1
41605,IS1f7699a2fca1addf6a105,-1,-1
41606,IS1144f65ef1ae5f5063bf9,-1,-1
41607,IS190a19bdf92b9da1bb193,-1,-1
41608,IS1aa236c51def04f2d5953,-1,-1
41609,IS1c3ee74f44c7f608f57e5,-1,-1
41610,Nuwonga,-1,-1
41611,IS1d0691f41d025e5a28a0c,-1,-1
41612,Shinfreekz,-1,-1
41613,IS1fe5d7cec065e10bd1344,-1,-1
41614,IS1084597b3f94687c12fe8,-1,-1
41615,IS11c31e29c857faa651872,-1,-1
41616,IS17135fe2969a3034a4d80,-1,-1
41617,IS113d324faef063f958166,-1,-1
41618,IS1ee2edfa3cc67ecefc35a,-1,-1
41619,IS1167ba97045a1fe957626,-1,-1
41620,FingerFactor,-1,-1
41621,IS11d1d04536bc3010a05e6,-1,-1
41622,Catwoman,-1,-1
41623,CMFB,-1,-1
41624,P8kFkDxUJi,-1,-1
41625,IS157626dbbe772558dfce4,-1,-1
41626,IS16ce122ca050041e1546f,-1,-1
41627,IS17f80b26fb7079b0f7fe4,-1,-1
41628,Dirtykilla,-1,-1
41629,IS185a2fa2fe57a7614e1af,-1,-1
41630,IS15a62e4198bf3a3f4d373,-1,-1
41631,News,-1,-1
41632,Dunk Lord,-1,-1
41633,IS1d05681c41964cd161908,-1,-1
41634,IS1b1ae1af5d517d9d68f5a,-1,-1
41635,Shenzhe,-1,-1
41636,Chantry,-1,-1
41637,IS13bf73f0342030d3a00ce,-1,-1
41638,ezekielstar,-1,-1
41639,Neubit,-1,-1
41640,IS17675c4b4fffa348f0e16,-1,-1
41641,IS191e81f42c162bc8e30d5,-1,-1
41642,IHNKIp8Cqv,-1,-1
41643,ExplosiveTurtlee,-1,-1
41644,IS13c2e7d14b5f5a39ec7f0,-1,-1
41645,IS17792fe7b39da2a2819fc,-1,-1
41646,IS14ae858b60ed5be482161,-1,-1
41647,IS1a491484d0c2c50ead9e8,-1,-1
41648,IS10d826b366bc1ba92e665,-1,-1
41649,Acidiczen,-1,-1
41650,pwnermike,-1,-1
41651,mestaritikku,-1,-1
41652,VwkUAipylK,-1,-1
41653,turtleflop,-1,-1
41654,Nerogero,-1,-1
41655,IS1708334ab580a299f1ef6,-1,-1
41656,IS193ad08a177ae924f626d,-1,-1
41657,IS1375abfd1b271744cf74d,-1,-1
41658,Exil3402,-1,-1
41659,philbertde,-1,-1
41660,IS13caab1c3ba63169e360c,-1,-1
41661,Lojikbmb,-1,-1
41662,IS1c4ead942672b113f81c2,-1,-1
41663,IS1f8a44325d3507066d10d,-1,-1
41664,Tecrogue,-1,-1
41665,IS1c07b84f60965327751a3,-1,-1
41666,IS17d8921928f3ab3112bf7,-1,-1
41667,IS1cf8c785e2b05c5ba1bd9,-1,-1
41668,IS183485e79899dd53e8b24,-1,-1
41669,IS1c4488fd53630c7e5e91d,-1,-1
41670,IS19ed0555666c4ffd14ab1,-1,-1
41671,IS17ee546f08c7b17837400,-1,-1
41672,IS1668ff30498f5e81d133f,-1,-1
41673,IS15f5cfd65538bc280df52,-1,-1
41674,IS140b5093abdba27ab6e07,-1,-1
41675,remgen1,-1,-1
41676,7Ij5BYwC76,-1,-1
41677,IS1434410519234173933fc,-1,-1
41678,IS122535366c91a35c0dc7e,-1,-1
41679,IS148679bcd242869fa8015,-1,-1
41680,IS114045b0a883b9d5c7f2e,-1,-1
41681,IS1ddbce31739833d5d60af,-1,-1
41682,IS1ccfce8548f314d6c1ec3,-1,-1
41683,Hazal,-1,-1
41684,Pennyroyal,-1,-1
41685,TheHecticOne,-1,-1
41686,IS1b79d52f54dc8961fb158,-1,-1
41687,IS15c459f593e973732f87e,-1,-1
41688,ZGBudai,-1,-1
41689,IS1c1e5f35addcbaeacf715,-1,-1
41690,IS1a4e7bf1de14fe953edad,-1,-1
41691,IS1d4032f5ba881340db020,-1,-1
41692,IS14c0a7440f8e34a98a6f9,-1,-1
41693,IS12788295776041bac69b8,-1,-1
41694,IS157afaac780c744ce186e,-1,-1
41695,IS15a33944faa283911a623,-1,-1
41696,Oriss,-1,-1
41697,IS16940a16de33ab2e8008c,-1,-1
41698,IS114b293b9bf62f72db6bb,-1,-1
41699,New2LoL,-1,-1
41700,MrJimmie Rustler,-1,-1
41701,IS1c65ce5fa816a4c34f8f0,-1,-1
41702,v4hUJ1WXHl,-1,-1
41703,IS195f31142a0f006484817,-1,-1
41704,IS1a454fe34abc4cad8c357,-1,-1
41705,IS10c93bf46e2c545a9b7af,-1,-1
41706,IS156aced63b34a97e6df0c,-1,-1
41707,they see me roll,-1,-1
41708,W0xYN8VHNZ,-1,-1
41709,IS14d8a172c5782288d5069,-1,-1
41710,IS1c27697759e87b2c8939e,-1,-1
41711,VOoDOoX,-1,-1
41712,IS1ffe8c16939b9834d2536,-1,-1
41713,Vanilla Slice,-1,-1
41714,BelialX,-1,-1
41715,IS17cf001751decb2397038,-1,-1
41716,IS1457298be2f3ffc1831d0,-1,-1
41717,SinnedMad,-1,-1
41718,VOoDOoMaru,-1,-1
41719,NightHawk1337,-1,-1
41720,SureShot,-1,-1
41721,Marceus,-1,-1
41722,IS14fcae728d47945c83eee,-1,-1
41723,PieceOCake,-1,-1
41724,BRONZE FlVE,-1,-1
41725,IS1786ea457f6631a67dd04,-1,-1
41726,NinjaNun,-1,-1
41727,IS16fd484703a820557b412,-1,-1
41728,IS1eaa93200d05f786405ee,-1,-1
41729,IS1c2ebd5ad42e5477e5d8f,-1,-1
41730,DyliciousXD,-1,-1
41731,IS117aa719e565537c1006c,-1,-1
41732,greenbaron,-1,-1
41733,IS197bcca96d018127e66f3,-1,-1
41734,IS108f6ace8f51f4634197b,-1,-1
41735,IS14623e5ef92e6c6f0f7d9,-1,-1
41736,IS187a2605a386d6cd58cec,-1,-1
41737,IS15e4cc73b796979789a7f,-1,-1
41738,IS1f1050a8a57e5ead9a43c,-1,-1
41739,IS123f94de3e8e76106008f,-1,-1
41740,IS178c5b1dd3cbca0ce4ea7,-1,-1
41741,IS146ce13c5157ff4d0c1e6,-1,-1
41742,Deomodin,-1,-1
41743,Sire Malta,-1,-1
41744,IS198a4b146a5a81e0a6450,-1,-1
41745,Raptrex,-1,-1
41746,IS14a9bccf96940b4b3960f,-1,-1
41747,IS11e6f8a4c4aea8d7e48c0,-1,-1
41748,IS19c7a29511c6110bdc575,-1,-1
41749,IS1ad44bae25939fbc1ab8a,-1,-1
41750,IS164c0b4ee1872b3a3968c,-1,-1
41751,Stimblefaud,-1,-1
41752,IS15d273b864de2ed69058f,-1,-1
41753,IS1156329c2b59da92dcca1,-1,-1
41754,Beemerpal,-1,-1
41755,alasqalol,-1,-1
41756,IS18db19e1ff3993c120902,-1,-1
41757,Pipalonias,-1,-1
41758,IS1c6ad38c489e252d0aded,-1,-1
41759,IS1474dc5c342c48b254df2,-1,-1
41760,IS1c936d40a3a927872bef3,-1,-1
41761,pingosimon,-1,-1
41762,IS165d4e7858af08b345bed,-1,-1
41763,BoringAlbatross,-1,-1
41764,IS1f77758e70c6cac2daa45,-1,-1
41765,IS17ef6d2ac4aed28de3ccc,-1,-1
41766,IS1a48299c2643a38de39c8,-1,-1
41767,IS1b11480ddf8a9b480eca8,-1,-1
41768,IS10290ae574b3a3873cfef,-1,-1
41769,IS145ad1032ab9068c20b28,-1,-1
41770,IS10064d49727814426bb6e,-1,-1
41771,I09wQAHl0T,-1,-1
41772,chaoswake,-1,-1
41773,IS18b5734f0a027f59f0a58,-1,-1
41774,HrmxW2NsIl,-1,-1
41775,IS1c15274939173e5c20799,-1,-1
41776,IS1fdb7170528628492bf56,-1,-1
41777,IS15dd1ad978de168e17dea,-1,-1
41778,Mohanri,-1,-1
41779,IS17745602db2ec99fc3c66,-1,-1
41780,LevelE,-1,-1
41781,IS1a1ffbc6263cda396b05a,-1,-1
41782,IS180925973c64d6e0f28a6,-1,-1
41783,IS1b9779f69359d946fcb41,-1,-1
41784,Red Wine,-1,-1
41785,IS10f4e71dc61c5231975af,-1,-1
41786,IS1cfe849b8c993bcbbed3f,-1,-1
41787,IS18ebee546fa2dc1db6945,-1,-1
41788,IS1fc18664a5064c36c96ba,-1,-1
41789,IS10a38874efc696ec1ad26,-1,-1
41790,Saifudeen,-1,-1
41791,Hopple,-1,-1
41792,IS10088b994526b21057921,-1,-1
41793,IS136efc3dcf44e58bde2a8,-1,-1
41794,IS163a549444e51c074a503,-1,-1
41795,IS142b153a40f2395a98acb,-1,-1
41796,IS13d00a2563b3165e730f3,-1,-1
41797,IS158c1ea5f46f053e871b5,-1,-1
41798,IS1637fb5decaa848a20d1c,-1,-1
41799,Break16,-1,-1
41800,F1IiiWcs4e,-1,-1
41801,IS1e99381090b48365c0740,-1,-1
41802,IS1a55ffd228fc505045645,-1,-1
41803,mank0,-1,-1
41804,IS1a119c3fe913af5446ad9,-1,-1
41805,IS10daee55b64d39c7bae30,-1,-1
41806,IS18b69887e6b0f52bfe9b9,-1,-1
41807,Oweenie,-1,-1
41808,Beachman,-1,-1
41809,GrimRoK,-1,-1
41810,Orix,-1,-1
41811,Avrex,-1,-1
41812,IS18e753d95bc8c5c219f6d,-1,-1
41813,Varthrias,-1,-1
41814,IS19cc7c96b287b186b03c9,-1,-1
41815,IS103e5fb5dbd6ae08d1e7b,-1,-1
41816,IS1b009cb093db33d20b5ad,-1,-1
41817,IS1c5f2cce994905863c956,-1,-1
41818,IS17c79d7d430463fa6af8f,-1,-1
41819,IS138ba989ffb36122e5325,-1,-1
41820,IS197fb5b843e80926dbc0a,-1,-1
41821,IS1d6e59766f52df5d95881,-1,-1
41822,IS1500279c0333be551037a,-1,-1
41823,IS1c579c90c05de205a2b63,-1,-1
41824,UglySnowMan,-1,-1
41825,i roll faces,-1,-1
41826,IS1309462b2c43d90482bed,-1,-1
41827,Zilac,-1,-1
41828,IS19d50cf2224bb52890be8,-1,-1
41829,IS10c447c15f66e0aab9785,-1,-1
41830,IS18f759a5a4d74ba44aebb,-1,-1
41831,toBwD5XX69,-1,-1
41832,IS1b949f824993846c68dba,-1,-1
41833,IS1cc27c69257a8b9d4ed1d,-1,-1
41834,Stark Avenger,-1,-1
41835,CakeOMG,-1,-1
41836,IS1d062bea48a0172f8025f,-1,-1
41837,El Gallo Blanco,-1,-1
41838,IS1b39a6f55078d71a117ef,-1,-1
41839,IS1c0321b45c98540856387,-1,-1
41840,IS1a16259a2ead6c914e260,-1,-1
41841,IS1cfaa7f6e627ed1679c1b,-1,-1
41842,IS15783630e8bbe933d9db4,-1,-1
41843,Krish,-1,-1
41844,IS1176d5fa2124ce62d35a2,-1,-1
41845,IS1e7734c0262933e6e73d3,-1,-1
41846,IS1f1af0eee5d6d29c26672,-1,-1
41847,Heidevolk,-1,-1
41848,Nihilism,-1,-1
41849,givenugahug,-1,-1
41850,The Chocolate Man,-1,-1
41851,IS1857bdb8e63a873d5afd7,-1,-1
41852,IS1da9d73a22dbeaac47e8f,-1,-1
41853,IS1fc6d9ce464e51d3a81d4,-1,-1
41854,IS165a224d92b60241a2aa0,-1,-1
41855,Morgoroth,-1,-1
41856,IS1e24dd459f2d439fae30c,-1,-1
41857,IS1e007e30a3ee36ab8652b,-1,-1
41858,C6BLXvhaGA,-1,-1
41859,Shadowfred,-1,-1
41860,2wSmnjT1K2,-1,-1
41861,IS1024b5edc57f1c45fda15,-1,-1
41862,TsunamiSukoto,-1,-1
41863,k6EypRPdtx,-1,-1
41864,IS15887bc4b815080e58a00,-1,-1
41865,Kalish,-1,-1
41866,IS14f3dd324eee36d82d4d0,-1,-1
41867,IS1b5eb6113a585d1502e73,-1,-1
41868,Vivid862,-1,-1
41869,IS1c017e618ab7ec99c2308,-1,-1
41870,IS1b916be79cd1f98a95840,-1,-1
41871,IS16549303715af6230a539,-1,-1
41872,Xepui,-1,-1
41873,Wo11kodaw,-1,-1
41874,IS17fb6100fd36c3c32aae0,-1,-1
41875,IS1bfed72e2c74061557552,-1,-1
41876,cOYQqYnm04,-1,-1
41877,qG7XsSKgQS,-1,-1
41878,Kaishi,-1,-1
41879,IS16f5058a1fd05cdbeaa94,-1,-1
41880,Tenchi,-1,-1
41881,Searias,-1,-1
41882,IS1b9de9c196acf4818e96e,-1,-1
41883,Nalio,-1,-1
41884,prohobo,-1,-1
41885,selden,-1,-1
41886,IS10bf9a783d8f6b7af9abc,-1,-1
41887,IS1301843f185df549d40bf,-1,-1
41888,IS1cce63388a2ec80598c08,-1,-1
41889,cprghssehsdbldre,-1,-1
41890,Nikwing,-1,-1
41891,Granddesign,-1,-1
41892,IS15ed901b89301924c0830,-1,-1
41893,IS1b12f7bb928cb81f8f1bf,-1,-1
41894,IS1cb8f67af5921c0765664,-1,-1
41895,xspPBTw99B,-1,-1
41896,IS17fbba65a900aebc41c1a,-1,-1
41897,IS124d9a8953ab9263fb782,-1,-1
41898,Kyotetsu,-1,-1
41899,jonan,-1,-1
41900,IS14bf3e8e608a495066165,-1,-1
41901,IS19210011e050871fa3570,-1,-1
41902,IS1d18e98f1f795e4cc1f9c,-1,-1
41903,IS15effb12ca78354f06d18,-1,-1
41904,IS14077dca5ad293a3a7247,-1,-1
41905,IS1d0dd96c1b91d39e73d38,-1,-1
41906,IS12fb211a2c4e90e663447,-1,-1
41907,IS11e4415ce964959278c45,-1,-1
41908,IS10f17a7af733b697ad848,-1,-1
41909,IS160ef0110b01a23ab04a3,-1,-1
41910,IS1964562747384def59cc4,-1,-1
41911,IS1c41a2ddceb9bf7a5c848,-1,-1
41912,Hakubi,-1,-1
41913,IS14b67f926aab284e155ec,-1,-1
41914,Chimpwnzee,-1,-1
41915,IS1a2b3f857680a8fbb5b4f,-1,-1
41916,IS1f8cd9091408b15570f14,-1,-1
41917,IS105d52fe110c91ab161bf,-1,-1
41918,IS16cabefd299853e768bf7,-1,-1
41919,Zwei rosa Pferde,-1,-1
41920,Midblade,-1,-1
41921,Shaminatorr,-1,-1
41922,IS1d8fb741fade9be0b8ab1,-1,-1
41923,IS1eb73bbe65de3a54274f0,-1,-1
41924,IS158907dac3f1c08d9b4f0,-1,-1
41925,IS18cdf7ede68f294ff2cdf,-1,-1
41926,Nthanel,-1,-1
41927,IS1248e9ca5d648856a6cba,-1,-1
41928,IS1c75847db39802a8989bd,-1,-1
41929,jurrrr,-1,-1
41930,IS1ffcbdea03690ea7db2b8,-1,-1
41931,wqe qwe qw eqw e,-1,-1
41932,IS168ddbc0a8173ebbf1670,-1,-1
41933,IS1a98ed9f66691406245a5,-1,-1
41934,IS19483291132f222606ccf,-1,-1
41935,IS154c893b46f6325a2d2df,-1,-1
41936,Punchbowl,-1,-1
41937,IS193d835eb22780be7327f,-1,-1
41938,markiej2,-1,-1
41939,IS149c73fe99086157110e2,-1,-1
41940,IS1a8b3c93a9379d581146a,-1,-1
41941,CG Myster,-1,-1
41942,IS1f72196d92ae1eab2580f,-1,-1
41943,IS188f2bdbbbcbee8af2466,-1,-1
41944,Witted,-1,-1
41945,Cheeryohs,-1,-1
41946,IS184c9733f83e50dedbc7d,-1,-1
41947,IS145b8b95ec55deaa076ba,-1,-1
41948,IS1214ff4f97985c6227cfd,-1,-1
41949,IS14589f654dca78ae78da3,-1,-1
41950,IS1bc5b912ebb242fe8821b,-1,-1
41951,IS14723c66155489ecfaea0,-1,-1
41952,IS1870c9906ec0b81f3e22c,-1,-1
41953,Memon,-1,-1
41954,Kinkos,-1,-1
41955,mospeed,-1,-1
41956,IS1a40075f63c5058684420,-1,-1
41957,IS1425e1563e19b836581f4,-1,-1
41958,Ibelacan,-1,-1
41959,Dr Imp,-1,-1
41960,IS1288181b5454f0acceabf,-1,-1
41961,dabe2,-1,-1
41962,OLkhAD4OGP,-1,-1
41963,LangDu,-1,-1
41964,IS19516fa77f94da4af98e9,-1,-1
41965,VOoDOoA,-1,-1
41966,Merwen,-1,-1
41967,IS1084e09524a37d5e46f93,-1,-1
41968,IS14fba3f4e6e64adf8532c,-1,-1
41969,IS118557692720f8a56af4e,-1,-1
41970,Kristofenpheiffer,-1,-1
41971,Erakyu,-1,-1
41972,Darknuke,-1,-1
41973,aullinar,-1,-1
41974,Exia675,-1,-1
41975,IS1a2c515ecadd7fd077bc6,-1,-1
41976,eeeBz,-1,-1
41977,IS1cf56fd005e745f960c81,-1,-1
41978,IS1f5d1be557f71e67bfd14,-1,-1
41979,IS1680339bb84ca6ad55267,-1,-1
41980,MarIzweaver,-1,-1
41981,IS1c2a9ffe87be7d361a5c9,-1,-1
41982,IS1042936090355ff6ceff1,-1,-1
41983,IS15ad7e2fa873c8c8c0383,-1,-1
41984,cometodru,-1,-1
41985,Arista,-1,-1
41986,Gankaloth,-1,-1
41987,IS17a49b8e5bac839ced4e9,-1,-1
41988,IS193701a7e77def38d370f,-1,-1
41989,IS113cb9bdc841e7487fcdb,-1,-1
41990,IS10eb041a3468436e20b84,-1,-1
41991,IS146e383b404bc3e5cab85,-1,-1
41992,IS17ac35f7fc4801fa1636c,-1,-1
41993,IS15d128e110548679cb4a7,-1,-1
41994,IS152728640f0ec8c386303,-1,-1
41995,IS15ff393c2b4a3f80c104d,-1,-1
41996,Pmac2k5,-1,-1
41997,IS14289410e43ee1cc27373,-1,-1
41998,Colaba,-1,-1
41999,IS1aa0e319b58e923e99fe3,-1,-1
