42000,IS113e29718b9b4df53de52,-1,-1
42001,IS12511de6aaefc613b7aeb,-1,-1
42002,IS195432bb97bec7061f467,-1,-1
42003,IS1370acb2fc278b3cb64fd,-1,-1
42004,amammama,-1,-1
42005,YDQDPfvzT8,-1,-1
42006,IS167d46407382b151e07c0,-1,-1
42007,IS15a7eeac2a0391b08294e,-1,-1
42008,IS15ba7bc4d35105d2aaa62,-1,-1
42009,IS12216a378ad009c990156,-1,-1
42010,Pete278,-1,-1
42011,IS1c44bcd724270bc61f703,-1,-1
42012,IS13ebcd826cbc3a77db735,-1,-1
42013,IS1660c0a49fe947c7585a2,-1,-1
42014,Watashi Wa Katsu,-1,-1
42015,IS1ee302b6e324e1080f523,-1,-1
42016,IS17249daa0ba08def28060,-1,-1
42017,IS1cccc0d5f369ad7c55064,-1,-1
42018,IS1c19fe17b96ab3d174336,-1,-1
42019,IS1844e654110a341cb111c,-1,-1
42020,Venkster,-1,-1
42021,maryjoowanna,-1,-1
42022,IS14c6b4a0d13c44bd922d8,-1,-1
42023,Corruptroy,-1,-1
42024,IS12c3bd1548d2a8226035d,-1,-1
42025,Batman82,-1,-1
42026,Dr490nS,-1,-1
42027,IS1fc4548282b09b8a0294a,-1,-1
42028,IS1e748071e865d034a62b5,-1,-1
42029,IS1dafb0adc932f95c72407,-1,-1
42030,SECRVWPG1,-1,-1
42031,IS131c428c82fc3edac9618,-1,-1
42032,IS1e0b6ecfd7e7ae641639c,-1,-1
42033,IS167f8c1e3db85cf9c23eb,-1,-1
42034,MALARKIE,-1,-1
42035,halins,-1,-1
42036,IS19498af0cd35020c14f43,-1,-1
42037,IS158a45022163f906bdc0c,-1,-1
42038,Kasheem,-1,-1
42039,IS16a6483f8c9e4c5551ba6,-1,-1
42040,IS15a0b01df2814e68213f0,-1,-1
42041,d4rKn3s5z,-1,-1
42042,Lord Gorilla,-1,-1
42043,IS13465a283b77763a4c776,-1,-1
42044,IS1427e74c6688774f4e2e7,-1,-1
42045,My D To Ya Face,-1,-1
42046,Xelicon,-1,-1
42047,IS1427422aba9f58eb9188a,-1,-1
42048,oOwFq7y0Xr,-1,-1
42049,JudokaPower,-1,-1
42050,IS14d32f5ba7f6d17a55d5c,-1,-1
42051,IS1093c5cf8e181a795ba8d,-1,-1
42052,pòpe,-1,-1
42053,IS1abdbd6b5d2e7cf43b72c,-1,-1
42054,IS1e0eca6ff5bb7838f1107,-1,-1
42055,TMFB,-1,-1
42056,IS18d5eb3e189df44f925a2,-1,-1
42057,IS1a316ebade3f07fa04899,-1,-1
42058,IS101bdd710e19cd30e4999,-1,-1
42059,IS109c3aa7ea3aceab71cd8,-1,-1
42060,Maxy Balls,-1,-1
42061,IS1c2bec3f885f43ffcc11e,-1,-1
42062,Zorlok,-1,-1
42063,IS1073e2d4ac9828ee87625,-1,-1
42064,IS1b37cd310b1643497d6d6,-1,-1
42065,IS11bfba324f22ba9203446,-1,-1
42066,98416531,-1,-1
42067,dtmscan,-1,-1
42068,IS1de4abccff6e0dea36f6e,-1,-1
42069,dragon38,-1,-1
42070,IS10c26076d191daf185a31,-1,-1
42071,Z2 Nedia,-1,-1
42072,Muanh,-1,-1
42073,IS1ee146261de6196119c09,-1,-1
42074,IS1fb477659ba48277446de,-1,-1
42075,IS1bbd99c610545f73b64c9,-1,-1
42076,Aegd,-1,-1
42077,IS14e14170492f54032c321,-1,-1
42078,IS1aa79bd26e09fc8aae3eb,-1,-1
42079,IS114f0b7d96bb3cc7f4bd0,-1,-1
42080,vKceDG3Q5u,-1,-1
42081,d5MH6Y0N0d,-1,-1
42082,IS1714466204c0b30de3f62,-1,-1
42083,MyFleetingDream,-1,-1
42084,IS19b54af7233588f4f2c06,-1,-1
42085,Schwarzwald,-1,-1
42086,IS134b99f4a66da707e504f,-1,-1
42087,Snoofercles,-1,-1
42088,IS18cb96041b1c5f6361bdf,-1,-1
42089,IS16228ba38c36e766ed769,-1,-1
42090,IS1d40182183463232e2162,-1,-1
42091,ILoveCuteStuff,-1,-1
42092,IS12f3d8e72ecfcf99daee1,-1,-1
42093,BAbrQaCGuN,-1,-1
42094,IS17f0728ded0071acf3fcc,-1,-1
42095,IS126443b4652fd1f63de04,-1,-1
42096,StarOfTodaysGame,-1,-1
42097,IS16a89e2614f339f909549,-1,-1
42098,IS1a1b40582d2d385aeb8bb,-1,-1
42099,IS1a024c0f3bf4689e76e7b,-1,-1
42100,Blumpkin Norris,-1,-1
42101,Razor 3228,-1,-1
42102,Barbapapa,-1,-1
42103,Feldruebe,-1,-1
42104,IS19adc5b0b44b82be77b5b,-1,-1
42105,AucteaMoaa,-1,-1
42106,IS146e88e01e744a7c55e01,-1,-1
42107,olwepp,-1,-1
42108,IS12c080f67e881052c7c84,-1,-1
42109,Aukoichu,-1,-1
42110,IS120d4ad8a4fc4e1f054f3,-1,-1
42111,IS1fd5845e1a0bcef4ce5e8,-1,-1
42112,IS1cc9141c9fbedc9a1eea0,-1,-1
42113,pencilcheck,-1,-1
42114,IS16e7ce5ad33bb1c1efd01,-1,-1
42115,Thriplesix,-1,-1
42116,hughmanwho,-1,-1
42117,MLxze8VnUe,-1,-1
42118,DarkSephX,-1,-1
42119,IS11634b2ff56120742a8bf,-1,-1
42120,RyoIith,-1,-1
42121,IS1d6f78296e2daf6614fb5,-1,-1
42122,IS173d9e0edc3a581ef17b0,-1,-1
42123,IS175a36f18185567aa8ea1,-1,-1
42124,IS19d284a93d3c0223448d3,-1,-1
42125,IS167ec2121a73e2132604b,-1,-1
42126,Kabelis,-1,-1
42127,Baitah,-1,-1
42128,IS1c08e5b8001772876a9ae,-1,-1
42129,IS1817b064632fded168e35,-1,-1
42130,IS12ea55efd28991c653dc0,-1,-1
42131,IS1e81ef0b4b76c2feb1a2a,-1,-1
42132,IS1d9e9e21d26be210caa7f,-1,-1
42133,randeh,-1,-1
42134,IS10b0327f475f174615752,-1,-1
42135,IS14f9e433288413ca88828,-1,-1
42136,SunBhie,-1,-1
42137,IS150938e8780e98f23bd1e,-1,-1
42138,ImpoliteLOL,-1,-1
42139,IS1d695950512f5c6832b6b,-1,-1
42140,IS1337853019cef1eab2b3c,-1,-1
42141,IS10994483871689f56d98c,-1,-1
42142,IS1470e35037dad7c698dbc,-1,-1
42143,IS124e77696c8cb5ad21bf1,-1,-1
42144,ThoricFrame,-1,-1
42145,IS1f629bb900d7a38b2dc48,-1,-1
42146,adorksayswhat,-1,-1
42147,IS10cb99c82df186d88b182,-1,-1
42148,ActualWanderflux,-1,-1
42149,IS1ef4921b6dc5cdde84e5b,-1,-1
42150,IS104077f64ad083665abb0,-1,-1
42151,IS113c13a8025b93e6803e3,-1,-1
42152,nerullzor928,-1,-1
42153,IS135e0b862ae12245c8906,-1,-1
42154,IS1fd28d757834ac32c0d60,-1,-1
42155,Zoktavir,-1,-1
42156,IS1f2ab695c54ff3651e835,-1,-1
42157,IS1682b3ce7e0b9f39bed89,-1,-1
42158,IS1ce57b3c026e6c15671cd,-1,-1
42159,IS1e634f6e2993408674fce,-1,-1
42160,IS114517d01abe505f76da9,-1,-1
42161,HeyUitsMe,-1,-1
42162,IS131ba24fbeaf043de3d0d,-1,-1
42163,IS1dbc8cd10add58111dfa7,-1,-1
42164,serotoninzero,-1,-1
42165,IS13b4c3eaf7caec3c66381,-1,-1
42166,Wascha,-1,-1
42167,IS130b534daf0ec5564013b,-1,-1
42168,IS1b20fecd0d76902990f0b,-1,-1
42169,IS1b65a2d829e9672f5f825,-1,-1
42170,SilverLeaf,-1,-1
42171,new0deal,-1,-1
42172,IS1556b5afab63e3f2b3e6d,-1,-1
42173,IS115c2a0903352eb73ad7c,-1,-1
42174,IS1408773e5415064f206a3,-1,-1
42175,IS1671970598341ad622e82,-1,-1
42176,IS157a5a7f29481ec1d6fc0,-1,-1
42177,IS1cfe17e9f699230418a2e,-1,-1
42178,Lunariss,-1,-1
42179,IS1d3d55ab8b2b6c86a945d,-1,-1
42180,IS1efa59a473ee89cd90899,-1,-1
42181,IS1996e1efc6720e1a1a630,-1,-1
42182,IS10ed0ae7c57e756f0e01d,-1,-1
42183,IS12b95164a1a07a2852df6,-1,-1
42184,Marsik,-1,-1
42185,IS19108bcb9c0d323f9f7ad,-1,-1
42186,IS1310731573aa24ef53a1e,-1,-1
42187,IS1d82605c3f695407c681f,-1,-1
42188,IS1ce5b8227f813216417b7,-1,-1
42189,IS1fd34c1a3a6c1a478d3c1,-1,-1
42190,Kythas,-1,-1
42191,Seglaf,-1,-1
42192,IS1272325e8af241ad44b2e,-1,-1
42193,l And l,-1,-1
42194,IS1d3d571e15575953a0e79,-1,-1
42195,Armitag3,-1,-1
42196,Chiminichanga,-1,-1
42197,Karanos,-1,-1
42198,IS17aa747d7f7fb249b9620,-1,-1
42199,IS1bf3b109e60acef594ad0,-1,-1
42200,IS16a2c19698a4777b06019,-1,-1
42201,Above,-1,-1
42202,IS1887ef5f6a505e907511d,-1,-1
42203,IS12b5a58a0549dbd66fb37,-1,-1
42204,IS18c5e9a69022c9bf9a046,-1,-1
42205,IS1fec659fe38cfc0316c66,-1,-1
42206,TemptedFrost,-1,-1
42207,IS1162967ff690005adffe8,-1,-1
42208,IS1f0b3deac567b7ca509bf,-1,-1
42209,IS11b5e637228cee0e655f6,-1,-1
42210,IS12740b34d162d21510f6c,-1,-1
42211,IS1e4b04a6c26097df9a2a7,-1,-1
42212,IS148542b6de07c8e82b259,-1,-1
42213,IS1f8af5b40940184b0aa5f,-1,-1
42214,IS125f4d451ffaa8d468a3d,-1,-1
42215,IS190bf169f5d1eb993ebf7,-1,-1
42216,IS1cc808a6439d7f48bd764,-1,-1
42217,IS1185788a6054737e03afb,-1,-1
42218,slarias,-1,-1
42219,IS11a4b738f853380f9f6f2,-1,-1
42220,E11imist,-1,-1
42221,Kayx,-1,-1
42222,IS188648399685b3d8f8fe0,-1,-1
42223,UqlrQvUSFm,-1,-1
42224,Orkslayerr,-1,-1
42225,Shagzilla,-1,-1
42226,IS166b0b6756dbbcb6cebc9,-1,-1
42227,IS14b100dff364a2e32fac0,-1,-1
42228,IS1f74a6c840aacbef79b0b,-1,-1
42229,Not Main Support,-1,-1
42230,Apokk,-1,-1
42231,Z2 Hurt,-1,-1
42232,IS1ba65c29833892f0f2bb8,-1,-1
42233,IS1a56b1bb2d971a6190dbc,-1,-1
42234,IS164feca9242af3cd4dfd9,-1,-1
42235,IS19b2a6835cf63d3fa103b,-1,-1
42236,IS14944bbdfc42548cdd281,-1,-1
42237,IS18837d6429c4840c88268,-1,-1
42238,IS13fc34065ced39c301528,-1,-1
42239,Kyosuske,-1,-1
42240,IS1f8085fa25dbafbc8c83a,-1,-1
42241,lymanamyl,-1,-1
42242,IS1f49617758e01e648b0b7,-1,-1
42243,IS197b4edb475fd437b3530,-1,-1
42244,IS1d84883c0514f307b54b5,-1,-1
42245,IBt0OeOaMd,-1,-1
42246,IS106a287042e42c0a56e0c,-1,-1
42247,IS1117d0f4186749a5c6c59,-1,-1
42248,Z3 Protect,-1,-1
42249,IS12352e18cd97e2db983ea,-1,-1
42250,IS1e164f789fd69627aaf49,-1,-1
42251,IS1811f1368d0a48804d255,-1,-1
42252,IS175388fba9a76d7d6d953,-1,-1
42253,IS18f401d004d1ed5c4d52c,-1,-1
42254,Tylaeus,-1,-1
42255,IS168cf9eb7100a430ef133,-1,-1
42256,IS12931c4b058e460fe8d0d,-1,-1
42257,IS1d0bad47958c8bc165985,-1,-1
42258,qweqwe223232,-1,-1
42259,IS1ff8b9cd028758bb86dba,-1,-1
42260,IS1639320f822c448fdf93d,-1,-1
42261,IS16a0f208e543c814b4e91,-1,-1
42262,KingKapalone,-1,-1
42263,IS12ef7662e589e8349de15,-1,-1
42264,pm33,-1,-1
42265,IS126755467c2593d194005,-1,-1
42266,IS128180721b9c20cd0108d,-1,-1
42267,IS15800ce41a9a7c4cf6730,-1,-1
42268,IS1e48723ec020fb471975f,-1,-1
42269,IS1b477a81bc0c80626f080,-1,-1
42270,IS15ab4e74f2623573377ae,-1,-1
42271,Ravatar,-1,-1
42272,IS13f661bae47fa58879299,-1,-1
42273,IS1c3ac56b1c24d2a9f1779,-1,-1
42274,IS1cb64e04f7a0bfae95f51,-1,-1
42275,IS1d97e58d14db50656b596,-1,-1
42276,IS1052f72fc42d3e5a5deff,-1,-1
42277,lushpuppy,-1,-1
42278,IS1ecf61fdab04c7bf5082e,-1,-1
42279,IS1e549eb1b78c0bc54d077,-1,-1
42280,softcactus,-1,-1
42281,IS1c79694e2ce99aee06382,-1,-1
42282,Phanther,-1,-1
42283,IS108702eeb232c28b06eb6,-1,-1
42284,IS15e8f7307dbddedea6480,-1,-1
42285,IS19fe161dd89d58f9dd437,-1,-1
42286,IS1b4e6c0913290cc746382,-1,-1
42287,TearsOfSky,-1,-1
42288,IS13c7066be3aa78d2edc7a,-1,-1
42289,IS17b93386af011ae26b09c,-1,-1
42290,IS1cfcac644f0c79f7e92d6,-1,-1
42291,League of Edwin,-1,-1
42292,IS18a12d3373a6428f5e5bb,-1,-1
42293,IS10373b006ca75e9c851a1,-1,-1
42294,IS19104e1647cd668e98c94,-1,-1
42295,IS1546eb2d5cdbe569b4fda,-1,-1
42296,Bananamoose,-1,-1
42297,IS127c746327f5b9956c303,-1,-1
42298,IS1da6921ec70b5e5ac8dfb,-1,-1
42299,IS12af67b65145cff5221c7,-1,-1
42300,IS1174c9af773d5f1b64263,-1,-1
42301,PanzerGod,-1,-1
42302,SkyerFox,-1,-1
42303,HM01 IT UP,-1,-1
42304,IS14888248ecf2ea5233c3b,-1,-1
42305,IS1b23166c63887f6a8059a,-1,-1
42306,IS1f6284ca2ef9063c7b395,-1,-1
42307,marcin,-1,-1
42308,IS1ff2bac75c18dea8fb94d,-1,-1
42309,IS18bb1b3d13dd41f30cf8e,-1,-1
42310,gdfhdfhb,-1,-1
42311,5FBw8kWANW,-1,-1
42312,IS1fdabcf87fa6e94c293ae,-1,-1
42313,Tokyou,-1,-1
42314,KZEOZWFB1,-1,-1
42315,IS1781f477b80f9299192f2,-1,-1
42316,IS16e02dc28cb861210abba,-1,-1
42317,Khajios,-1,-1
42318,IS1ef3debcbc20a311eeac5,-1,-1
42319,IS1e9328cf6f555ef1b7940,-1,-1
42320,IS1c3c73ef007ed0f753663,-1,-1
42321,IS1c68e03265d13fb136a49,-1,-1
42322,IS10da210c419517ee72bf0,-1,-1
42323,IS15fedae33906cae78b723,-1,-1
42324,IS14f26ce9cb71c90ee7be7,-1,-1
42325,IS15910f76537e4a7ed07dc,-1,-1
42326,IS18a3663182913cbcdb32f,-1,-1
42327,IS185269137d3aed09b7391,-1,-1
42328,Z1 Joni,-1,-1
42329,IS150fc9c61372ff4985ac5,-1,-1
42330,IS163814cecc684432bb512,-1,-1
42331,IS13a10ea9cb7e6f2f89caa,-1,-1
42332,IS130e4e088b9986156a597,-1,-1
42333,96512,-1,-1
42334,Nazacra,-1,-1
42335,IS1c30379fca89b71026787,-1,-1
42336,RammusLaw,-1,-1
42337,Mujarin,-1,-1
42338,Charnak,-1,-1
42339,IS1a61b8615387ecc2168cb,-1,-1
42340,Salacavalini,-1,-1
42341,IS10232ac656249af3162eb,-1,-1
42342,efqedOCAc8,-1,-1
42343,IS1ef9acc82b74484c7b689,-1,-1
42344,DoctrPanda,-1,-1
42345,Trogin,-1,-1
42346,IS121216d74a67f1e6982ec,-1,-1
42347,IS13f7b97de48722c60d632,-1,-1
42348,Vera Whyet,-1,-1
42349,Parker LP,-1,-1
42350,IS19e481f1f2eb249d706ce,-1,-1
42351,IS1facf685c60b1ba264363,-1,-1
42352,IS1fd949b32961ad1b4312a,-1,-1
42353,Riot Des,-1,-1
42354,JFGSj5s7uT,-1,-1
42355,qy2Vi7JVSg,-1,-1
42356,IS12c67f2e639b36f451580,-1,-1
42357,IS1b14c8207e64d7b73fd98,-1,-1
42358,IS1c90344c8ab3db8200d5d,-1,-1
42359,IS1d9c79ad39c8289bb4e3d,-1,-1
42360,IS17781cc93b9276b25c926,-1,-1
42361,IS19350dfbb82a57421511c,-1,-1
42362,IS11e4a20de3c095a552597,-1,-1
42363,IS180e874512a0bd582dcc9,-1,-1
42364,IS19ec0e115fe2077e5c48d,-1,-1
42365,xChrispy,-1,-1
42366,pZjs188hfg,-1,-1
42367,IS1f2c00e0534e49e4a03bc,-1,-1
42368,Fiepo,-1,-1
42369,IS1224449335e0c4e8f60cc,-1,-1
42370,IS1b5895e1b963955b27a3f,-1,-1
42371,IS17473117efc5a0c530865,-1,-1
42372,Raidenwing,-1,-1
42373,IS10f922b002b7fcac4804f,-1,-1
42374,IS1010d52a1c1db2d3c1d65,-1,-1
42375,IS10e18b2ae5e1db8a906f2,-1,-1
42376,IS1b373e9a04d708115c1f0,-1,-1
42377,Childish Gambíno,-1,-1
42378,IS1137d74d90ada9e0947d8,-1,-1
42379,Steverman,-1,-1
42380,IS1369646ff603fcaa8981d,-1,-1
42381,IS1f0c4cc9313a9964755e0,-1,-1
42382,Alkio,-1,-1
42383,Jujubre,-1,-1
42384,IS18f7637ab6d9fa1da2091,-1,-1
42385,King of Pysborg Rockstar,-1,-1
42386,IS1cd69921750701398348b,-1,-1
42387,IS1887cb30714d10ced8778,-1,-1
42388,IS1f7c8737a6b14cd90a6b7,-1,-1
42389,Silvares,-1,-1
42390,IS1b60f9d4c5182571b3982,-1,-1
42391,IS1495495a1a0f62ecd9f58,-1,-1
42392,IS15579a3a0db7674dff168,-1,-1
42393,Chindogg,-1,-1
42394,SKT T1 Putin,-1,-1
42395,Saacksqt,-1,-1
42396,1998 02 13,-1,-1
42397,IS1c63adac6fe130dde21cb,-1,-1
42398,IS17e91bb6f070d5b76a999,-1,-1
42399,IS1b64614d94f8bba977246,-1,-1
42400,ATrobs,-1,-1
42401,IS1bd5583a793cddddcc9a7,-1,-1
42402,IS19405d44cba75291584f3,-1,-1
42403,IS1262e5db7db757057c7c0,-1,-1
42404,MrSyphy,-1,-1
42405,IS1fd12bd8c89f083ffe287,-1,-1
42406,IS18c77df2bc11fe495d80d,-1,-1
42407,IS102b463ebdd2864690629,-1,-1
42408,IS154ddcbbc9dcd21c0aa0a,-1,-1
42409,IS1004f5956b7933de18b0d,-1,-1
42410,IS16a80a0c57392da8b96b0,-1,-1
42411,unlucky dude,-1,-1
42412,someone2040,-1,-1
42413,IS116968c7c89914031e043,-1,-1
42414,Charlie Foxtrot,-1,-1
42415,Ikatsu,-1,-1
42416,IS1d8789cf3b5b9913bddec,-1,-1
42417,IS1290aaddc5a88a73138c7,-1,-1
42418,IS1e8ad877a576f06ddd099,-1,-1
42419,IS17106ebf49da50d6c280e,-1,-1
42420,IS14e697611819f9f970c8e,-1,-1
42421,IS153cac406bd330c16a63b,-1,-1
42422,IS10c13d5bedc880d3d66a2,-1,-1
42423,IS1c8ef53c6426e948bfdf6,-1,-1
42424,IS1e62146edee2f05a5c885,-1,-1
42425,IS117213b87f8f5e0604be4,-1,-1
42426,Gethel,-1,-1
42427,IS173f16c18308945564f80,-1,-1
42428,IS17e642dfa7e7585f08e95,-1,-1
42429,IS12b0296821aed16f33f51,-1,-1
42430,IS1b460ec822e04cf90c03e,-1,-1
42431,Trolling,-1,-1
42432,IS1ce6dfce412cc36d8b1b5,-1,-1
42433,IS14070189f10f3aa96e026,-1,-1
42434,Wrath Malice,-1,-1
42435,IS12f3dc62dbd89f00c20b6,-1,-1
42436,BlackGosling,-1,-1
42437,IS14bd510ca62420eb53769,-1,-1
42438,IS12c38b3e76367546cd227,-1,-1
42439,IS18c4b2ac37ccb0b7ab6ec,-1,-1
42440,IS1b97c966e17bdebef1f56,-1,-1
42441,IS1874920f894f3c3802b95,-1,-1
42442,IS1d3b148bea4942c2a8708,-1,-1
42443,MARVEL Dr Doom,-1,-1
42444,Athenri,-1,-1
42445,IS14bcbdff0c3d7ab085a2d,-1,-1
42446,NionzaNari2,-1,-1
42447,IS13bd19179bda8615a2690,-1,-1
42448,Pa3pyxa,-1,-1
42449,IS11ae5de90058948f6228c,-1,-1
42450,Praven,-1,-1
42451,IS1f73128069e81bb1d0907,-1,-1
42452,IS13cb06f39c0034e17309b,-1,-1
42453,IS133b8adde0e1c0e199b42,-1,-1
42454,Elevated Simian,-1,-1
42455,420fizzmain420,-1,-1
42456,IS1664b890ff21e58b38d57,-1,-1
42457,IS180be2c8afde7a22b2fc4,-1,-1
42458,IS191237857dfcc1e597c39,-1,-1
42459,IS17617038e905ffc7609a3,-1,-1
42460,IS1073b662a9e202fb4b556,-1,-1
42461,IS177526149a599ac6f332b,-1,-1
42462,IS147a88f995540924726bc,-1,-1
42463,IS1ba5a262210ef4f51f1b6,-1,-1
42464,CarlAshnikov,-1,-1
42465,IS1a48c5d477667d799deaf,-1,-1
42466,IS1b63e4df24c949b562cea,-1,-1
42467,5mS9dj98nw,-1,-1
42468,IS14f597520af86a81f9ac3,-1,-1
42469,IS1aedd25d117c92fe210b0,-1,-1
42470,IS14f532b6664fcb25c7dbb,-1,-1
42471,Jeoff,-1,-1
42472,IS1669ad740c421931bc8f8,-1,-1
42473,IS1a2cdb7c907ec71313405,-1,-1
42474,jtmann3,-1,-1
42475,IS1824daa15eca2b4415fac,-1,-1
42476,Graduat1on,-1,-1
42477,IS1fd3244571b6d71522b61,-1,-1
42478,IS1da28a6350de6a2720f12,-1,-1
42479,W1ngw,-1,-1
42480,IS170e52c211dbf9785aa73,-1,-1
42481,IS1f60134096f2f4c9f7db2,-1,-1
42482,IS1652f236d1be11039c4bc,-1,-1
42483,Skrat,-1,-1
42484,RedMoon,-1,-1
42485,IS1866b3c5eb9643d2dbb9f,-1,-1
42486,IS1d14ae59f3ffe75563ab5,-1,-1
42487,IS1d0b4f0bcac275a26913a,-1,-1
42488,spawny,-1,-1
42489,Chronosoto,-1,-1
42490,IS178d3b38c42e225efaf0b,-1,-1
42491,IS156f9199a3041d556ec83,-1,-1
42492,Gorgexpress,-1,-1
42493,IS1d3500c9404388aedcbfd,-1,-1
42494,Haaon,-1,-1
42495,ahn01,-1,-1
42496,IS12ffa371d9f281974fa56,-1,-1
42497,IS1923b41a978215de0174a,-1,-1
42498,IS1f64a87890ca50eacea9e,-1,-1
42499,IS177b61f3a780bae2859cb,-1,-1
42500,TCTC09,-1,-1
42501,IS11a5eeee3268204677741,-1,-1
42502,IS19f7b8f338e49adc3a1d1,-1,-1
42503,Senta,-1,-1
42504,IS1351f938cba4c5c9d291a,-1,-1
42505,ChaeIos,-1,-1
42506,IS16ecaa46dc6d6f055a31a,-1,-1
42507,4iNX3xoi66,-1,-1
42508,IS180424678748280cbe211,-1,-1
42509,IS15f7afa57187371bdd6e7,-1,-1
42510,IS107e5f6d70e199d88c095,-1,-1
42511,IS12278ae5786de7012b816,-1,-1
42512,IS1a4e569a4f573cb7eca56,-1,-1
42513,IS17e317738dc6ffc11cdd1,-1,-1
42514,Kopakz,-1,-1
42515,IS1f84615308bf708df6516,-1,-1
42516,F9OkKh8ZFU,-1,-1
42517,lemi,-1,-1
42518,IS173d42be4fafa2a7b6f77,-1,-1
42519,BigBada,-1,-1
42520,IS1a4f0289a5761ca9342b4,-1,-1
42521,IS11b7f60a2b741bbf0de42,-1,-1
42522,IS162a33056c6907bc35e82,-1,-1
42523,IS1ae8ec9c7fcfeadd5331e,-1,-1
42524,IS1bfd2ab568af84dc844af,-1,-1
42525,IS11e33dc95c13a3d914e11,-1,-1
42526,Shalzar,-1,-1
42527,Z2 Annoying,-1,-1
42528,IS195a0ba5a8cd87a6c67d6,-1,-1
42529,IS11e964f60a8a6e9311bde,-1,-1
42530,IS1ac378ad24129fcfa1bfb,-1,-1
42531,IS103395961d6dcad5a68fe,-1,-1
42532,Dio Elaclaire,-1,-1
42533,IS1786cd9ddc996cb6e72ff,-1,-1
42534,IS1dfeee8c0eb887f0c57d0,-1,-1
42535,IS13ecf27886add1dec470c,-1,-1
42536,IS1be8f6d89d6a253e8f0fc,-1,-1
42537,Yihua,-1,-1
42538,Admiral Adama,-1,-1
42539,Huebn0r,-1,-1
42540,IS1e999681962dcea2c0639,-1,-1
42541,IS1ddccc6f7db983a913b9f,-1,-1
42542,33jZZOsw2X,-1,-1
42543,IS1ae6e3d44878694f17590,-1,-1
42544,Slavi,-1,-1
42545,IS1d82b093aeee47a5b0a64,-1,-1
42546,envizion,-1,-1
42547,IS150f6449d9fd0e4eb6c8a,-1,-1
42548,Beepos,-1,-1
42549,TW Turtle,-1,-1
42550,IS16fe61afc32bf05d6dd15,-1,-1
42551,IS127c9084fb00d6902b090,-1,-1
42552,IS118b240d0684eac34b9df,-1,-1
42553,NtqEXTbTS3,-1,-1
42554,lapin00b,-1,-1
42555,IS17000a5489eeece7f6d14,-1,-1
42556,gsdf213,-1,-1
42557,IS11d7652eabe05d0c3e1bb,-1,-1
42558,IS154566385655d104ade16,-1,-1
42559,IS199253a6e05ddbfdcc39c,-1,-1
42560,IS1a84922c89105d922b288,-1,-1
42561,Cuinny,-1,-1
42562,IS1a5c4ef1b8a630a4fa66e,-1,-1
42563,IS10f81674979d19b89f179,-1,-1
42564,IS1b66c8a4a756b85dbfd85,-1,-1
42565,IS1d57313ac48047f90b14f,-1,-1
42566,IS18243dc3d1424ff9f86b1,-1,-1
42567,IS1bfcf348a5744df9ed076,-1,-1
42568,IS11ac3194204be4dd6a8e9,-1,-1
42569,Al Baron,-1,-1
42570,Anomaly,-1,-1
42571,IS12e18e33ecdeaf84dd867,-1,-1
42572,IS13f2a0cc9ba25289b09ce,-1,-1
42573,IS1966fa9dbf2ced5eb721d,-1,-1
42574,IS17be0afa9294b3c57266f,-1,-1
42575,IS180d48f67f0fd064e0fc1,-1,-1
42576,mmoo1122,-1,-1
42577,u2SCreZmnb,-1,-1
42578,Siladen,-1,-1
42579,IS172040841ba8235b4f070,-1,-1
42580,IS1e0753b959fcbfe307860,-1,-1
42581,IS152970a6ff4b315a28e7e,-1,-1
42582,IS131d0d91b348653850d08,-1,-1
42583,RKCIQABP1,-1,-1
42584,IS17e4f75a9f41bbf03909e,-1,-1
42585,Z2 Khoriel,-1,-1
42586,IS1a76805a27dc0de3cd5b1,-1,-1
42587,IS154cb5161d5cd753cf57f,-1,-1
42588,IS1d237e41bc2225263f823,-1,-1
42589,TheVark,-1,-1
42590,IS1589093dfa6dc07095670,-1,-1
42591,IS155845b1c5164ceb8a846,-1,-1
42592,IS16570f06503163a4ab660,-1,-1
42593,n4l3m4g3,-1,-1
42594,IS163e66c1cc6d37fd79891,-1,-1
42595,Outi,-1,-1
42596,ljk5hl34h5,-1,-1
42597,IS1c882200496950260a6e1,-1,-1
42598,IS1c86527b42f5ec3ffa9b6,-1,-1
42599,The Tezz,-1,-1
42600,naush,-1,-1
42601,IS1238a403ebabcb25f69be,-1,-1
42602,IS1f278c5ff9de26e2a4f9b,-1,-1
42603,IS1c9b5ab7eeb1ead16cf98,-1,-1
42604,KyoArnez,-1,-1
42605,IS1e8307ff8b0860eb51c8c,-1,-1
42606,0JcDRfy0GI,-1,-1
42607,IS1a5ebe69d84a116624394,-1,-1
42608,Bucketman,-1,-1
42609,IS1f40295e93845a848b9dd,-1,-1
42610,IS13ec9415c24ce6da94b33,-1,-1
42611,IS1931ad1af520bb9032b2d,-1,-1
42612,IS1e218430df58a98d4a181,-1,-1
42613,HFwMCkTiZc,-1,-1
42614,DWFCtCY2jY,-1,-1
42615,Tris0,-1,-1
42616,IS11df57c65b56b80771189,-1,-1
42617,IS18c1d3d2db539dce0fffa,-1,-1
42618,Nocturnus,-1,-1
42619,c15jnisOtt,-1,-1
42620,IS1baf228eb36bf424a6aa1,-1,-1
42621,IS15ad0599f69269cb8ce78,-1,-1
42622,IS15a3a9bc1bcdecec02add,-1,-1
42623,IS12ec05a0918c7ac9a0c69,-1,-1
42624,IS11284c1022c539ca9b001,-1,-1
42625,IS1a3fb459bb1ef4300f331,-1,-1
42626,IS198d82b2a855eaad77fad,-1,-1
42627,MartinAfterDark,-1,-1
42628,IS1233bce1146378,-1,-1
42629,IS1266be3721a5e278fd8d9,-1,-1
42630,IS1bdfa61bbb4b4b44e0bf0,-1,-1
42631,IS1dd0051bcd8b2565b619d,-1,-1
42632,IS1d2ff7ff736fd407d5ae9,-1,-1
42633,nicolaq,-1,-1
42634,IS1fc881e0cb10d6ed749b0,-1,-1
42635,Drath,-1,-1
42636,IS1e5a6b4084867dd14ef4a,-1,-1
42637,Cl0udhunter,-1,-1
42638,IS17b035f0f065c7afb7db0,-1,-1
42639,Rhiom,-1,-1
42640,Babafagucci,-1,-1
42641,IS16de126ed5b9341566230,-1,-1
42642,IS1a05a29852aae1bbcd9fa,-1,-1
42643,IS1b46b6536e02a3d244cc3,-1,-1
42644,HollowUSA,-1,-1
42645,IS1adb850729ac768b4ddaa,-1,-1
42646,IS1ccec2ee694e7e450cd6d,-1,-1
42647,IS15cc56fb3bf21056021a6,-1,-1
42648,IS18e9e05b32a053130910f,-1,-1
42649,Hsiehnanigans,-1,-1
42650,IS1dd5f72ffdfa115f6401a,-1,-1
42651,IS15b1067f99ff74fcdb449,-1,-1
42652,Quinefer,-1,-1
42653,IS1fc32f70c47ae0e038665,-1,-1
42654,IS1e5628dbd5f954854dd3d,-1,-1
42655,m1n1m0g,-1,-1
42656,IS1f3a7248ceb0cdf3d46c6,-1,-1
42657,IS1dd6440d88af9decb9b1f,-1,-1
42658,IS19d6943986e6a2d8d9464,-1,-1
42659,LikwidCid,-1,-1
42660,IS1596a9d745df32a9c84dd,-1,-1
42661,IS1f2feafb5803cbb0e949f,-1,-1
42662,Xerano,-1,-1
42663,IS18e859fdecdcea7335154,-1,-1
42664,friendzilla,-1,-1
42665,Alyasa,-1,-1
42666,Lenios,-1,-1
42667,K6QC7tATqE,-1,-1
42668,IS1ac74d5ff95d0455e31b7,-1,-1
42669,TheStartofTheEnd,-1,-1
42670,IS1ef50371a96f136857c84,-1,-1
42671,IS1fb6583d3a3106d77bcca,-1,-1
42672,IS193d408c57f0974b23a1e,-1,-1
42673,fastreak,-1,-1
42674,IS12a253a015cb90ab371dc,-1,-1
42675,IS1882b90a8dd82996cbdca,-1,-1
42676,IS1bc113d94cc900d0a36e1,-1,-1
42677,IS1905a5c47a7748fc01699,-1,-1
42678,IS1ac6906077f5762239f43,-1,-1
42679,IS1ab4672f0c8b4d62af19e,-1,-1
42680,Fulgore007,-1,-1
42681,IS17b62c29647512dcf7c17,-1,-1
42682,IS180d4591f08e140aa9277,-1,-1
42683,IS17a4f5ced1e846d740b04,-1,-1
42684,IS17f7d87a54615bd7456a6,-1,-1
42685,IS14da1f619e91a0e4784d0,-1,-1
42686,IS17b9a3245f81ebebf9e8f,-1,-1
42687,IS16de3ab42f2223efddec7,-1,-1
42688,IS19126139a294e682c0495,-1,-1
42689,IS1fc120dbec5f3877dbcfa,-1,-1
42690,IS107c3fd195e3544df6419,-1,-1
42691,IS1fcde3290e3edcc6d1982,-1,-1
42692,sdrawkcaB ttaM,-1,-1
42693,IS1fcb5bb0fd3552851953f,-1,-1
42694,IS177a2242eb43a19d175b0,-1,-1
42695,Sowaka,-1,-1
42696,KniteFire,-1,-1
42697,IS1fa94fc9f395d8f476938,-1,-1
42698,IS1f0833ae54777d6475b9e,-1,-1
42699,IS11730cd195703b39ca84e,-1,-1
42700,Lastrock,-1,-1
42701,IS13b7ef90e08ab05737391,-1,-1
42702,sYlon,-1,-1
42703,JoCCa,-1,-1
42704,IS107676f8df3561dd70cf8,-1,-1
42705,IS172f4e477eea4f0f236b8,-1,-1
42706,IS1af7a5f41eb4ed703bfef,-1,-1
42707,IS163e2804589f5607a04d9,-1,-1
42708,IS1a8a0914e3720f7445285,-1,-1
42709,IS1dbac8df556dffc3828a6,-1,-1
42710,IS1d4742cdcaf7037f63e19,-1,-1
42711,IS18f38f56577edf7d7f18b,-1,-1
42712,IS10cdc77eb9dadd6d6206b,-1,-1
42713,kipsys,-1,-1
42714,IS145c92c3010b5bf4ba75d,-1,-1
42715,IS1c26f5a3d08f1a77e6f82,-1,-1
42716,IS1efd8f5af75ceceee1401,-1,-1
42717,IS13d641eb6d7c734790b41,-1,-1
42718,Kiniguw,-1,-1
42719,kickback23,-1,-1
42720,sunyongpeng,-1,-1
42721,nb3 fan xD,-1,-1
42722,IS1e8e1646c0e870782027f,-1,-1
42723,IS1e2b834c0294c0b07a7b7,-1,-1
42724,IS15313dbeee30fff69e7a2,-1,-1
42725,psyglitch,-1,-1
42726,IS135a7f8f55fc46aae92a2,-1,-1
42727,IS11ac6b0425e28bc5e5484,-1,-1
42728,IS1556f467ccc5d6b41740c,-1,-1
42729,IS15ebd2be850ca460caf4c,-1,-1
42730,IS1916500b89e42b1bbb34c,-1,-1
42731,Z1 Long,-1,-1
42732,IS1fea84677452a90228c83,-1,-1
42733,Sisa,-1,-1
42734,IS1e7e48976eb9dd86ebb3e,-1,-1
42735,ZacZacZac,-1,-1
42736,Urakihs,-1,-1
42737,PurpleCliff,-1,-1
42738,IS18baec3ff8cd0ebf5c33c,-1,-1
42739,457,-1,-1
42740,Slotos,-1,-1
42741,burke,-1,-1
42742,IS12dd6462afca2514b7f31,-1,-1
42743,Dizzyjosh,-1,-1
42744,IS1e580740d570464b3d85a,-1,-1
42745,IS156d8d1b3dabb8959b6d6,-1,-1
42746,Maragia,-1,-1
42747,IS1eecbe3fedc2b61669dbe,-1,-1
42748,IS130d0a6d55b1d910c38ff,-1,-1
42749,IS19489f6a45f6c7ec0dddb,-1,-1
42750,Unlock3d,-1,-1
42751,IS1ab3ecd4bc48b3bfe904b,-1,-1
42752,IvCiqKURAy,-1,-1
42753,IS1f32935fa0a1cc8c59a07,-1,-1
42754,NitroS1991,-1,-1
42755,IS11bf4636a8630bb8edd3b,-1,-1
42756,IS110f3d3f6e122a43ddb11,-1,-1
42757,IS141bddecbc867523e04d1,-1,-1
42758,IS178e99e16e47f3b324ea8,-1,-1
42759,IS170aa52177d2735ca7042,-1,-1
42760,IS1b783794b8c8a9f522d7e,-1,-1
42761,IS14653097f0f9ee6b5aa3d,-1,-1
42762,IS1d32f9183ce8a86c40e0f,-1,-1
42763,NickyC,-1,-1
42764,IS1f437178f56fa656d35d1,-1,-1
42765,SiMBa Irk,-1,-1
42766,IS16d4fd8216968f31792c6,-1,-1
42767,SUBFACT,-1,-1
42768,Nubtrain,-1,-1
42769,IS11dfcb5046e382e9bd80b,-1,-1
42770,IS1febecbbf3c12b18353dc,-1,-1
42771,IS1c4ce019e9e5b621804ce,-1,-1
42772,IS140440a166eafdd183a33,-1,-1
42773,PyroSA,-1,-1
42774,IS1d39d60a742e179cfe78b,-1,-1
42775,IS1fcaf6b612bdb57b5b8fe,-1,-1
42776,IS1c4ca4c26ec67979cc290,-1,-1
42777,IS1ddb05cca243ffb673719,-1,-1
42778,IS17a3ad42de803af2588a6,-1,-1
42779,IS1cc74df709fe9281e08b8,-1,-1
42780,IS1462e4ad1919e70ba11f9,-1,-1
42781,kevang9,-1,-1
42782,IS1c06e0b9abc2076abe38c,-1,-1
42783,IS17946e9d517354fcd5a94,-1,-1
42784,tMdFUmufjr,-1,-1
42785,IS158942128b6bd2319d9c1,-1,-1
42786,IS1da286352159f945234ef,-1,-1
42787,IS1875f2a482fe6f9fe18b6,-1,-1
42788,IS1fbc898ce3abcf98bcfa1,-1,-1
42789,IS1586bbe2db57477143dbb,-1,-1
42790,IS1c796cd63d150ca51d292,-1,-1
42791,IS101dda142b2f4741bd1cf,-1,-1
42792,IS1018cb9513c529aa36002,-1,-1
42793,Naska,-1,-1
42794,IS15cd782183ae757fdbfd0,-1,-1
42795,Arkais,-1,-1
42796,IS10109b903715267c4dd14,-1,-1
42797,IS15f54db78f083e340fb3c,-1,-1
42798,IS110c8e60e2eace9617a74,-1,-1
42799,IS1db86aee82ebe006a3e0f,-1,-1
42800,IS1dd8bba20bf60b536415b,-1,-1
42801,Revest,-1,-1
42802,Ratt,-1,-1
42803,Learfadir,-1,-1
42804,IS1d0bb82fae38942bc29ae,-1,-1
42805,Buzzknuckle,-1,-1
42806,Hugefoot,-1,-1
42807,IS1ba76b0b07e7e7728c646,-1,-1
42808,IS1d0bba8e614e9f824bc1f,-1,-1
42809,m0us3,-1,-1
42810,IS1c685b1e15f30982d3f65,-1,-1
42811,SumOfAwe,-1,-1
42812,bhfyB3Mxoi,-1,-1
42813,OppenheimersToy,-1,-1
42814,czimbi88,-1,-1
42815,IS19fb8f3719559f57babc4,-1,-1
42816,IS1a8da13ad296f41c8c574,-1,-1
42817,IS1cde57804cdaafca52a3f,-1,-1
42818,IS162b76e50df2dd5c4b99c,-1,-1
42819,ryokage,-1,-1
42820,Qjga2txp2p,-1,-1
42821,IS10377adab0c2c561dbdda,-1,-1
42822,IS18fd0173be836eb3ee15d,-1,-1
42823,Digital v0id,-1,-1
42824,IS1a78fd643bdc4f0a6359b,-1,-1
42825,IS16984ec6a9610196140dd,-1,-1
42826,IS135a9c94df12ec788cb60,-1,-1
42827,IS1ebb527c4e32e090bf902,-1,-1
42828,IS12334385acc13936bd38f,-1,-1
42829,Zerogrifter,-1,-1
42830,IS11835b35fd121261946f9,-1,-1
42831,IS140780489a7cc79718ab3,-1,-1
42832,IS125bbbbc089dffeb553bb,-1,-1
42833,IS1f7d8e16e0fdb0baa5135,-1,-1
42834,Rivell,-1,-1
42835,IS1f1c57e984f7fe30b59b9,-1,-1
42836,IS14b49c4022a1dd205554e,-1,-1
42837,Nikage127,-1,-1
42838,IS13ee808021abbf6d0dc52,-1,-1
42839,IS1bd9712dc67f87db79a8e,-1,-1
42840,IS1989b1fda114b7b4b597c,-1,-1
42841,IS1fa80f20e986207d14e79,-1,-1
42842,IS15b4e80dc1cc6a3cf1ef2,-1,-1
42843,IS16020e75b271b602547b0,-1,-1
42844,IS1644a113e0ef3e6e32020,-1,-1
42845,swifteh,-1,-1
42846,busyboy573,-1,-1
42847,IS1170115f7e72dc0d550be,-1,-1
42848,muff123,-1,-1
42849,IS1d68560c1cf8e340e87ae,-1,-1
42850,RBiscuit,-1,-1
42851,Traybaptiste,-1,-1
42852,wartoast,-1,-1
42853,Annie4Life,-1,-1
42854,IS129e025c27ad12964d048,-1,-1
42855,IS1e7060b62624cc91f0848,-1,-1
42856,IS1311a3295b7c9ca7bda8f,-1,-1
42857,IS153e4a1574022b934666c,-1,-1
42858,IS12b11f70534eb767d44ee,-1,-1
42859,IS1648b6f83961cf22f940e,-1,-1
42860,Colain,-1,-1
42861,IS15fedda751546f6276fb6,-1,-1
42862,IS1b46f3bd9f6e8571144df,-1,-1
42863,IS1c9b3c2e5fd4df4ff8e9d,-1,-1
42864,IS1c716bbb98005b47df372,-1,-1
42865,IS1171fdb36e05f664b7e3a,-1,-1
42866,IS10ea4adda84063d34ffb0,-1,-1
42867,IS10054fe78eca0466fd677,-1,-1
42868,IS1a08c9257ee6250f847d2,-1,-1
42869,IS1f6eee6c1851dae7e8b3a,-1,-1
42870,teh isz,-1,-1
42871,ouro4321,-1,-1
42872,IS108f7469cf0bdcecbc22e,-1,-1
42873,IS1c1677f33506e439e2331,-1,-1
42874,IS19731884441ea21044165,-1,-1
42875,IS1c9163df39ee718e1343c,-1,-1
42876,IS1eb8a159bf78c206a387b,-1,-1
42877,IS15aada9483b428027d6e4,-1,-1
42878,Frankbiza,-1,-1
42879,IS1ebb551aa687db5b759b2,-1,-1
42880,IS1e6dd5bd87b2457a7e1eb,-1,-1
42881,IS10769ad4a0b8dce2e143c,-1,-1
42882,IS1c1fe1222012574e5d62d,-1,-1
42883,IS1ae422f932e01a91f1869,-1,-1
42884,IS12478620cc53a477b8326,-1,-1
42885,wellmont,-1,-1
42886,IS13ee66add56229845e4db,-1,-1
42887,IS1fc35e6d401fc68a9bb7b,-1,-1
42888,IS178dd2d69ce3eb5298f11,-1,-1
42889,IS1a2fc445053ec818b59a1,-1,-1
42890,IS1d000c8cbcb63b0239537,-1,-1
42891,IS1cc67408a8f5a5935d5c1,-1,-1
42892,IS1962b06574a806b693ee5,-1,-1
42893,VeUq1tey9C,-1,-1
42894,IS14b0cef54dfaf6995c650,-1,-1
42895,IS1e881fcf1910d6addc1aa,-1,-1
42896,Frozeit,-1,-1
42897,inew2country,-1,-1
42898,IS17749c84e7e6321c1378b,-1,-1
42899,N4QqxBGqVa,-1,-1
42900,Ixuina,-1,-1
42901,Insekure,-1,-1
42902,IS16aace0c5bb939ccf88ae,-1,-1
42903,SnakeDoc,-1,-1
42904,IS180e6aab327e53949bc14,-1,-1
42905,FuKing,-1,-1
42906,spacekay,-1,-1
42907,IS1be19f3250b447dc1de3b,-1,-1
42908,IS1c916461462634fcf4ae0,-1,-1
42909,IS1b9360da9f3434caeedda,-1,-1
42910,IS19c2796099bdb93d3d23f,-1,-1
42911,IS197fbb908c38276efb703,-1,-1
42912,IS1e61101157742ffec87dd,-1,-1
42913,IS1cd81b33098e5ec2e868f,-1,-1
42914,IS1886d42bcf2fcccfb3ec0,-1,-1
42915,Sylph2,-1,-1
42916,IS1043604baaadcbc92d821,-1,-1
42917,IS1fef5e27cc223dd477085,-1,-1
42918,IS18d4fd52278b05d7747b3,-1,-1
42919,IS1c4fd224c5444e60faa93,-1,-1
42920,IS11a436a15661bb9737c51,-1,-1
42921,IS14a400fd0164b3c406170,-1,-1
42922,IS1340a5608cdf3014a737c,-1,-1
42923,0uXmRKUwDd,-1,-1
42924,IS1e98b12c86b88b479eb38,-1,-1
42925,IS1c38739c5eb3340247cf1,-1,-1
42926,Morbox,-1,-1
42927,IS1be3e72d3d2c5b66ed0b6,-1,-1
42928,IS19aa86e60448b1eba2d0f,-1,-1
42929,IS14bd7745a8d217738b00b,-1,-1
42930,Nid7dHp1hf,-1,-1
42931,IS1d37d9cfecf49e8cf38db,-1,-1
42932,IS19b478fb36a5427e14afa,-1,-1
42933,IS1f25c32584b9597915c61,-1,-1
42934,healymonster,-1,-1
42935,IS115463290e24a3d29da74,-1,-1
42936,IS144620b2cf0e8ba7357d6,-1,-1
42937,turpedo,-1,-1
42938,IS1654d577dfea58b029eb5,-1,-1
42939,IS10977b00c27256b30c365,-1,-1
42940,IS131416e5323823b4bc5d5,-1,-1
42941,IS140206fb70ffc06e9f718,-1,-1
42942,IS1ea5896a95bba26b30c3f,-1,-1
42943,IS1d3e16eccc79ae34997bb,-1,-1
42944,Venosage,-1,-1
42945,TheSp0iL,-1,-1
42946,IS1ff218eec0176afde2232,-1,-1
42947,Obleo,-1,-1
42948,IS1dc1a97bf95f99265440e,-1,-1
42949,IS1429effc494fcda4ad56d,-1,-1
42950,Isara,-1,-1
42951,IS142a585aae3759190a2f1,-1,-1
42952,IS14e5af58547b0395bcb2d,-1,-1
42953,IS157e55385d45e8e868498,-1,-1
42954,IS12933c66cac4f1c02bd14,-1,-1
42955,IS1d94547c86d7a3af40833,-1,-1
42956,IS15cf0a867db25788f30c1,-1,-1
42957,IS1eb71a21cae5a265a7523,-1,-1
42958,IS1dbe1bdc31c45f7ba7687,-1,-1
42959,IS1076e89f98d7f4ddec6c9,-1,-1
42960,IS13e20e86204b64f40c920,-1,-1
42961,IS1237a3bfa93e3b61c1655,-1,-1
42962,IS18c3bb1c645c93f3d75be,-1,-1
42963,IS1fee3bae412ef5a94277c,-1,-1
42964,Ufozile,-1,-1
42965,IS1167ccb792746cb8b1d34,-1,-1
42966,IS1de7d24448de9f5aea38e,-1,-1
42967,thattadog,-1,-1
42968,IS1667301cbcb581f4761be,-1,-1
42969,IS1aa5a1c20231577217530,-1,-1
42970,IS1c8fff2334db6e5b99482,-1,-1
42971,IS1e8a63a0a247eac98edef,-1,-1
42972,IS1c3c12e7fedd5294e24d2,-1,-1
42973,IS1e549f44ed60eb6c9960d,-1,-1
42974,Thorsten,-1,-1
42975,IS193a72add321548ac8644,-1,-1
42976,SoetSout,-1,-1
42977,IS1f11d09e8a93115863b3a,-1,-1
42978,KingLz,-1,-1
42979,IS1c4be32bf057efe0346c7,-1,-1
42980,IS18b773325a13afcf63c5e,-1,-1
42981,Best Nemo NA,-1,-1
42982,IS1d3b95e9f8219091c28d2,-1,-1
42983,Monolix,-1,-1
42984,EpikSushi,-1,-1
42985,IS1660cb1c27ef7f7772f00,-1,-1
42986,slotty,-1,-1
42987,IS1460e8710bd970dd0ec4f,-1,-1
42988,IS10cc3dc325f190232f3d8,-1,-1
42989,IS1f1b799c2a27d7e427e76,-1,-1
42990,IS11b012c3de6795c09fc87,-1,-1
42991,Chryan,-1,-1
42992,Time2Climb,-1,-1
42993,mlnz,-1,-1
42994,IS1fce587b7b03ab2ee7f03,-1,-1
42995,IS18ca0af9f7024c85307b5,-1,-1
42996,IS1731d90b707b4ce0fd4a8,-1,-1
42997,sb0y,-1,-1
42998,IS184c915b1470232654802,-1,-1
42999,IS1a14c77836f5ed85d24a8,-1,-1
