44000,EFINI408ca,-1,-1
44001,IS11f804e302e0e0423190a,-1,-1
44002,IS19524d75d048afda52b77,-1,-1
44003,IS1ad467cb4127f4374a3c4,-1,-1
44004,IS134a19e1ace9220311fe2,-1,-1
44005,IS1e3d6e20524161c1966c0,-1,-1
44006,IS1004839d37c08c5f0528a,-1,-1
44007,RowSkin,-1,-1
44008,IS1b16c90cbc11dcaaa6c5c,-1,-1
44009,Lithgor,-1,-1
44010,IS12c1e78ceb740d2305814,-1,-1
44011,IS1617ca508c6b84ffec3af,-1,-1
44012,IS12e0c420d4393523ca92b,-1,-1
44013,Kizui,-1,-1
44014,IS1573cc85d52ac66de093f,-1,-1
44015,Cj96T00AUP,-1,-1
44016,IS1fd3290871601831017c4,-1,-1
44017,manrifle,-1,-1
44018,IS112d2df1963c60fad4f25,-1,-1
44019,rovash727,-1,-1
44020,IS1b2add23d0371cc31b937,-1,-1
44021,IS13a1c0fee3572b5a25042,-1,-1
44022,IS1922ce04021b6dd8c0d1a,-1,-1
44023,evoP1Z9hMz,-1,-1
44024,IS1fb6c9acebc449a3bfb6a,-1,-1
44025,IS14491a96bb30267640454,-1,-1
44026,IS1e0ee01c25656e28a4049,-1,-1
44027,IS11dc0dac35fd87bb905ae,-1,-1
44028,IS1973f929cd22735389966,-1,-1
44029,IS19ce820a63388e908acc1,-1,-1
44030,IS1010c53533157ed3d1110,-1,-1
44031,IS1c47e4b01c9936389dccc,-1,-1
44032,IS1f841d2e8fa25174f2336,-1,-1
44033,IS16dd8aa7d0522dbbf789c,-1,-1
44034,IS11e3bd0100a45406e72f6,-1,-1
44035,IS10bb704b7cc4984ec39b0,-1,-1
44036,IS182ce6ab1a954d9b1a08c,-1,-1
44037,IS12de22fb016b55b6867bc,-1,-1
44038,IS190099896b3d83e03f6e1,-1,-1
44039,IS190db2876f473a6d4ee9a,-1,-1
44040,IS166783822bcb2e5b8eb8b,-1,-1
44041,qMRGkVKqL0,-1,-1
44042,IS1e7caf29071434c2aa9d9,-1,-1
44043,IS1e7b6d937dfe7b3354b45,-1,-1
44044,Teraki,-1,-1
44045,IS1df0ec0b33b6fa2de82a8,-1,-1
44046,IS191e68d123138a137622b,-1,-1
44047,SquishyPaladin,-1,-1
44048,IS171c70c722ec3629e9602,-1,-1
44049,Sir Prize,-1,-1
44050,IS1f0bc5f9e26b95b828049,-1,-1
44051,tungs10,-1,-1
44052,IS1aa9fcd6e14caf65c7cc6,-1,-1
44053,IS18da6a894ccb1b51523a1,-1,-1
44054,BaSPCkZTMK,-1,-1
44055,XvMSlnyHqX,-1,-1
44056,IS1b9d7fa00f22202ff79dc,-1,-1
44057,kincaid99,-1,-1
44058,liltam,-1,-1
44059,IS1d0a68ea1da41a4814d90,-1,-1
44060,IS13cbf79e4341c1f6baa59,-1,-1
44061,IS19efa90e245d4508f5824,-1,-1
44062,Feed my hamster,-1,-1
44063,IS132ae65f7486caf88ee59,-1,-1
44064,IS1c9d23c91845a500deb03,-1,-1
44065,IS1033ab281960fbd7b84c3,-1,-1
44066,IS1baf0ad0729137f901dc3,-1,-1
44067,IS1551b803783d6020ae68a,-1,-1
44068,IS15cb997e3031e00861c73,-1,-1
44069,IS1d7e8c54aa6a571379d8f,-1,-1
44070,Solapaine,-1,-1
44071,IS1c553e3a0ed4d99b17202,-1,-1
44072,IS11ecf37efa593de96aeaa,-1,-1
44073,IS152449da30a415fb60aa9,-1,-1
44074,Crazer,-1,-1
44075,IS1c47bb4bb5282c7f3775c,-1,-1
44076,IS1bd614a1710438b37c08b,-1,-1
44077,IS1d0f9b8320bf816f586d3,-1,-1
44078,IS1def4c621a84c64208e53,-1,-1
44079,IS10bf87af59210d57da3a9,-1,-1
44080,IS167c4504308fb09c6c0cf,-1,-1
44081,IS1f3417ccd511f41ad71d8,-1,-1
44082,Manstallion,-1,-1
44083,IS1b227707682b12bcd6264,-1,-1
44084,IS147ecaf0e25d3a2cc1c94,-1,-1
44085,CyborgGrandpa,-1,-1
44086,IS1a7781460f4566bd754a0,-1,-1
44087,IS1a1d8f8a1528f8f40916e,-1,-1
44088,IS10e6903259174a7e790f8,-1,-1
44089,IS1f238b26fc03996342d96,-1,-1
44090,IS1d698e0d352dd3e44fa2f,-1,-1
44091,IS1eb30d44361097c83be2c,-1,-1
44092,k0zlxOHbUw,-1,-1
44093,IS12ce2d7b21ae8af5d3cff,-1,-1
44094,IS184115ba12e26d79ecc3e,-1,-1
44095,IS178f9629ddf8094cd3174,-1,-1
44096,IS1a097cf08a42aeeb14df2,-1,-1
44097,sfish,-1,-1
44098,IS1641ad87f8b4aa1b8777d,-1,-1
44099,IS197e4e58cd989f724c837,-1,-1
44100,IS11a0b30a476f3da728d5c,-1,-1
44101,IS172a73bcc7385d5de0710,-1,-1
44102,IS176108f9789902a8881dc,-1,-1
44103,IS1ff951a2105ea0a9018a7,-1,-1
44104,IS18503aa090c93bbc8eb2c,-1,-1
44105,vR8aGm9dTA,-1,-1
44106,IS100a0865178e3cd99e6c3,-1,-1
44107,IS1538172f6e326dc2a4266,-1,-1
44108,IS1752b363723f8ea82b77d,-1,-1
44109,IS18a5f9e5a2504b53210ad,-1,-1
44110,5ulfCNBsin,-1,-1
44111,IS15d6e87bbc2880e592a65,-1,-1
44112,Mezmieke,-1,-1
44113,IS1044b9813df9b1f394497,-1,-1
44114,IS1b6d3303cb415a351674f,-1,-1
44115,IS1aa5d7001a6b187dd2fa7,-1,-1
44116,IS13f1bc8707c8f0ad6a3e9,-1,-1
44117,IS1242d15011c629a01e14e,-1,-1
44118,IS1827c0a8ef7cfc1e33eaf,-1,-1
44119,IS1ced2a8ba3b973450bf6a,-1,-1
44120,Aazo8mu2eD,-1,-1
44121,IS1ad14941c2f7d1ee0b027,-1,-1
44122,IS14ecfa785c89235e2751c,-1,-1
44123,IS17735701c05a35e80aff9,-1,-1
44124,IS15277781b9a92e2f1d4c8,-1,-1
44125,IS12b62b4842549c501a8aa,-1,-1
44126,XXGOODXX,-1,-1
44127,IS18662d917cbaba3d9182a,-1,-1
44128,IS11583f3af2e4b23e44a09,-1,-1
44129,IS1e5d1af9985e17d98b28a,-1,-1
44130,IS181fc2a9b18df3882603e,-1,-1
44131,IS1ff9402eee92003afb979,-1,-1
44132,IS1e125ca4ef45f74c5f537,-1,-1
44133,IS1dd80651f6c1a87bc0d7f,-1,-1
44134,IS12ca95103ef78b92121da,-1,-1
44135,IS1415de803b44e8d6ac63f,-1,-1
44136,IS1874c1a4081ca24dd479d,-1,-1
44137,IS1f137e9f6922cbb7255bf,-1,-1
44138,IS10c25acd6952731940be7,-1,-1
44139,Sprawler,-1,-1
44140,AlucarDCLXVI,-1,-1
44141,Gromph,-1,-1
44142,IS172a6ea10a7e6fb71632d,-1,-1
44143,IS1843e1e4cd3de3abff4cf,-1,-1
44144,SHJordan,-1,-1
44145,IS10038d4d8367af6e377e3,-1,-1
44146,KittyKatPartyHat,-1,-1
44147,tocak22,-1,-1
44148,Kojibeoulve,-1,-1
44149,UPpi6pf3zx,-1,-1
44150,IS1092bf43d0133e641e10e,-1,-1
44151,PgjQ22F1lp,-1,-1
44152,IS1b37b8e1ba5deca9e88d4,-1,-1
44153,IS1e128f39d1fe92d66a0d9,-1,-1
44154,IS13d822643080cba2b2425,-1,-1
44155,IS182fd48eb4345a4269308,-1,-1
44156,l4V1rqSXao,-1,-1
44157,IS1096c00bd05e62c4f3771,-1,-1
44158,N8SHj5KTkC,-1,-1
44159,IS1d01d9ca6025da13d83a2,-1,-1
44160,IS1edd54022151f71c8960b,-1,-1
44161,IS1c6ef161cb98a152030eb,-1,-1
44162,RoboNinja,-1,-1
44163,IS1446728e3adfbd35d0801,-1,-1
44164,IS10691ef8fdee0f0472b5b,-1,-1
44165,IS1796f96a0e6916082d00b,-1,-1
44166,Overworlf,-1,-1
44167,IS12e2fce3b2c05653df01a,-1,-1
44168,IS191c88d6610acb757d152,-1,-1
44169,IS1a7ea9fb362d1805f28be,-1,-1
44170,IS12c0c0e15c5a003b21cea,-1,-1
44171,IS1f8ce2c6872c93241024d,-1,-1
44172,IS1fb9e1ea1045e58172ac4,-1,-1
44173,IS1bca30e639cc1b7156507,-1,-1
44174,IS150e36f4b9ae38b26d89a,-1,-1
44175,IS1d0bbc43aca4c5da5ddbe,-1,-1
44176,Ezio Alucardo,-1,-1
44177,IS1e1beb5bf0e77d2a58c6c,-1,-1
44178,CakeFondler,-1,-1
44179,IS149c7be54266867fd1be5,-1,-1
44180,Vjkxey,-1,-1
44181,IS1fb77bf39840c19c44e6e,-1,-1
44182,IS1ef7a5832516a09b55c41,-1,-1
44183,IS1ee4d63ce3f4bb72f7f48,-1,-1
44184,IS10f26f90ac6cde63d3241,-1,-1
44185,IS10a89905d2c1e99ee9bd9,-1,-1
44186,IS178d62e578cd9ad50c08b,-1,-1
44187,QGpux6Qiq3,-1,-1
44188,IS159e31078d66feb588e94,-1,-1
44189,IS131de49a6ce118e914765,-1,-1
44190,IS1257616699a353ccaf296,-1,-1
44191,IS1de0bc096b72b4c854c10,-1,-1
44192,d3rped,-1,-1
44193,IS1597abda096a90ebb476a,-1,-1
44194,IS17bfab01e567918c29f03,-1,-1
44195,IS133b1d0f0be221b58f9b2,-1,-1
44196,IS1067477dace89056d9e95,-1,-1
44197,IS1206ee4c40793f95c8229,-1,-1
44198,IS16ef377beef7ab87ea573,-1,-1
44199,Teamworked,-1,-1
44200,IS1bd75e3002536290f431f,-1,-1
44201,IS16beed9beecbb0069d296,-1,-1
44202,IS1f63dc5161eedf573c215,-1,-1
44203,IS1ddb062dbf408b0e247d1,-1,-1
44204,IS17402ccd9d7b4d8bea9ed,-1,-1
44205,IS1c5fb688b2a1d21bce403,-1,-1
44206,IS190fe1e0d7682e6a6633b,-1,-1
44207,cmGOZMQJMV,-1,-1
44208,IS1c3aa3c485e025b48880d,-1,-1
44209,YouSlappedAFiish,-1,-1
44210,IS1d866c5d574d87738c43a,-1,-1
44211,IS165d56557a0a42a4b4aba,-1,-1
44212,IS187423c514deeae8bf4f1,-1,-1
44213,IS1c2ae7f53ba026389fabd,-1,-1
44214,IS193716115986da0412623,-1,-1
44215,Hecarim24,-1,-1
44216,Evilmogg,-1,-1
44217,1337p,-1,-1
44218,IS1dffd3b5354bbf0f8cf2d,-1,-1
44219,ZephssghshBsrg,-1,-1
44220,TrngTrn,-1,-1
44221,Puma Namanari,-1,-1
44222,IS1e3627d76ffcc643bd773,-1,-1
44223,IS1038aeb1b0dedc8def929,-1,-1
44224,IS1dc1e2e9ba29982dedbd3,-1,-1
44225,I am the Wumpus,-1,-1
44226,IS135ac2d0029f5b93950e8,-1,-1
44227,Brose BongerLord,-1,-1
44228,IS1d299b12bd3031861913e,-1,-1
44229,IS18250f975040b7d0275ce,-1,-1
44230,IS1af2443759ea1ef235358,-1,-1
44231,IS15b20d2e3477c47ed568f,-1,-1
44232,IS1cac704d8ac52aecb645e,-1,-1
44233,IS17a7ecf48f06e4c9c5b6e,-1,-1
44234,IS1f2fda96f7e9eba39c6eb,-1,-1
44235,8Nr2woo2EN,-1,-1
44236,IS1c05bfaec92982dbd56b5,-1,-1
44237,IS1bb039ee53da3c36b6a63,-1,-1
44238,IS19f9b7ceda39eb8b1f117,-1,-1
44239,IS1fb5268f09f638bee0f84,-1,-1
44240,MysteryImp,-1,-1
44241,IS16c91beee09395173bcf0,-1,-1
44242,IS1bd5795d432e970d3d978,-1,-1
44243,IS134afa7cbb2ad840d7f51,-1,-1
44244,035084Sont,-1,-1
44245,4CBuhvrJKR,-1,-1
44246,IS149f558324ad51e5c4d2f,-1,-1
44247,IS161d8a0507e6972d5925c,-1,-1
44248,IS16363689b1c64c52dd26d,-1,-1
44249,M4pm4N x3x,-1,-1
44250,IS1774c193b04f6af910192,-1,-1
44251,IS1643decbf3e2f41ea0aa3,-1,-1
44252,IS151fec77eb83fe7f89760,-1,-1
44253,IS1d8960907e8ac5691498f,-1,-1
44254,IS1b552ff9da4aa1b9f85de,-1,-1
44255,IS18ff7bc729a2a4e53c547,-1,-1
44256,Rasengan23,-1,-1
44257,IS111c30e2c40e41b9f262d,-1,-1
44258,IS11f079b5fec60ba8112a4,-1,-1
44259,IS163336c2a335c81812f71,-1,-1
44260,IS195b69db80af6c23ed7e4,-1,-1
44261,IS1e66ab4b60fe1b4a76d63,-1,-1
44262,IS10a097976fa81c328e816,-1,-1
44263,IS128f21884159bd43c20ab,-1,-1
44264,IS1fd92046978f8ed5b6d10,-1,-1
44265,IS15945d81f8e97be4b64a3,-1,-1
44266,IS1e0705731461e7aa8d6c2,-1,-1
44267,GdvVvKT3AS,-1,-1
44268,IS1d11eb79b0cbec519bc66,-1,-1
44269,IS1c27cbb81cd1fab4af6e1,-1,-1
44270,IS17ebb945e0e3abe5e0a1c,-1,-1
44271,IS1b7f2221476c35040855b,-1,-1
44272,IS125e27cd249494576175a,-1,-1
44273,IS15496dfde1a1cc0c74004,-1,-1
44274,IS1c448a514307a35d8eda2,-1,-1
44275,IS1d00e51058653c32ffca9,-1,-1
44276,IS1e77763e326f63fd70c17,-1,-1
44277,IS1f89918cdccbe7e8ee143,-1,-1
44278,13asilis,-1,-1
44279,aYBUhIOv41,-1,-1
44280,IS1395f32299a4d270a9a32,-1,-1
44281,IS105cc18fd51df7e870279,-1,-1
44282,qO7qqqxOWN,-1,-1
44283,NachoMadness,-1,-1
44284,IS13d078be89400d9bf76d4,-1,-1
44285,IS1b62eb67f0a87c1b7f162,-1,-1
44286,IS1e1381065d4d6dbd75d1a,-1,-1
44287,SHACO OR TROLL,-1,-1
44288,PeW1AKicAR,-1,-1
44289,VWMODOZKcI,-1,-1
44290,IS18a0fded30cb6f268bb02,-1,-1
44291,IS1d7d083602f383a680f95,-1,-1
44292,IS1740f88282b48495d47ef,-1,-1
44293,Snailwhiskers,-1,-1
44294,IS1bd6a5db9d633797df5c4,-1,-1
44295,Atrocis,-1,-1
44296,IS169d24e8d7e6dd0b7b40c,-1,-1
44297,Kirafishy,-1,-1
44298,IS1be2f28760472a381534a,-1,-1
44299,IS163e5dcca8ea3d08374ae,-1,-1
44300,IS1fe222dde3767eb4fe663,-1,-1
44301,Mouzbreaker,-1,-1
44302,jlkjlkklkjhjhjh,-1,-1
44303,IS113faae71c1067658e4be,-1,-1
44304,IS1a2dc4936b33f80cab66c,-1,-1
44305,IS1d225b801cb2944093093,-1,-1
44306,IS1663f1eab26ccd64efd02,-1,-1
44307,IS170b4ff26b7c644df5c4c,-1,-1
44308,IS142cbb7ae9c6d2b10082a,-1,-1
44309,Katowina,-1,-1
44310,IS12ed018028c06f93de168,-1,-1
44311,IS15be4d97571c5a1e57dd8,-1,-1
44312,i hope mid wins,-1,-1
44313,Thorwnyr,-1,-1
44314,np8dQHJmkI,-1,-1
44315,IS1dbe80b40b23114a7d042,-1,-1
44316,IS16bf3cd32363d3475c964,-1,-1
44317,IS104da9ceec67fed0bc336,-1,-1
44318,IS19c8617378e285ee9755c,-1,-1
44319,IS1da92cf9ab32fd9e5fe0d,-1,-1
44320,IS175b6acb3bb56cb131517,-1,-1
44321,IS18a8b1f75ef13b70c1124,-1,-1
44322,IS1918496e6569c9fcff808,-1,-1
44323,sycsadist,-1,-1
44324,IS1f176c09d80ac3f56f340,-1,-1
44325,IS185393187d1711e789178,-1,-1
44326,IS14ed57c3d9d6eaa2928a3,-1,-1
44327,IS15cbf9940ffb877246f44,-1,-1
44328,IS12940c7c21d8cc3a6c238,-1,-1
44329,IS1067365526de09c211af7,-1,-1
44330,IS1420c3a82973ef073279b,-1,-1
44331,IS1fb1e26aed5121433ecfd,-1,-1
44332,IS1d4e1a0a4f0ee5d6022aa,-1,-1
44333,IS1fefc5131f593b538befa,-1,-1
44334,IS1a7e87b4642054cd03f91,-1,-1
44335,IS11369e732d02520c6f21a,-1,-1
44336,IS145ab919cd01ae3e568b5,-1,-1
44337,IS10172148bf0b93e06390c,-1,-1
44338,MARVEL Deadpool,-1,-1
44339,IS18748790d8170245197ed,-1,-1
44340,IS19d23e6070e43c492e424,-1,-1
44341,IS10b547e0045b8e89d5ce4,-1,-1
44342,IS194d453bb634487082a90,-1,-1
44343,IS1dc47f7e6677ae35522a7,-1,-1
44344,IS142f6941b42a9d1922e19,-1,-1
44345,IS13d50f836beb8da7329b1,-1,-1
44346,IS1fb26cdaa4c2098913623,-1,-1
44347,IS17da146fa23d65cfcc6b6,-1,-1
44348,IS1a006b994d148f23a9b10,-1,-1
44349,Deathsnuggle,-1,-1
44350,Nightmachine,-1,-1
44351,IS1afc0e573776d7cbb3835,-1,-1
44352,2SEhkGdHIc,-1,-1
44353,IS1550532091da125a41c32,-1,-1
44354,IS1b8270601ac798440314d,-1,-1
44355,IS1848184ef5dabf5fcd1df,-1,-1
44356,IS1e3fe7452d8392a54f579,-1,-1
44357,IS121e2509511b561fb8c33,-1,-1
44358,IS1d34ddbd26915537bd937,-1,-1
44359,IS18559754fb3dfd88aaf71,-1,-1
44360,IS1f161becc010bfc8aa382,-1,-1
44361,IS1808f84c1108340268328,-1,-1
44362,IS117e5d188b53add56278a,-1,-1
44363,IS1d103f2e1b26562a7f707,-1,-1
44364,IS1b32865c784df054a1096,-1,-1
44365,IS1dfba6e942425c9c87960,-1,-1
44366,IS15f28761c81347ef3d89d,-1,-1
44367,IS1a2630dc87d559037be7c,-1,-1
44368,IS1e6ad999c632bc1b57e4b,-1,-1
44369,IS123c9f9b6d4250ac31f1d,-1,-1
44370,IS161abf404253403336457,-1,-1
44371,Chssrchghdwdrgds,-1,-1
44372,IS1a948981212d2e46805e0,-1,-1
44373,IS1af0423ad2813249ac4a2,-1,-1
44374,IS10b62a1217cc9d27ebdbe,-1,-1
44375,SuaveNZ,-1,-1
44376,IS103af7ecdc4e477ef271a,-1,-1
44377,IS14e2993a7c3b1313a08c7,-1,-1
44378,IS18abe57030f17bb3b2686,-1,-1
44379,IS11d85fa8e12e367201909,-1,-1
44380,IS102833994dcbdfe50f689,-1,-1
44381,ZW3x55E6TF,-1,-1
44382,IS11255349c3ededee1dcf8,-1,-1
44383,Hyourinmaru,-1,-1
44384,IS1e5a8fad19f1b6f84eaf4,-1,-1
44385,qUjcYrvHbD,-1,-1
44386,It2zlwmMRK,-1,-1
44387,IS1801414dddec798571cb4,-1,-1
44388,IS1d8a5c55dfaeb5321e8df,-1,-1
44389,IS19c60fa095cc3e82e00eb,-1,-1
44390,IS1930aefd5437298d64a70,-1,-1
44391,IS1d052510d132c3071d1cc,-1,-1
44392,IS1a6e9046fde7219548b65,-1,-1
44393,IS1c6111f57857095517a28,-1,-1
44394,PluT,-1,-1
44395,Juninho Piuanta,-1,-1
44396,IS126150b75fc9b2951c7b1,-1,-1
44397,IS10da4f0632e459ec22292,-1,-1
44398,Nilkki,-1,-1
44399,Lord Drewno,-1,-1
44400,Sworen,-1,-1
44401,IS18da17ba4c7d8b0893557,-1,-1
44402,IS13910e15eb944d97c13c0,-1,-1
44403,IS1d0c32b04e1d663965bd9,-1,-1
44404,IS197976c3b8879b4f3d47a,-1,-1
44405,IS182a0abbf22583949f917,-1,-1
44406,IS19b0eba12bc655ea73d06,-1,-1
44407,Tecnauta,-1,-1
44408,IS10107531af91686e82c60,-1,-1
44409,IS14115ac59bd615f49354f,-1,-1
44410,YangMeister,-1,-1
44411,IS14ce314f6c2c4afd261bc,-1,-1
44412,Prejudice,-1,-1
44413,IS1ab1732ee88f3baa63cbb,-1,-1
44414,IS1e3c67d4386b0eb1063c8,-1,-1
44415,IS1b4fab9a6775852024e45,-1,-1
44416,IS19e9b53c7c90f59d455d5,-1,-1
44417,IS16148c8f08d2caa94bf1f,-1,-1
44418,IS116ef605f73a6ad7f89fb,-1,-1
44419,DuckyOfChaos,-1,-1
44420,IS1ba26f7778851c126bee3,-1,-1
44421,IS19b808769c635446b5972,-1,-1
44422,IS11fdcb28582f28c61adfa,-1,-1
44423,IS1f89118a0a9b440757634,-1,-1
44424,IS11eaa7d22ac0b6b435c77,-1,-1
44425,IS1000474d29f98d6e03e80,-1,-1
44426,IS1c67bcf6d5520e5da7af3,-1,-1
44427,IS1bd5cf70773f610e2c5c0,-1,-1
44428,Rubbel,-1,-1
44429,IS17eda87281f7c3289ad4f,-1,-1
44430,IS147614187c6451a16d367,-1,-1
44431,7fBLgh0t5s,-1,-1
44432,Ceveyvle,-1,-1
44433,IS1a5fe839466462e187182,-1,-1
44434,IS1fa107a9536275bba0509,-1,-1
44435,slcdgDsrres,-1,-1
44436,dev3rin,-1,-1
44437,IS1f6745f9d8fa1b6704c9f,-1,-1
44438,Vargavinter,-1,-1
44439,465132,-1,-1
44440,IS1ad5b8f6fba554975ebc4,-1,-1
44441,Rrobi,-1,-1
44442,IS158e92fcf797a1eb2983d,-1,-1
44443,gremlinblue001,-1,-1
44444,IS114e9cb498f1793817d69,-1,-1
44445,IS1ec237d93342fd176c667,-1,-1
44446,JannaBananaChan,-1,-1
44447,IS1211ba5d02b9db2b5866f,-1,-1
44448,IS113b879f26a7094f70bcc,-1,-1
44449,IS1f82e8849d8b1f77debc4,-1,-1
44450,smashermorgan,-1,-1
44451,IS171854f70564769acae45,-1,-1
44452,snuggylips,-1,-1
44453,on7uowis,-1,-1
44454,IS17dae63ade4fea6c65957,-1,-1
44455,IS18cb33842d65de826d804,-1,-1
44456,IS1241d24b2543bb5b0cfdc,-1,-1
44457,IS148d504ca4865c1a69dd2,-1,-1
44458,IS1ffadf8f67ef0af84d183,-1,-1
44459,IS1fc848c8ddb2b484b7c2c,-1,-1
44460,IS100b1a941d8defae4d6b8,-1,-1
44461,IS1e9897d8aedde5bc04ed7,-1,-1
44462,IS12dad9ba614297dccc99c,-1,-1
44463,IS14aeb92b446fbb6baf31c,-1,-1
44464,IS1094901a01b9c7c4c2144,-1,-1
44465,gQbL29THcy,-1,-1
44466,IS123aa1f82f787f2802e7b,-1,-1
44467,BVz6oRDoOy,-1,-1
44468,tjingen,-1,-1
44469,Xskulled,-1,-1
44470,Kheldar,-1,-1
44471,gooliegools,-1,-1
44472,SenpriW,-1,-1
44473,IS155294daf67b1b,-1,-1
44474,IS17b67109692744061556f,-1,-1
44475,pVfkypRzrL,-1,-1
44476,Kereagod,-1,-1
44477,IS1c66f349544070b8ae045,-1,-1
44478,IS1ff8ff93a817abbf84939,-1,-1
44479,IS1d9a44bbc2f778954c5ae,-1,-1
44480,IS13d64ce675e74ce8ffb8b,-1,-1
44481,IS197321e09f9fb84704114,-1,-1
44482,TheWandererJhin,-1,-1
44483,IS1bba0f8ca13a2faaa390c,-1,-1
44484,IS1fcc286db3b72884c57cc,-1,-1
44485,SiXP4cK,-1,-1
44486,IS127d21cfef53e66058bd5,-1,-1
44487,Kainos,-1,-1
44488,Malix,-1,-1
44489,IS12c82170cf88ca8b4f7af,-1,-1
44490,IS14079cb9fef895846b3e2,-1,-1
44491,IS13c0b8fa0a0d44435f9c2,-1,-1
44492,Z2DzmHj2mY,-1,-1
44493,IS195afbc4b0b0c672bf6e0,-1,-1
44494,volmasoft,-1,-1
44495,IS16fb191ed29c13b3661a6,-1,-1
44496,IS18e86fd5a4dce4fce5aa5,-1,-1
44497,IS1b2a9f79363d66d5d3f61,-1,-1
44498,IS143a36a71cbaf2b347dd1,-1,-1
44499,IS1bf758669c99bfa179412,-1,-1
44500,TwerkyDo,-1,-1
44501,IS1f838312dc462c8d920cc,-1,-1
44502,IS1b70e74e7cbd38b6ac1bf,-1,-1
44503,IS183147e53daee7fcb4550,-1,-1
44504,IS19d81dc49422105116067,-1,-1
44505,Baykaga,-1,-1
44506,IS104731e458a80a44d4299,-1,-1
44507,IS15531302fa9a026864bfa,-1,-1
44508,IS17f16a191369763104d33,-1,-1
44509,Valmourn,-1,-1
44510,IS18bc9a6cf8de213b5181b,-1,-1
44511,IS19c6e4192e49baa4a0578,-1,-1
44512,IS188720e2d89ed1d3f1be3,-1,-1
44513,oKT7mpAEtr,-1,-1
44514,IS14c82a02b57d546b8a90e,-1,-1
44515,IS1d1a80133387187c01092,-1,-1
44516,IS198d00851eb7695eea4f2,-1,-1
44517,IS146e1dd5290fce69e0c23,-1,-1
44518,IS189d3489b0573a2e9ac26,-1,-1
44519,IS159ed96f91d86812a1887,-1,-1
44520,IS18777280b6e8074ad82fa,-1,-1
44521,IS101147435cd9da3140fc7,-1,-1
44522,IS1d184eba7cfae0d75e40a,-1,-1
44523,IS11f5a4498fa1d38be78c8,-1,-1
44524,IS1ac6db7b48a08e17fbdda,-1,-1
44525,IS1674ae2145b02f03ff27d,-1,-1
44526,IS10911b58d8a5132b10ff2,-1,-1
44527,IS1e584aa522328ae983f08,-1,-1
44528,IS10c2f5edd0add97145f6a,-1,-1
44529,IS1016dd66c9c6edc1c2583,-1,-1
44530,IS15d5b9b82e1b42cca0ef1,-1,-1
44531,coocootower,-1,-1
44532,Dynomait,-1,-1
44533,IS17870659b6b4042c75b76,-1,-1
44534,IS12565d7819ad2c5a11d5c,-1,-1
44535,Youri,-1,-1
44536,Ace Death,-1,-1
44537,IS1350c72b02109b0dbac8e,-1,-1
44538,IS179af75d36d7fca34fa28,-1,-1
44539,IS198b2ac93ad6261ce516b,-1,-1
44540,JustSalt,-1,-1
44541,IS1d4624dcb1374d25dcfb0,-1,-1
44542,IS1452368a261171b4aa4ad,-1,-1
44543,Druidika,-1,-1
44544,IS187d881c757f44f1b0357,-1,-1
44545,IS1b2e81aa6304e009781d6,-1,-1
44546,zxczxcxzcxxzczx,-1,-1
44547,DechCoTen,-1,-1
44548,IS18e49b0015adfdc2bb393,-1,-1
44549,IS1af527d527becc49c0c07,-1,-1
44550,IS139036f5d312247e39057,-1,-1
44551,IS15f58668f35dd4bf26158,-1,-1
44552,IS18a75a79f81a87f5a794b,-1,-1
44553,IS148a20b3e63373476c6ea,-1,-1
44554,IS14695877f21cff57dcc2d,-1,-1
44555,Professor Monkeyhead,-1,-1
44556,hz5IiD2wyK,-1,-1
44557,IS1e44e19221e6649796c54,-1,-1
44558,H2iQo2amcu,-1,-1
44559,LadySuburu,-1,-1
44560,TheUndeadFish,-1,-1
44561,IS1ac543eb4d7104a8abb78,-1,-1
44562,Z2 Hoern,-1,-1
44563,IS13d4626f9b5ec5417182f,-1,-1
44564,IS12a84f7c62164815f8c17,-1,-1
44565,Tenzig,-1,-1
44566,IS1c5448a12afa41458c240,-1,-1
44567,IS163f73743d5c4a069dc0f,-1,-1
44568,IS187487f416354d7264678,-1,-1
44569,iXbKzoqswS,-1,-1
44570,IS1a5c6b9a8c3695b8861e6,-1,-1
44571,IS10cb39baf8098c3a8e5ff,-1,-1
44572,IS1da3d20e4fa4dcf984c42,-1,-1
44573,IS178845486607056ac1e05,-1,-1
44574,silentvtec,-1,-1
44575,ayusaki,-1,-1
44576,Sagi,-1,-1
44577,Geops,-1,-1
44578,IS13245796f4348f44d60dc,-1,-1
44579,IS1f4b1b1385ce82cf0cd1f,-1,-1
44580,IS12f2deaba9d31f925a0d7,-1,-1
44581,IS12d82ba53d867b429e1dd,-1,-1
44582,IS14814d43a9f6560794acd,-1,-1
44583,IS1e93488e90a7ff92ee74f,-1,-1
44584,IS1fddf0a651a7f58447680,-1,-1
44585,IS10775b563fe44a05388a0,-1,-1
44586,IS14051d5bf2823c94179fe,-1,-1
44587,IS1dae48287beb7d2a0685b,-1,-1
44588,IS1091f331ca8188757e215,-1,-1
44589,IS19b64e43a26894bc2dd33,-1,-1
44590,IS1e87dfd054aeb6832c72d,-1,-1
44591,Thorny Ramathorn,-1,-1
44592,sp3tsnaz,-1,-1
44593,LAZSjQbunA,-1,-1
44594,sinEther,-1,-1
44595,IS16fb44bac5948ab179f82,-1,-1
44596,Vultus,-1,-1
44597,Kuci,-1,-1
44598,IS1078f1a1d73d0bd575a32,-1,-1
44599,Paragot,-1,-1
44600,Kifster,-1,-1
44601,IS1ec6fc59da19e05d983e3,-1,-1
44602,IS1a0fafb33f7e2e5b0df03,-1,-1
44603,IS177738e68650b3f72924c,-1,-1
44604,IS1338c6fbfac452fb96b7c,-1,-1
44605,IS1369f4ce7ac9253f9d5cb,-1,-1
44606,IS12f255a619c09e04b461a,-1,-1
44607,IS1e436802063fc73e6f2c5,-1,-1
44608,Krakie,-1,-1
44609,IS1b6999d195eae85d7290b,-1,-1
44610,IS16fec3afb907865fad651,-1,-1
44611,dl3r1,-1,-1
44612,IS105ef5e9a1d0fbd39f412,-1,-1
44613,IS142ca4ee1b0fcb4cd4fc5,-1,-1
44614,IS1715fb131aaeecf586710,-1,-1
44615,IS1b25a0c47779fe37c80e0,-1,-1
44616,IS1f15cb1e5686ea2c1edaa,-1,-1
44617,Swadow,-1,-1
44618,IS151e505a307a223676662,-1,-1
44619,TammTheArmadillo,-1,-1
44620,IqtT1hgvv4,-1,-1
44621,Lord Sh0,-1,-1
44622,IS1b988e7b0b3a96ea2ae42,-1,-1
44623,IS1c8172bbaa1b6288a4ac4,-1,-1
44624,IS1d872844d94e6c00ac9f3,-1,-1
44625,y54h9tUGF9,-1,-1
44626,oOMitchOo,-1,-1
44627,IS1e4e013bbc4c45e2ed0ea,-1,-1
44628,IS1c5af680cdf2a0c9b72b4,-1,-1
44629,IS186b45ecbc374f16f589c,-1,-1
44630,IS1328a1765b139792b5371,-1,-1
44631,iWorreh,-1,-1
44632,IS126476da861751b09a0eb,-1,-1
44633,IS1ab92e0143b92baa2407b,-1,-1
44634,ghWT0CbmXU,-1,-1
44635,IS1ee0ebd3a49b6f448efc8,-1,-1
44636,IS1a2e3c6b9ab2efdacb395,-1,-1
44637,IS1205eb3a32a767378f03f,-1,-1
44638,IS12b168c92a84bacfb2040,-1,-1
44639,IS13caf4875f9cf28664194,-1,-1
44640,bnetelmo,-1,-1
44641,IS1557cd43b77a29d592ba3,-1,-1
44642,IS1409658be0c7b97e9e743,-1,-1
44643,kyozou,-1,-1
44644,IS1afa5430eeb195bcebe6a,-1,-1
44645,IS10e213ad8704b9670d876,-1,-1
44646,IS1c4ce017655ee2ea2ad46,-1,-1
44647,Bungalo,-1,-1
44648,Rabbit Food OP,-1,-1
44649,Rahan,-1,-1
44650,IS1266a7663d63876d84223,-1,-1
44651,IS1d4dfa6c1947397107bb1,-1,-1
44652,IS1b8639870ae23016bbaeb,-1,-1
44653,IS1a5660d69935af1f582b5,-1,-1
44654,UnreadyCrab,-1,-1
44655,iSUCK213,-1,-1
44656,IS1e6aa55594282e426bdb7,-1,-1
44657,IS17adc1389a59748913cb0,-1,-1
44658,t1qX2aP0r5,-1,-1
44659,IS155b8fea122cba1403273,-1,-1
44660,IS12c2cca040bd026057559,-1,-1
44661,Gazuki,-1,-1
44662,IS124bed34736ac28969bef,-1,-1
44663,IS14ac70f0f492717d88f48,-1,-1
44664,IS16179bf15b2f2a69f53dd,-1,-1
44665,IS117dab8d9070d88aa2c2c,-1,-1
44666,IS1a57287b442383d7b88b6,-1,-1
44667,IS1175445b0a0252b75efe3,-1,-1
44668,IS18905878a207f72d1cdae,-1,-1
44669,Homosalad,-1,-1
44670,IS1726f626753b88ecefd40,-1,-1
44671,IS13fbf7cb7be5091201041,-1,-1
44672,IS1d95967d2d55fce773f97,-1,-1
44673,IS1028842f255e179b1241b,-1,-1
44674,IS11bd40704ac69becb564b,-1,-1
44675,IS152d36955ef1cd551253a,-1,-1
44676,IS1e41821a2050bf4edfb67,-1,-1
44677,IS10b09c5104fb61cb35336,-1,-1
44678,Xychosis,-1,-1
44679,IS1bcd7a40f671acae634d5,-1,-1
44680,IS1a747e260e274bdb13b64,-1,-1
44681,Kabie,-1,-1
44682,IS1c686e9a3bb0eafb2f13f,-1,-1
44683,tirentu,-1,-1
44684,kreso,-1,-1
44685,ReaverX13,-1,-1
44686,IS15bea2546fe382b8b8488,-1,-1
44687,IS1db42770e8bd612491407,-1,-1
44688,IS19d5f4101b196e85fba3a,-1,-1
44689,Konis,-1,-1
44690,me8ismenos,-1,-1
44691,IS10a9c8f0e83ddd73e2453,-1,-1
44692,IS1f2d8758b675ac8331ecf,-1,-1
44693,IS1e0e2233801f82486b33f,-1,-1
44694,IS130b17829a1d5c58d148f,-1,-1
44695,Y9mFlu0qEW,-1,-1
44696,IS1a338cc97d3ef4b2507dd,-1,-1
44697,IS14cef853b3474cf1e359d,-1,-1
44698,Thom Yorke,-1,-1
44699,LRqxgVOCre,-1,-1
44700,SNpsfAIwVW,-1,-1
44701,reddo,-1,-1
44702,IS1aeb2bd9db5c6561ed68d,-1,-1
44703,IS1602971ea0443f5d4428e,-1,-1
44704,Yuyuko,-1,-1
44705,IS1df910ce3d693603404fb,-1,-1
44706,arktix,-1,-1
44707,IS188b450e706d65533dbd2,-1,-1
44708,Yezee,-1,-1
44709,IS15ab0851c6c86bdad6106,-1,-1
44710,IS102dee3823b2ca58a0f2d,-1,-1
44711,IS1412b1e8f63c3447dfc54,-1,-1
44712,IS1d3993a40f23899d1fe82,-1,-1
44713,IS197686362d4a429e1ef28,-1,-1
44714,IS1e3ede1959fca149140a8,-1,-1
44715,IS179fce2a3c7331b289981,-1,-1
44716,Rumcajz,-1,-1
44717,IS1f9ae5b0199a6e111e85a,-1,-1
44718,IS1d1984b79596c0233d74e,-1,-1
44719,IS10f8a480908b92521e25a,-1,-1
44720,IS1d31e16b4b88cff13c6fb,-1,-1
44721,IS197a18dfb0206489abcac,-1,-1
44722,IS1a163dea7821654e0efcf,-1,-1
44723,IS19deea7fcb58c63e6885b,-1,-1
44724,IS1ce9f0fcfe1843113b472,-1,-1
44725,HIMo5bEFkL,-1,-1
44726,IS19d5159c9195b002f851b,-1,-1
44727,IS1b5ad15e6f2abe2370c17,-1,-1
44728,IS1c8c7b25269628a1ed964,-1,-1
44729,IS15cb91d2ea1f058384f06,-1,-1
44730,IS1c8f4cc3f8923c1dbb1f8,-1,-1
44731,IS1b42907fe9cc7aa3eb5a1,-1,-1
44732,Wm2memEAKn,-1,-1
44733,IS185045640e9f3fcfc182a,-1,-1
44734,IS1f86ba974e86709411eb6,-1,-1
44735,IS1e906cdb7acbf5e3ef18b,-1,-1
44736,EDS Senri,-1,-1
44737,IS10155d2989ebdf9fabb99,-1,-1
44738,GazelBeam,-1,-1
44739,94651,-1,-1
44740,IS191178cf39a95b,-1,-1
44741,RZGTYUHV1,-1,-1
44742,beatlemn,-1,-1
44743,los hanfos,-1,-1
44744,IS1b97ea827134223f62586,-1,-1
44745,IS167680570fa60790b8e07,-1,-1
44746,IS1d6e6ebb8cf4994d2f1d1,-1,-1
44747,IS1d8ec601275a1a8012e14,-1,-1
44748,IS1c6286bbd196b2cb02798,-1,-1
44749,IS1bee8842cc54a73775d9a,-1,-1
44750,IS167ff8d02a8048adf3e79,-1,-1
44751,IS1f7cc85d40f97588c8a80,-1,-1
44752,kgoz11,-1,-1
44753,IS15642a6a095aeb71ee307,-1,-1
44754,IS1ff7e6f337ffc66c907de,-1,-1
44755,IS1bccd52b0d84bcd241a28,-1,-1
44756,IS10fa3dae66a0d252ff110,-1,-1
44757,johnexus,-1,-1
44758,IS17530b2ecbcad034fd518,-1,-1
44759,IS10664a8b8f314b5a177c3,-1,-1
44760,IS16095d654c9196f973b00,-1,-1
44761,IS1c7e6e4a1f3c8f035275d,-1,-1
44762,IS126069e83dbe877a45468,-1,-1
44763,IS10600a0c92901bc47b4f9,-1,-1
44764,IS1446d1cd7b818f84e3ca5,-1,-1
44765,IS10df4ff9aaeda12eeb327,-1,-1
44766,IS12235166f1ccd5b4398ea,-1,-1
44767,Kesshi,-1,-1
44768,IS1f5d916817a7e867063b3,-1,-1
44769,IS150f600e34e40991df3c9,-1,-1
44770,IS1000f8216b3d4c488ea9f,-1,-1
44771,Msesek seseejese,-1,-1
44772,hanks101,-1,-1
44773,IS161752b9de5eab588bcb5,-1,-1
44774,IS14260ad8225c18d2b61c1,-1,-1
44775,1SM4Tx7dHC,-1,-1
44776,Dashstart,-1,-1
44777,IS14cbfd8e34777a63bc394,-1,-1
44778,IS1e582a05bc6981879f01a,-1,-1
44779,IS14d256b2cfad6aa68e3f7,-1,-1
44780,IS199498ce379d3253daec4,-1,-1
44781,Makkane,-1,-1
44782,IS1ec110b0a2f0659774b2d,-1,-1
44783,IS11abd5c2cb5f9313905a5,-1,-1
44784,IS1b3639297229b000b39b6,-1,-1
44785,IS1b4b85b23618ae6988252,-1,-1
44786,Deathwlker,-1,-1
44787,IS102546d5c8d4d8cbd7739,-1,-1
44788,IS1720a82bb36aeab48bb18,-1,-1
44789,IS10ac5dacf8e2102c581ba,-1,-1
44790,IS150fec0091a5391c27e11,-1,-1
44791,Increvateur,-1,-1
44792,PsYcHo mtg,-1,-1
44793,IS148c62475144651c21281,-1,-1
44794,molochsvk,-1,-1
44795,IS1b7421e16abe2e414d344,-1,-1
44796,IS102cfb374871aa889a9c7,-1,-1
44797,IS1f1d3555ac12218da520e,-1,-1
44798,Q7rF4PNGcx,-1,-1
44799,LeCandyManiac,-1,-1
44800,yEHPvgYU1N,-1,-1
44801,IS1624c5c3fbdc7b1bb87b0,-1,-1
44802,IS1a6fa42bf249242440e91,-1,-1
44803,IS1761dc216ed4835dfab9b,-1,-1
44804,IS1083739da863da2c4b6f8,-1,-1
44805,546864684684,-1,-1
44806,IS141ad7a090322fd77908f,-1,-1
44807,daemonsabre,-1,-1
44808,IS1ad0bc1d705b05e477867,-1,-1
44809,TimSherwood,-1,-1
44810,IS1a18f6d4aa773b988462c,-1,-1
44811,IS172e7713972c5497a5d40,-1,-1
44812,IS160f6bd75f28170a24740,-1,-1
44813,IS13322241231253815e10a,-1,-1
44814,IS188f2585fbff224d8c0f5,-1,-1
44815,29UWishbWT,-1,-1
44816,IS1b479c4a73e55dfd8b0b7,-1,-1
44817,IS14a58e06d8f7f0b7e53b7,-1,-1
44818,IS1c0ac461ca88fdb8c8b4a,-1,-1
44819,jamsm,-1,-1
44820,IS1923dd0ad7fcb1ec305de,-1,-1
44821,Hell Soldier,-1,-1
44822,IS1c9a415f45c377b780f6b,-1,-1
44823,IS1156b113a1e1dab27f91a,-1,-1
44824,uV4yAnBEv6,-1,-1
44825,8z4EIIbebg,-1,-1
44826,IS19d0d5a91b57b5d63db32,-1,-1
44827,IS1bc385d5ae7ddae409e7f,-1,-1
44828,IS143c29b7afb732f3c921c,-1,-1
44829,IS1f64e0f46279806ed9970,-1,-1
44830,IS164d2796bdbd590189e7d,-1,-1
44831,IS11d002e56e87c534577c9,-1,-1
44832,IS1e9fa82e0ab093a5ed4a8,-1,-1
44833,zXVoQ92wCy,-1,-1
44834,Z3 Gben,-1,-1
44835,Harogan,-1,-1
44836,WilsonJaiJai,-1,-1
44837,IS145fa2d7e3188b61b50ba,-1,-1
44838,IS19ffc65ba689bc891b5fe,-1,-1
44839,IS1273495f16a9bd44009e6,-1,-1
44840,IS1cae086868d47552dcf40,-1,-1
44841,IS1808cd64d2f2db1399bae,-1,-1
44842,IS1b004ae00cb39cfe27fa5,-1,-1
44843,Sraxix,-1,-1
44844,pdz2bY9cP8,-1,-1
44845,IS1675c4264ed48771616c3,-1,-1
44846,o3J2mAz3OX,-1,-1
44847,IS1848ed1b74ad799489755,-1,-1
44848,GrinchMean1,-1,-1
44849,SoulDestiny,-1,-1
44850,NaNoSoLdIeR,-1,-1
44851,IS186216e70ca0d85fb56c2,-1,-1
44852,IS1362c4adb62cdf6a5b83a,-1,-1
44853,IS1597877a7d5036789a3a1,-1,-1
44854,IS1b68903bf93a139d419a0,-1,-1
44855,IS17f371843e3b45f8d2759,-1,-1
44856,IS14f8703f26fe2c77636b4,-1,-1
44857,Kaninen,-1,-1
44858,IS13caba20b3a3c15a6245b,-1,-1
44859,IS17532eda6194bdae2baef,-1,-1
44860,IS14099f69c7e3a7fa11116,-1,-1
44861,iqfQVLinM9,-1,-1
44862,IS1dac77360296c8cfe0fdf,-1,-1
44863,IS1597447fdd34bd1e3f7b8,-1,-1
44864,IS154538c5e3c5d3188a0ba,-1,-1
44865,IS1aec4ddc92d7a0b15c08e,-1,-1
44866,IS140d475c1e9f31c6e5939,-1,-1
44867,IS17ae0d7e53c889283b0f8,-1,-1
44868,IS1bad46792857061be42db,-1,-1
44869,IS153834d78a3edd0918c62,-1,-1
44870,TripleX,-1,-1
44871,wswswswwwwww,-1,-1
44872,IS12ed730f5f67f1c5a5f2c,-1,-1
44873,IS1989e0d1bd75d5d18544a,-1,-1
44874,Pomza,-1,-1
44875,IS1172b226b7282823549f3,-1,-1
44876,IS12fcc7a7b45fc7329e5ca,-1,-1
44877,RedScience,-1,-1
44878,IS185af88da8437958f4c10,-1,-1
44879,IS1b9e98e27f8bf2b98abb4,-1,-1
44880,IS11b9df247ee2f30931fe8,-1,-1
44881,yk7YHUl6oc,-1,-1
44882,IS13a33ccd225eb349bcdeb,-1,-1
44883,IS19c44728f01ead5bcde2b,-1,-1
44884,IS193a03b71b032e0e09ce5,-1,-1
44885,IS1551206b40190cf1b4324,-1,-1
44886,IS132da20ffb55cf4bc3607,-1,-1
44887,IS1312efe43feef38a0b97b,-1,-1
44888,IS1fbdc30ef08375e80c0ae,-1,-1
44889,IS1b3ab87bad8b4e0d7674a,-1,-1
44890,WP Krieg,-1,-1
44891,IS1b8c52913bee4b0415965,-1,-1
44892,IS1ce8712b68b64ad3e7037,-1,-1
44893,rafay,-1,-1
44894,yKkSLC4OUr,-1,-1
44895,IS1c4091f5c6afe2148ac7f,-1,-1
44896,IS14c961430012c98a75627,-1,-1
44897,Lontt,-1,-1
44898,IS1873e346f0ea9371892bf,-1,-1
44899,IS12ec0cd211135d81f93c0,-1,-1
44900,DarkRogan,-1,-1
44901,IS1ec4f2947ad9778dc35c0,-1,-1
44902,IS184211559098a33a38ce9,-1,-1
44903,IS1e20c9ab4ee3442b3a25b,-1,-1
44904,IS11dfc7feae0d495fb8ead,-1,-1
44905,IS16e11f89772bdfacfd259,-1,-1
44906,Vancelot,-1,-1
44907,Sparksmith,-1,-1
44908,IS12bf798fb87d2f66a7e94,-1,-1
44909,IS1edc728d1462e7791434b,-1,-1
44910,IS1bef07d64956316956d4a,-1,-1
44911,IS146cf203e6143455a6653,-1,-1
44912,IS15dd67fc43e09871ff3a5,-1,-1
44913,IS1306c40cc4d7773a3a69a,-1,-1
44914,IS15bb553d3e61d41244688,-1,-1
44915,IS15353b3d2db313afe1d4b,-1,-1
44916,IS102ac04970b46f099044f,-1,-1
44917,IS100224d034469833d5fe5,-1,-1
44918,IS1e16fd2ef7005b34a2e12,-1,-1
44919,IS1c521dbc9f8c0300fc859,-1,-1
44920,IS1a51c73533c621e5c8107,-1,-1
44921,IS17d60966fc76d1db63413,-1,-1
44922,Kush Kush,-1,-1
44923,discourgewyn,-1,-1
44924,IS16e0f36ceedc12cb00032,-1,-1
44925,IS12a097afdf7efae7bc1d9,-1,-1
44926,IS1f55e858a019a76aa20a7,-1,-1
44927,Bifrost,-1,-1
44928,IS1849fddfaf59354916108,-1,-1
44929,IS1377038ab855694e4903c,-1,-1
44930,IS115ebb237c7ba7a2e1b37,-1,-1
44931,IS1cc93f4578c3106676f42,-1,-1
44932,taimou,-1,-1
44933,IS11f122da0db7005c0f452,-1,-1
44934,IS18ab915913705e3b87229,-1,-1
44935,iwiqiq2,-1,-1
44936,IS11efc105ff790cfe62bb9,-1,-1
44937,IS1e03eaf666747dafbc659,-1,-1
44938,Jollyman,-1,-1
44939,IS17faf9cd22b4188243793,-1,-1
44940,IS161611712f456f5bdd255,-1,-1
44941,IS1e8282dbce0a06536ddec,-1,-1
44942,NinZine,-1,-1
44943,IS1133844e0a3c396af3dd0,-1,-1
44944,IS1ffc853ec7ed398e021a1,-1,-1
44945,IS192ca6c1490cb27e257a6,-1,-1
44946,IS19f24043e21b5c238eb7d,-1,-1
44947,IS1074d1e8b1fdb9d7ccf3f,-1,-1
44948,IS1b75b3e314a09a64953b3,-1,-1
44949,IS18e320f513b8d40d1b84e,-1,-1
44950,redgard,-1,-1
44951,IS18536c92fc5cc8a0c22da,-1,-1
44952,IS108f932e93b13dd19de5d,-1,-1
44953,IS1b2b8d06eecad8d16b370,-1,-1
44954,IS1e331723d5af0f5d917a8,-1,-1
44955,tobuki,-1,-1
44956,IS15baf606c6b471fade6f6,-1,-1
44957,IS1728774ac9cd022d4c8f9,-1,-1
44958,Z2 Clong,-1,-1
44959,Ru3en,-1,-1
44960,IS1d0a6aae61164aa80c9db,-1,-1
44961,IS142b974fc517ff2e3f1f8,-1,-1
44962,IS1b151a8516b9730037148,-1,-1
44963,IS102e820f2e98a339758b2,-1,-1
44964,IS14f80594b2e0c7e8b8a93,-1,-1
44965,IS1d8b80b24ca033b10519e,-1,-1
44966,IS189083db9e5b1804b52d4,-1,-1
44967,IS1de6974a7a6a61c7d8f24,-1,-1
44968,Raknog,-1,-1
44969,IS172a08d3def1842ea6ac3,-1,-1
44970,IS184a1bd0738dd8646e721,-1,-1
44971,IS14c96d50c30f2467c4bc6,-1,-1
44972,HanXuBong,-1,-1
44973,IS1ef4936816967f9927739,-1,-1
44974,IS1ab006ad64523becfa651,-1,-1
44975,IS10e79b31a546a1a60fe90,-1,-1
44976,IS179ea63ff5a68f1baf5e3,-1,-1
44977,PQZLLMHF1,-1,-1
44978,azncactus,-1,-1
44979,IS1dc2a4aa5f460c6a308f3,-1,-1
44980,Scrai,-1,-1
44981,IS1967ceca8023b36710673,-1,-1
44982,IS1598d7c810afee405b57c,-1,-1
44983,IS1ff125e02122597fbfb29,-1,-1
44984,IS1a526b9e06340ce7d185f,-1,-1
44985,IS1de26beac81f7848f21bb,-1,-1
44986,IS193a510ea9bd337a4d144,-1,-1
44987,crimske,-1,-1
44988,IS12eeda0aa492cc52e3d34,-1,-1
44989,IS16e16b175a6a31b9702d4,-1,-1
44990,IS14681218ed134d85575e3,-1,-1
44991,IS17c648f544bf985f09e3a,-1,-1
44992,IS142604f077d13f75523b9,-1,-1
44993,IS1e59995516e3c3342d452,-1,-1
44994,godmanGM,-1,-1
44995,IS123e29ac4808457f06dec,-1,-1
44996,IS15af26e683e77526dff7e,-1,-1
44997,Djanx,-1,-1
44998,IS1ec05515966ba0fe3e5d1,-1,-1
44999,IS1039d9fe77cc124f6a4c4,-1,-1
