45000,IS124e8772d17a2cc5134a5,-1,-1
45001,IS1b7a84194306e1b37968c,-1,-1
45002,IS12e135a61c0736b520b45,-1,-1
45003,IS1574cd81f22b988c3d190,-1,-1
45004,SilkySlim,-1,-1
45005,IS19e41c73b370ad2fb45a1,-1,-1
45006,sKsiJnmEgr,-1,-1
45007,IS1731f7f2ce2f1bb408f5e,-1,-1
45008,IS1fcf42ec895b272d975bd,-1,-1
45009,IS14ee242e5cd224b077c10,-1,-1
45010,IS16dee5c1898e2b090621c,-1,-1
45011,IS1b30d61366ddc81b17a91,-1,-1
45012,Soulburnz,-1,-1
45013,IS1cce5a0e04baa94987423,-1,-1
45014,RAMgoesHAM,-1,-1
45015,JustJim,-1,-1
45016,IS14610f23e26a317dd1570,-1,-1
45017,IS13e2914cd6fcaec2e700e,-1,-1
45018,IS19e1c2e0b00c313fca49c,-1,-1
45019,IS168450551b51ae4d2f124,-1,-1
45020,Laren,-1,-1
45021,Tawxic,-1,-1
45022,IS1e74eb1c80b5a36f3ffcb,-1,-1
45023,IS1fab0d49ec3d91c6017c4,-1,-1
45024,IS1b0a0f99cbe219a073187,-1,-1
45025,IS1cfe667239273e6a957f3,-1,-1
45026,IS153bda4d5c3d12bbbc0c7,-1,-1
45027,IS153f923d50254601e7b0e,-1,-1
45028,Jainay,-1,-1
45029,Zereul,-1,-1
45030,Mqe5IWchBA,-1,-1
45031,IS1f7920755726b280302e7,-1,-1
45032,IS1df6d421d905d583e366a,-1,-1
45033,IS1bfe513b2dc947a15f7a7,-1,-1
45034,Alecti,-1,-1
45035,Kaos Angel,-1,-1
45036,IS16016a029303922ed70b8,-1,-1
45037,dl97BPuWrF,-1,-1
45038,IS17c2d6f0b5404cbc61fc5,-1,-1
45039,Fazendeiro,-1,-1
45040,IS125cc1af8e2317f4b7875,-1,-1
45041,IS1fae86b501c3dcc77c00c,-1,-1
45042,IS1d8cae921d69e20715016,-1,-1
45043,Kruzk,-1,-1
45044,IS18304be060908b3443edf,-1,-1
45045,IS1be774e77a7268383769c,-1,-1
45046,IS1dbeed16a16c4c785b769,-1,-1
45047,Taira,-1,-1
45048,IS12d047e8940d7d15204ca,-1,-1
45049,IS194243412ed59f9c5f310,-1,-1
45050,IS15390b86b31be0e3bee9f,-1,-1
45051,IS1e753d561436cf847d76c,-1,-1
45052,IS1fd0c9635813701126e3a,-1,-1
45053,IS1e8a49692fe017c65ec9b,-1,-1
45054,IS14449bc8124b51a806abb,-1,-1
45055,IS19ad0c1fcd6a2fad7165d,-1,-1
45056,IS1f21191bf58b26102c144,-1,-1
45057,IS1a921fd566bdef26e5ef4,-1,-1
45058,IS1e806f17c61cbfa18c240,-1,-1
45059,IS1543b931fb5a393b44f93,-1,-1
45060,IS1d7eb0c1066059d9513df,-1,-1
45061,SoulSedition,-1,-1
45062,CR4CkH34D,-1,-1
45063,Jdaniels,-1,-1
45064,nocontent,-1,-1
45065,IS1f7fc01785f979eff8ea3,-1,-1
45066,IS1924eadb64ffc62bb0e58,-1,-1
45067,IS1a51b03f9bac94edbe5b8,-1,-1
45068,IS1072c97d569682ffe8514,-1,-1
45069,IS1f8e4b1df6e3f3f83bd7b,-1,-1
45070,IS113edeece16fd1f0db8be,-1,-1
45071,kamikze,-1,-1
45072,IS1c172d45cc7cb41cad2e9,-1,-1
45073,IS145a21c65ee8ea8cdddbc,-1,-1
45074,IS1929234f95b19c0a6c7f2,-1,-1
45075,IS174c1e99adc22b314fbec,-1,-1
45076,IS1499b1bf9ee56b6e73ca1,-1,-1
45077,IS1b237ea3a4d56ce1a4686,-1,-1
45078,IS11b33b29f7078b90ab75a,-1,-1
45079,Minatel,-1,-1
45080,l Netflix l,-1,-1
45081,IS15d706d8fd7bfb95f5f97,-1,-1
45082,IS120b6c0ff323be1c9c670,-1,-1
45083,Nicrone,-1,-1
45084,IS17a2f6484fcd9f8c6b2c0,-1,-1
45085,IS115333fb974a0414f395c,-1,-1
45086,WUJPGYPB1,-1,-1
45087,IS16160e2908b5c477ebba6,-1,-1
45088,bIV3tHXHxM,-1,-1
45089,plasmatorture,-1,-1
45090,IS140be018bf3b7f1446dbc,-1,-1
45091,IS1bf1b43fbda3d97b1cf5b,-1,-1
45092,Foojak,-1,-1
45093,Weerdgi,-1,-1
45094,IS122917db5fab6953a4a41,-1,-1
45095,IS1c68af11c6e320db4f5d0,-1,-1
45096,Shiminto,-1,-1
45097,IS10a7f103b2518f7f9843a,-1,-1
45098,Tocellico,-1,-1
45099,IS12c34c05c658761fa8046,-1,-1
45100,IS1fb56127d1c8ff84ece11,-1,-1
45101,IS1d2cd9c5e88f159af74e7,-1,-1
45102,NEWater,-1,-1
45103,HAJNYHRB1,-1,-1
45104,IS1d8d1002f63e746b67ff8,-1,-1
45105,Nakoliss,-1,-1
45106,IS1f4f537908df8188f6676,-1,-1
45107,IS16f7c93b4a9faa18862cf,-1,-1
45108,IS163b8e630b6a1861b477f,-1,-1
45109,IS15c5c876cba872133442f,-1,-1
45110,Zelduick,-1,-1
45111,IS19a5d4ef609748e59cc33,-1,-1
45112,IS1cc171da8b3c8c7d65e00,-1,-1
45113,IS1afe6a0d22c5bb817bfd1,-1,-1
45114,Urlich,-1,-1
45115,IS1ccb7e834fbfc88d61ff3,-1,-1
45116,kosuke,-1,-1
45117,FlayB0Y,-1,-1
45118,IS1f373087f891eeb390100,-1,-1
45119,VS21314,-1,-1
45120,IS1f074c204ab7d6f544119,-1,-1
45121,IS1a3dd1cac5ffe1c776cb1,-1,-1
45122,IS16fa8434652f77a51e3e7,-1,-1
45123,Xeirwn,-1,-1
45124,IS1d1639bc4b3de1b879a75,-1,-1
45125,IS168e0b727cec0f8a2ccfb,-1,-1
45126,CyfRa,-1,-1
45127,m4kin,-1,-1
45128,123859,-1,-1
45129,IS1ee9789244aee08a28ca7,-1,-1
45130,IS1c3d915be78cf00c35082,-1,-1
45131,IS17ae5451d45d8359664a4,-1,-1
45132,IS1785405f9ef63d5d90404,-1,-1
45133,Jerzul,-1,-1
45134,IS1ff883ba2d52715c97bb3,-1,-1
45135,IS1b9b44251e692e269f0bf,-1,-1
45136,IS14e7e7dc9412d187de9f5,-1,-1
45137,IS1a562866029dd39b5b2ad,-1,-1
45138,IS1bd42f5c04f317a0e0cf5,-1,-1
45139,Pìrate Kìng,-1,-1
45140,IS1f487561864068a5bc93f,-1,-1
45141,IS1b53ffc4a4b0b94309c6c,-1,-1
45142,IS192977789564852118f0a,-1,-1
45143,IS1995ce87c35cd3885e912,-1,-1
45144,IS17617a10aa114e03432f4,-1,-1
45145,IS1cc438e0903f7a5e8a1f0,-1,-1
45146,IS19757b37c150e2fe24caa,-1,-1
45147,IS13fe0531989b269153441,-1,-1
45148,giaco,-1,-1
45149,IS1183d7c3504af182ec7d4,-1,-1
45150,Nyeg,-1,-1
45151,IS1c300ee406d504e5c34f5,-1,-1
45152,IS18110ede0f043dfc3b9a0,-1,-1
45153,IS1a1c1f47a42df7743b846,-1,-1
45154,IS102d8f6c8ad399cb11645,-1,-1
45155,Redztar89,-1,-1
45156,IS18aa4f14f24ac463f9338,-1,-1
45157,IS1ca8fec036835fedfdc8e,-1,-1
45158,Yurriko,-1,-1
45159,IS14213e2b78e174d6f9c49,-1,-1
45160,IS15d20a16c956c33974ca5,-1,-1
45161,v4ndr3,-1,-1
45162,IS13ca9483599f6f9410980,-1,-1
45163,Lord 1ce,-1,-1
45164,IS1199f6c0eb9a908894a55,-1,-1
45165,IS10cf3819e992cc20173e6,-1,-1
45166,IS165aed58744f24c8adaea,-1,-1
45167,IS1b68197ed9ad0978eaeaf,-1,-1
45168,IS1f74fe496844d14b900b2,-1,-1
45169,Paarthenon,-1,-1
45170,IS124eb3c259896db223cd7,-1,-1
45171,9oxL4rBqG3,-1,-1
45172,IS1e7cc2faae10b2ac03461,-1,-1
45173,IS109318392c684df299da3,-1,-1
45174,IS1c392c8ace87bdcc89ecb,-1,-1
45175,IS175e19c6c28910cf165eb,-1,-1
45176,e9e8Zfswqd,-1,-1
45177,westcl2,-1,-1
45178,IS1d3537fb81f97ee594c95,-1,-1
45179,SeppukuLord,-1,-1
45180,IS150b28386e5ef833878a1,-1,-1
45181,IS1309806cca39ee61d2fe8,-1,-1
45182,IS14dab3a601431294d04ac,-1,-1
45183,IS18c1b072e4dafcac7c38b,-1,-1
45184,IS1de0710ec45bb2348a287,-1,-1
45185,vkBTrRR8lz,-1,-1
45186,Kudlaty,-1,-1
45187,IS15ee992193adf9e9f2637,-1,-1
45188,IS10da1c5e9da803cb9e4aa,-1,-1
45189,IS13f8698cbc91fda4944d1,-1,-1
45190,IS1f35be31bb59fa96435df,-1,-1
45191,viciousfrost,-1,-1
45192,IS198042c1f735107ede8eb,-1,-1
45193,ebFs7Oh95I,-1,-1
45194,IS1ce481e0f482deaa6e754,-1,-1
45195,IS140a9c7849143661fa344,-1,-1
45196,IS1a0756ace3d7553bc11ff,-1,-1
45197,buttonpants,-1,-1
45198,Bad Chemicals,-1,-1
45199,AnsalderOne,-1,-1
45200,Raidboss Bowser,-1,-1
45201,IS10369bd440f9137ba5a5f,-1,-1
45202,IS1d3b92d2c00229a6afe55,-1,-1
45203,IS124eaef78d011e48f6c5c,-1,-1
45204,IS1b2b1848e7ef962c9332e,-1,-1
45205,IS1b0bd7e8ba091432fdc46,-1,-1
45206,IS18596b303e700788afe91,-1,-1
45207,IS13d2a8240bd4eba4a4dfc,-1,-1
45208,IS17d31ffa787379614cd4f,-1,-1
45209,IS111a997b4d4ff07ca09d2,-1,-1
45210,IS1758927a66be61a5bcc85,-1,-1
45211,Patolino,-1,-1
45212,IS1ef7bad433580da897bad,-1,-1
45213,IS135a137ccb4c026c8a209,-1,-1
45214,IS1f78cbf48bf04a85e413d,-1,-1
45215,Yadeniel,-1,-1
45216,IS1928e603580cb381b299e,-1,-1
45217,IS19bc16e87b1a055de417f,-1,-1
45218,IS1fd0431693a4c3998cdfc,-1,-1
45219,IS18e8f91b3ee5feecd86f1,-1,-1
45220,IS1655a5dbda563c5584404,-1,-1
45221,IS1e267bb51d8c26e65db3e,-1,-1
45222,varito,-1,-1
45223,Mummpitz,-1,-1
45224,Metakore,-1,-1
45225,IS18a304cb9feae0ef560f1,-1,-1
45226,IS13d4ddc998c531e778836,-1,-1
45227,IS16d1a96254e67c1e4378f,-1,-1
45228,IS1564490a2ee27eff0660d,-1,-1
45229,IS185cd62ef6ffb0f09c202,-1,-1
45230,JaqenITA,-1,-1
45231,IS17e43942a979b91aed1db,-1,-1
45232,IS13bbd9ae59aff7b576622,-1,-1
45233,IS1cacc30ce98f472debd01,-1,-1
45234,12ed12um,-1,-1
45235,IS1defc9ff1e96bbd47277c,-1,-1
45236,IS14ea9589a5a9d9281d005,-1,-1
45237,IS13e6f93d18c2d945db7c3,-1,-1
45238,Ranelar,-1,-1
45239,IS18d1c868d037cd4e8df1e,-1,-1
45240,Thundus,-1,-1
45241,GNExia,-1,-1
45242,KrazieV,-1,-1
45243,IS103bf9ef416fec0912265,-1,-1
45244,IS1c11860698bed9d48395e,-1,-1
45245,JPRiosn,-1,-1
45246,IS13223ddb1b6b83072457b,-1,-1
45247,IS11a8feffa258c2c6ff947,-1,-1
45248,IS13f62f43ff245a59ebe59,-1,-1
45249,IS15403bb32e8ef09389277,-1,-1
45250,IS1eb53bc3a1de43655fec9,-1,-1
45251,IS12c1abf6c06c84ecb543a,-1,-1
45252,IS1961d630f9d86307dd3b5,-1,-1
45253,IS17da0e18b0577b21ec30c,-1,-1
45254,IS1f2cd9f69219bb6dbd241,-1,-1
45255,IS1dddecf2227b18c03f248,-1,-1
45256,BB Lel,-1,-1
45257,IS1036a656364b0ba68fb74,-1,-1
45258,IS15488900ae3f31567b4ab,-1,-1
45259,Kuarlos,-1,-1
45260,UVGflb8Gra,-1,-1
45261,IS1a334e6c17956715d9c72,-1,-1
45262,Peppers Kitten,-1,-1
45263,IS1911391e65c4f24f46abe,-1,-1
45264,RennoTheGamer,-1,-1
45265,IS114b5b4e197796cf92b6d,-1,-1
45266,IS1d241d2c8b328f83948d1,-1,-1
45267,IS15a182626aca2fdd23c3a,-1,-1
45268,iRevive,-1,-1
45269,IS103be7012b0e0a1440cf6,-1,-1
45270,IS128e6084d1cb99da28f2f,-1,-1
45271,IS13c758f8bb762d9dc39c5,-1,-1
45272,IS15af7fd74e4a280077f1b,-1,-1
45273,IS18415693e0a6e13ec1737,-1,-1
45274,IS132afc1b32dac6f80140c,-1,-1
45275,IS1e59b84a430ce0697df62,-1,-1
45276,IS16e2f418d6cce65a5276d,-1,-1
45277,VeRsilly,-1,-1
45278,IS1101d8992195bd1514477,-1,-1
45279,gsZOxivbYM,-1,-1
45280,IS14b4a64b9af4763e6661b,-1,-1
45281,jJjhrBHCgl,-1,-1
45282,Scias,-1,-1
45283,soloya,-1,-1
45284,Ineluki,-1,-1
45285,IS1e5ea2ece8bf9115a2ab4,-1,-1
45286,0yq4tKhQoT,-1,-1
45287,Alhard,-1,-1
45288,IS190febc23c2605ab21b82,-1,-1
45289,tachi9436,-1,-1
45290,IS12126dab09d09f52c70b4,-1,-1
45291,IS11f100b7c46c697891c17,-1,-1
45292,IS140d158556d1ff253be3b,-1,-1
45293,Penetrol,-1,-1
45294,IS163ee101e424ec5cac948,-1,-1
45295,IS102a4fe5072a08dd2f490,-1,-1
45296,Daz the Smurf,-1,-1
45297,IS16c8b32d41e0c81dd1e9c,-1,-1
45298,IS188a480e45e6e6e41707a,-1,-1
45299,IS1d881921776fe47b69a0b,-1,-1
45300,q0bB8aYHIF,-1,-1
45301,IS17e695014220aca9ed223,-1,-1
45302,IS1087834850b68fa435cee,-1,-1
45303,IS14963b040e18c8758b3cc,-1,-1
45304,uJyKvDIZeN,-1,-1
45305,pikky,-1,-1
45306,IS1fa48d9f72b7cd514240d,-1,-1
45307,shortyspade,-1,-1
45308,IS18aa4cdc6af1ba8f213bf,-1,-1
45309,IS1ff1891d74672239e6e01,-1,-1
45310,IS1dfa1544cf54d2718efaa,-1,-1
45311,IS14d906eae52e7c779bb2a,-1,-1
45312,IS13ddd8b600c3fe1b13789,-1,-1
45313,IS1071f00ce526f40645a78,-1,-1
45314,IS1316fc1af076d38baaaeb,-1,-1
45315,IS166f868edbc4d3071118e,-1,-1
45316,IS100bf64bf16770c6a432b,-1,-1
45317,IS165695a90e87be37471c0,-1,-1
45318,IS1d2f9790b8265373433d6,-1,-1
45319,IS1a1630e362a3fc298c1f6,-1,-1
45320,IS1bf7d72ab4979d14faea1,-1,-1
45321,IS187083cd32913c828629b,-1,-1
45322,IS16fddae6b52a6dba31626,-1,-1
45323,gKLGWQoAPY,-1,-1
45324,MysticRaven,-1,-1
45325,IS1a719f7f61eba4845f4f5,-1,-1
45326,IS1e91e5716cb32551d90d6,-1,-1
45327,Z3 Uncle,-1,-1
45328,Raregroove,-1,-1
45329,IS14bfbcb911f6845a96d55,-1,-1
45330,IS1b253525d8029244fd507,-1,-1
45331,IS19d2b27ba34a457c41932,-1,-1
45332,IS16bd20f243a2fb781a904,-1,-1
45333,IS10b4248317ab001c966c5,-1,-1
45334,IS1b6a1e29ef1fdddbbabcf,-1,-1
45335,IS1c78308c9c3513061331f,-1,-1
45336,IS179ddfce70d3fde3b983a,-1,-1
45337,IS19e502dfb24f90260b224,-1,-1
45338,IS1db30cf2ecb38b77caaba,-1,-1
45339,IS15e517a412dec665c3e8f,-1,-1
45340,IS18021eaf84fc7e42f792b,-1,-1
45341,IS14f952d518528c1c7e024,-1,-1
45342,IS10b00d99e2310903e7cd8,-1,-1
45343,IS1d139dc3cf3e43253bbbc,-1,-1
45344,Z3 Oligar,-1,-1
45345,IS1e8ff73ba5b69c7e0c88d,-1,-1
45346,IS1bc41796ad9c29697d93f,-1,-1
45347,viciouslymark,-1,-1
45348,IS16bab7f37a045c0ea0603,-1,-1
45349,IS1a17ccdf5d39900c663a1,-1,-1
45350,Loktofeit,-1,-1
45351,ZpMQ2DXXk0,-1,-1
45352,IS12d55fb18ab88aaa8fecd,-1,-1
45353,IS15c2c25334eef19d0b3fa,-1,-1
45354,IS1273408c6d5a00e1da59e,-1,-1
45355,kupi,-1,-1
45356,IS172a4ed63c40329a3bfcf,-1,-1
45357,Sumuka,-1,-1
45358,Frinn,-1,-1
45359,IS152d6f8e73d6fc31e79e8,-1,-1
45360,Sorry I Smoke,-1,-1
45361,IS1f041fafdde255480a9de,-1,-1
45362,IS1b3b3967fab18283ec614,-1,-1
45363,IS19d9a811b688aefaafca2,-1,-1
45364,IS1d7f29094d15c8b054e85,-1,-1
45365,Pcbino,-1,-1
45366,Pupp3tmaster,-1,-1
45367,IS185ed1bb4fd9415ca65e2,-1,-1
45368,IC Corwin,-1,-1
45369,Automatisch,-1,-1
45370,IS1578286ddea6e6eaf2c63,-1,-1
45371,IS10111ac09ca0bb0387d96,-1,-1
45372,IS1c85a9a91d6a75116def5,-1,-1
45373,IS16d7f5d18104f1c21f342,-1,-1
45374,IS1b7ea9ce755f67a05fb37,-1,-1
45375,IS1a9a29fb9bec5de64e2a6,-1,-1
45376,robovich,-1,-1
45377,zicarn,-1,-1
45378,IS1483efe991d1e3454f71d,-1,-1
45379,Z1 Jump,-1,-1
45380,IS1fe3752bab0fa4c78676f,-1,-1
45381,PaperGus,-1,-1
45382,WhisperQuiet,-1,-1
45383,Ownage49,-1,-1
45384,ProjektTerror,-1,-1
45385,0a2kA6XO98,-1,-1
45386,IS1d2c772caac363add7ca5,-1,-1
45387,IS18bf673d8c608aef49c76,-1,-1
45388,IS1acbfbd84581ec0c8a060,-1,-1
45389,IS184c630cf44c29ba6270a,-1,-1
45390,IS1c68dd354a9aa7b4db49c,-1,-1
45391,IS11abdd3bf7d4f9d8a911f,-1,-1
45392,IS1268c403589c52e300809,-1,-1
45393,IS1c53cc75ada4f86035ecd,-1,-1
45394,averio,-1,-1
45395,IS150f6fc431fe91cd28aa7,-1,-1
45396,DonPwnJuan,-1,-1
45397,Kugelf1sh,-1,-1
45398,IS1e029e46898e3ebfa7ca1,-1,-1
45399,IS117f30ff4139d525b6e81,-1,-1
45400,Markozonio,-1,-1
45401,IS1b24e4286842b32b98637,-1,-1
45402,IS1187adbae76ca3507f27f,-1,-1
45403,IS1b60ae95bc61c604632d3,-1,-1
45404,Avantcore,-1,-1
45405,ouYKNl5jAq,-1,-1
45406,Wjxx8FNUl7,-1,-1
45407,IS12817af859e83a272d419,-1,-1
45408,IS12ad400a36e2893a15e16,-1,-1
45409,IS1a9bc2bbc6a8002026b25,-1,-1
45410,IS15d58e22ef9b29c00071a,-1,-1
45411,IS1d22194dbdcff39ad3b3b,-1,-1
45412,IS1bb7859605796888358f7,-1,-1
45413,IS1ef823e04555387a25924,-1,-1
45414,IS196c0057f2677e2a8fda3,-1,-1
45415,IS13f0e2bba9ba44b65bfd9,-1,-1
45416,LordZealot,-1,-1
45417,Skunkworks,-1,-1
45418,MQ8DhNJFFP,-1,-1
45419,IS128bc9ec3c76bfea30fbb,-1,-1
45420,IS11ab4d1e6319d80b3c434,-1,-1
45421,IS174607fd94d94dc39b514,-1,-1
45422,Azztec,-1,-1
45423,IS1ae6657d213cc0590d2d7,-1,-1
45424,I am Raging,-1,-1
45425,IS1af8af31875b24b033183,-1,-1
45426,IS1ce06040158d584ee1147,-1,-1
45427,IS15d2a7a39962afa560b10,-1,-1
45428,IS15a996e6d3ee5ba1409bf,-1,-1
45429,IS1d99a13b7c026d366b16f,-1,-1
45430,IS1692e692ba49e19bc219b,-1,-1
45431,Bromius,-1,-1
45432,Lasar,-1,-1
45433,IS14c9555be876f8484331a,-1,-1
45434,theGagne,-1,-1
45435,IS1acbc6c7d8bda405d3af1,-1,-1
45436,IS15636cc8aa7ee8ad63b75,-1,-1
45437,IS12ee364f43ddef2fceb0a,-1,-1
45438,IS17a0bdbb0018bfc62faaf,-1,-1
45439,Tiborsho,-1,-1
45440,Garbara,-1,-1
45441,IS18ea8b91bb7df49c6895c,-1,-1
45442,IS1451be828fb2e27d8f46a,-1,-1
45443,IS15e9a98ad4beab0ae490e,-1,-1
45444,IS1ee5bd3a283e146b06626,-1,-1
45445,Comacozy,-1,-1
45446,numtini,-1,-1
45447,IS1e16e0a7a18f026ad8743,-1,-1
45448,IS166886798b2d75e86705b,-1,-1
45449,Pet0r,-1,-1
45450,IS1e6ce2a7c0b0ef584359f,-1,-1
45451,IS113966c38108cf077eafe,-1,-1
45452,IS1cc5dcdbeecb22a740d0e,-1,-1
45453,IS172a926e1043a88440ffc,-1,-1
45454,IS121ce995decc19dffb6c8,-1,-1
45455,IS1b402b1d08b26870c34a6,-1,-1
45456,IS10584519d1abc4364d5a2,-1,-1
45457,LeagueCoin,-1,-1
45458,hatz,-1,-1
45459,IS1bb16f57beaa0615b5693,-1,-1
45460,IS11f247df48292946aea6d,-1,-1
45461,IS1c864dde5fad4aa7a851d,-1,-1
45462,IS1bb20063e9df8f7d35c45,-1,-1
45463,IS15d4ee2c067a456e7c0f2,-1,-1
45464,BlueFlame,-1,-1
45465,IS13e251c239e9d47d1517b,-1,-1
45466,IS1ab0f1874f429a8de0948,-1,-1
45467,Chilisenf,-1,-1
45468,ChOnan428,-1,-1
45469,el mentiroso,-1,-1
45470,jamiltron,-1,-1
45471,HazySpace,-1,-1
45472,IS1ba627d66c0dae4aef409,-1,-1
45473,IS14e86ab337f1755cd893e,-1,-1
45474,IS1d76c5a72510d5a5ca71e,-1,-1
45475,IS18ca225f1ed842e18b444,-1,-1
45476,IS1b849b1a65eef4ba8d414,-1,-1
45477,IS1976646ab3002adf2a116,-1,-1
45478,IS17747fc1f885a4c46828d,-1,-1
45479,IS1ee4a3e2204b519e7e7d9,-1,-1
45480,IS1b637e7ce3d5841be0115,-1,-1
45481,IS1abb5010e7513a7439a82,-1,-1
45482,26oFurCepx,-1,-1
45483,juazlee,-1,-1
45484,Wonz,-1,-1
45485,IS15004000ea28329b9b358,-1,-1
45486,IS1d4ac2581b075b6244ad1,-1,-1
45487,Zyphier,-1,-1
45488,IS159d32a588de7a73c8edf,-1,-1
45489,IS19a3b2ee9cf8776e02303,-1,-1
45490,IS138d926d9688f7e1ed28e,-1,-1
45491,IS1d08e11efe57c6ce3dd21,-1,-1
45492,IS1cf504ac2261564424f6e,-1,-1
45493,IS1d10e79b22ee05173ead7,-1,-1
45494,JoBoDo,-1,-1
45495,Daukothius,-1,-1
45496,6GBvjhf7k6,-1,-1
45497,IS1bc4327e3faa9bf8a20cf,-1,-1
45498,IS1d2887f07eb97a60c9540,-1,-1
45499,IS14483993ba098982ae298,-1,-1
45500,IS12e97e0fd2f02c953e1a4,-1,-1
45501,IS1280d709ba235b51a594b,-1,-1
45502,IS162151dba71e1c66fabf5,-1,-1
45503,IS19708a87d010f056ef59c,-1,-1
45504,IS1b6284cd9a5c57a63dfdc,-1,-1
45505,IS1f6fc299b4c365e04ea7c,-1,-1
45506,IS113a7e51d91ac3f0f2273,-1,-1
45507,IS1c3caee61a85d035d5f25,-1,-1
45508,IS1686156efe93498c656fd,-1,-1
45509,IS1ae93fc21468e873cb4ac,-1,-1
45510,IS1e6d9e0579b33d7970c5f,-1,-1
45511,TyLvtn3JOx,-1,-1
45512,IS11c88ba84212f47449a86,-1,-1
45513,Ciment,-1,-1
45514,Malown,-1,-1
45515,IS16ad669de5d148cc62302,-1,-1
45516,IS1e11ddc2e0773263cc2b2,-1,-1
45517,IS17c8c79d103af94135f32,-1,-1
45518,0sKjF9XRYC,-1,-1
45519,Joeygates,-1,-1
45520,IS16adcb53128bcd257330c,-1,-1
45521,bIvck,-1,-1
45522,fLL3osuYPz,-1,-1
45523,IS1eb4cef494a921fc7f79a,-1,-1
45524,IS154e7df058498a641fe8b,-1,-1
45525,IS12005d16f13bc59c81296,-1,-1
45526,IS13984bc1e55ce4d1cc95b,-1,-1
45527,IS1b7f1783994dd56619558,-1,-1
45528,IS100f07fc4f4af4738bffe,-1,-1
45529,Ruic,-1,-1
45530,IS128ff246316df19177c1c,-1,-1
45531,IS108c06a14421edad98731,-1,-1
45532,IS138f631bb5d291152f7ca,-1,-1
45533,IS10479450d75481425c26b,-1,-1
45534,IS1d43d0001ca2b095bae18,-1,-1
45535,IS1a15bcf4b6b440c91c50d,-1,-1
45536,IS13cbc7e46c29e52858643,-1,-1
45537,IS1ce7676be632a53580651,-1,-1
45538,ramonzito,-1,-1
45539,HONbghCtr9,-1,-1
45540,IS1bdb95e7a8911daadde36,-1,-1
45541,zeroi,-1,-1
45542,IS159ef1179de25ad9e7907,-1,-1
45543,IS1084c4c75f34ae85ff5e8,-1,-1
45544,IS10cbf19bdc16c075a0d2c,-1,-1
45545,IS10efcfa8201d8e834c0ca,-1,-1
45546,IS1b1987e76d0388d813b9f,-1,-1
45547,TheRaven,-1,-1
45548,IS1ea53c2bfa3c3009190c5,-1,-1
45549,b3rgTroll,-1,-1
45550,IS129266d1c1eb0f1164549,-1,-1
45551,IS1e4e835b6ac8cb8b5b9bb,-1,-1
45552,IS10a10dedf95556c8f7a23,-1,-1
45553,IS1fc28c59162684235a28c,-1,-1
45554,IS1542d90b8c40c0df683bd,-1,-1
45555,TheMrWiggles,-1,-1
45556,IS1704f72f72f15c0db9421,-1,-1
45557,IS132a196b459c41b2f7c80,-1,-1
45558,Razoricane,-1,-1
45559,IS1f6a3ba5b28fd35725356,-1,-1
45560,IS120476d90ec888904fb7b,-1,-1
45561,IS176d5a6ba771b94ac048c,-1,-1
45562,IS109855cf3ed7761ac33c0,-1,-1
45563,IS1837cc0769d4ea0551596,-1,-1
45564,IS15c8325ab6f2aa9f3278d,-1,-1
45565,IS14a0feff812a13896202f,-1,-1
45566,IS195980923530e7d7353a7,-1,-1
45567,Dross,-1,-1
45568,IS13838bca75e14cfe0818f,-1,-1
45569,IS13a44f0a9e1d7fe41da02,-1,-1
45570,Cabloo,-1,-1
45571,IS1a1ec7e740a92c6c2b8b3,-1,-1
45572,IS1f804f8e53c0b7ddec7b0,-1,-1
45573,IS1c0daf83e52c4cd0811be,-1,-1
45574,IS128f23cf071a026bdc512,-1,-1
45575,Zerti,-1,-1
45576,Vectaurix,-1,-1
45577,IS1d973a09ef65f62644579,-1,-1
45578,IS137e99dd16b434ca7dbaf,-1,-1
45579,IDle03,-1,-1
45580,IS122723e07eac81b6536b9,-1,-1
45581,IS167b92d4b9d8bf5968208,-1,-1
45582,Spike1383,-1,-1
45583,IS11a4c9c75707b3a9c92dd,-1,-1
45584,IS176d4081d7ca1f767258d,-1,-1
45585,IS1546fde5a0efea090d690,-1,-1
45586,IS1505a53c5715a21385f80,-1,-1
45587,IS1371dac1dfc193b5afaba,-1,-1
45588,ImmoralHanabi,-1,-1
45589,IS1bd8383f513ec0ffe0e8a,-1,-1
45590,fonyx,-1,-1
45591,IS1f7c2052f776f1b4eab35,-1,-1
45592,IS16d87809acc7ccb75da8e,-1,-1
45593,OmegaDestroyer,-1,-1
45594,riskas,-1,-1
45595,IS1efd5295bbbceadb09f81,-1,-1
45596,IS1244cedde99f723f5e882,-1,-1
45597,IS14ac1bd11fd91a037d17b,-1,-1
45598,IS1ff534ae3b0b18d7e90a8,-1,-1
45599,Webnight,-1,-1
45600,IS138e9d802c17a09404439,-1,-1
45601,IS1e6c6036fd73bae7e3cd3,-1,-1
45602,IS1af730e0f6029a811f835,-1,-1
45603,IS1ed25df112c11de676adc,-1,-1
45604,IS15eefb7657b3f3a105c2c,-1,-1
45605,IS1ddb760c00f8bb029d8cc,-1,-1
45606,IS1403e91a767127531bad1,-1,-1
45607,IS1f6da22b19b49d4b24c70,-1,-1
45608,IS13ab8227beb75dece4b5b,-1,-1
45609,IS1be52a1dc76d7bbdd2c07,-1,-1
45610,IS116007c266af9aa3f7560,-1,-1
45611,IS1f843a11410fe4482d3e7,-1,-1
45612,IS147d1779a07879d38c67a,-1,-1
45613,IS178a3163aefc5b5391c33,-1,-1
45614,IS10096e0556e594c4008c3,-1,-1
45615,IS1d302c261f97ee5a8bedd,-1,-1
45616,RiskyNight,-1,-1
45617,IS16e9481e2d35b168dfd87,-1,-1
45618,VWx8BEXKpb,-1,-1
45619,kilki,-1,-1
45620,IS11f6ded58930097451edf,-1,-1
45621,IS11a8de795d088a6875d28,-1,-1
45622,Kaputtschino,-1,-1
45623,IS1f0dfc90e9e562afc430e,-1,-1
45624,IS1c28f0aee4b02b35ed9d3,-1,-1
45625,IS1d12a92fb1f4ba3507b7b,-1,-1
45626,IS1a1a161d3e0bd943ee6ae,-1,-1
45627,IS146a7035fcfd82f10377a,-1,-1
45628,Mr Baddie,-1,-1
45629,IS13c51b0a65481820bca38,-1,-1
45630,IS17f851eb0541206edc578,-1,-1
45631,Zacub,-1,-1
45632,IS1b03236d37eb86a562ee5,-1,-1
45633,IS1a87da1f03770a5e3f6c6,-1,-1
45634,IS1aca22925fb8f4dd360cf,-1,-1
45635,y0XCr03rBA,-1,-1
45636,IS1309bb9234bb5f1c3d5b5,-1,-1
45637,ZwizzeR,-1,-1
45638,SuMZkoTDe1,-1,-1
45639,SilverAgMarth,-1,-1
45640,Zand3,-1,-1
45641,IS11312c2807dae4ba482b5,-1,-1
45642,Krilanze,-1,-1
45643,IS1c32b3cd90dfd5ef5699f,-1,-1
45644,IS1bb0d2998f92d8619b169,-1,-1
45645,Pickel778,-1,-1
45646,IS1304dc132b7e3abcda8be,-1,-1
45647,IS1b0e319bba7219d4addb8,-1,-1
45648,IS171f8c3da23f9b3c387ce,-1,-1
45649,THCbobo,-1,-1
45650,IS1b3869a25d940345bf0fd,-1,-1
45651,Anubis01,-1,-1
45652,IS13e7d4985689898cb8491,-1,-1
45653,4OPuyM4vTt,-1,-1
45654,IS18dd196b6eea0965f539e,-1,-1
45655,Purple Haro,-1,-1
45656,IS1ceca3df0d6e56972110c,-1,-1
45657,IS1cb2f5c43cb9a723c15c3,-1,-1
45658,IS1fa95b74861a531401004,-1,-1
45659,jm7HGAgUco,-1,-1
45660,IS135637fbcaccda1832c30,-1,-1
45661,IS1d0bfc3fa0a39eefc036f,-1,-1
45662,Lore916,-1,-1
45663,IS11637e7a9f854651060da,-1,-1
45664,IS16bac8650c8d9533a420a,-1,-1
45665,Bauerbelix,-1,-1
45666,IS16de4ac2f67eaa038b927,-1,-1
45667,IS1e6b46fb99619513b9215,-1,-1
45668,YeSoD,-1,-1
45669,IS1f12841f7ba849298bd56,-1,-1
45670,IS1abe1e9091cb44c2e45e4,-1,-1
45671,IS1da38d8999dff58073c44,-1,-1
45672,IS16b7671e09283f001d626,-1,-1
45673,IS189afabfbd6f3afd55f67,-1,-1
45674,IS145d41ccdc9a9475a6a17,-1,-1
45675,IS14acd7bb33a5cdc80fb87,-1,-1
45676,IS18adb375578f7622274c2,-1,-1
45677,IS1a0e1b53438f02f85831e,-1,-1
45678,IS1be82fa1d2464eba9a7d3,-1,-1
45679,IS10934b634288c41048dc9,-1,-1
45680,IS16fb6f5c77e387545ecb6,-1,-1
45681,Ravenhill,-1,-1
45682,IS193396648518c761c64a5,-1,-1
45683,IS19a38e658c1e22750b816,-1,-1
45684,IS1d495069ec09c0c8c9190,-1,-1
45685,Kronkick,-1,-1
45686,IS1ebfe8676e0f509ab99be,-1,-1
45687,IS1a5ba5b727e41ef8404dd,-1,-1
45688,IS1c1d8f1cdac7b44e045b7,-1,-1
45689,IS1e2d769272e3b0d4a3c06,-1,-1
45690,IS1074abbdc5a49d7f1fce8,-1,-1
45691,IS124cfb20915c0a610a4ef,-1,-1
45692,IS1038e82f6cbdd325c3fdd,-1,-1
45693,Plutobux,-1,-1
45694,IS11cb73d97d96c1c65354e,-1,-1
45695,Exordinary,-1,-1
45696,PentaBaka,-1,-1
45697,XSTxEgbsEy,-1,-1
45698,ANXilent,-1,-1
45699,IS125a8d179907ff8ca2b75,-1,-1
45700,IS1ac3edc58b85effd90c45,-1,-1
45701,IS13aea5374a5ef8af4aa8d,-1,-1
45702,IS1c4b6e45d9ba6757d2e1d,-1,-1
45703,IS142b0b26c10145b71a923,-1,-1
45704,IS18f4351b2fc8354c1dab3,-1,-1
45705,IS18beec90aa67a3b812622,-1,-1
45706,IS15edde76c6d8c6cf61ec7,-1,-1
45707,IS1c417acdfad207838abb9,-1,-1
45708,Z2 Limdul,-1,-1
45709,IS179f89a23a3378e11f679,-1,-1
45710,IS10d2bc72ceaa415e791ed,-1,-1
45711,Wappas,-1,-1
45712,Tru3sight,-1,-1
45713,IS1050c9c10c800ee3d00ca,-1,-1
45714,IS1e95b3429e21616e96ae9,-1,-1
45715,IS192c1c69d38f49fdd3144,-1,-1
45716,IS1413f59514438a436b1fa,-1,-1
45717,IS14e932ff26ee3885a9e00,-1,-1
45718,IS1512a69ae715e1f910aef,-1,-1
45719,KaosKurrent,-1,-1
45720,IS133c5dcb08a5c499432cb,-1,-1
45721,IS1ba557a59ace3378c2f95,-1,-1
45722,SleepingPanda,-1,-1
45723,IS1a051437db6690dd16e91,-1,-1
45724,LycanDarkY,-1,-1
45725,koviaem,-1,-1
45726,Redlifesaver,-1,-1
45727,IS1218f8ba2bcd5e74525ed,-1,-1
45728,iLKgfjGcGU,-1,-1
45729,Zardius,-1,-1
45730,IS10fa5a2a112d8deed3ed2,-1,-1
45731,Heero Yuy,-1,-1
45732,IS16f8a50e48ba713684725,-1,-1
45733,IS12ed6111387699c8d3538,-1,-1
45734,IS14f6719d5aad145c55987,-1,-1
45735,JamesB0nd,-1,-1
45736,IS1ce3a8d436b7d5e56d5bb,-1,-1
45737,IS185ef262a5313f2e25533,-1,-1
45738,Lexxus,-1,-1
45739,IS10ff24deee124ea6104af,-1,-1
45740,IS132594a6e910b3d183e87,-1,-1
45741,IS16b9f9b3b8bde0ea5e008,-1,-1
45742,IS1b04af59fb80a6f81aa2c,-1,-1
45743,IS1a3c307417c25451f1344,-1,-1
45744,IS14394daa4447bd637ec4d,-1,-1
45745,StDota,-1,-1
45746,IS114cb76f8cde8ddce74e2,-1,-1
45747,IS17c7ad47dacb1d85406d2,-1,-1
45748,IS18fd8790a5b1e1ba8482e,-1,-1
45749,IS169234ce6c4dcb803c715,-1,-1
45750,IS177783035f3a53ca21ed1,-1,-1
45751,IS11893aad65c3ed451bd41,-1,-1
45752,IS12d4ac60701c938dc4d6e,-1,-1
45753,Choo Train,-1,-1
45754,IS1eae9838354dd7356c960,-1,-1
45755,IS1dd58814c5db8f2245cb5,-1,-1
45756,M4dLax,-1,-1
45757,phycomycosis,-1,-1
45758,IS10dc51b576a8c1c320d04,-1,-1
45759,IS14e22470778a9bd1ea10f,-1,-1
45760,inediblebuffalo,-1,-1
45761,Lo0seThisGame,-1,-1
45762,IS1f8386730823cff7446cc,-1,-1
45763,IS155444ab15d06f5d49c12,-1,-1
45764,agemyth,-1,-1
45765,IS132ae4ae2145b6bb3139f,-1,-1
45766,IS196577309302faf900a0d,-1,-1
45767,IS18b05cb84bd25b040257c,-1,-1
45768,IS1d679c6ed6dab4b3c5935,-1,-1
45769,IS19171fbbd50446ba406a7,-1,-1
45770,IS103b8e637ddfe81251902,-1,-1
45771,IS1c01306154ba3df75842f,-1,-1
45772,wssssehswElwer,-1,-1
45773,IS1acc26a64c530e0c28ec5,-1,-1
45774,pantherlove10k,-1,-1
45775,45775_DEL,-1,-1
45776,Niluas,-1,-1
45777,pUJ1PQOEwj,-1,-1
45778,WingSnake,-1,-1
45779,IS1ed0f9e5818fe1f7ca8bd,-1,-1
45780,IS1cb21877f9a50b697e761,-1,-1
45781,terza32,-1,-1
45782,IS1850d48b1f8c6958ed68e,-1,-1
45783,IS1ab9b8aa8e419afe7d02a,-1,-1
45784,IS196c354216d0e4e16014a,-1,-1
45785,IS13b7a961802108fb95292,-1,-1
45786,T9QvDoS5X9,-1,-1
45787,IS170cc256a7da3ede7b9e4,-1,-1
45788,IS195595009010b57815e2b,-1,-1
45789,IS1421562ed64634e9fe39e,-1,-1
45790,t1charlie,-1,-1
45791,Drug Use,-1,-1
45792,IS185614720e60776c95ad8,-1,-1
45793,IS1dd40f73b2e94265ab899,-1,-1
45794,Diyushaofu,-1,-1
45795,wu3ojJr7YW,-1,-1
45796,IS103bf5b83f64726c3fd90,-1,-1
45797,RSy3LaAzoZ,-1,-1
45798,IS183b1f18d38c9e8d58a92,-1,-1
45799,KingRahe,-1,-1
45800,IS1ff8c14d0f1f6c7ff151b,-1,-1
45801,IS1dcd199209deb235bf758,-1,-1
45802,IS1cfabf312c449d0b31149,-1,-1
45803,Z2 Wyzzy,-1,-1
45804,IS179f1a6655aa165d0f50c,-1,-1
45805,IS1729d613c70bb698d3949,-1,-1
45806,IS12baa6d14ca600f5349ea,-1,-1
45807,IS186c2a545c990bbfefcf8,-1,-1
45808,IS1abafcc4886baef849ee1,-1,-1
45809,IS1ae49d9e64370bfd51ec3,-1,-1
45810,william22,-1,-1
45811,IS1d8f1fea8923c49d9f396,-1,-1
45812,Oiyfae,-1,-1
45813,CeGrcCZdJI,-1,-1
45814,Elfire,-1,-1
45815,MiSiNi,-1,-1
45816,IS1a8d0f23afd8d51a80695,-1,-1
45817,IS100bdba14f3e8b4bf6ab3,-1,-1
45818,IS1f10f9ce58d86b3c86f74,-1,-1
45819,IS1a9b3f0eb6b463cf09aeb,-1,-1
45820,sedwdrgghwer,-1,-1
45821,IS13dd34ebab678e9c3840d,-1,-1
45822,Boxtoy,-1,-1
45823,IS1c85c4efeee425d83b3c1,-1,-1
45824,Sheever,-1,-1
45825,IS1f451b149e5de84ff3ef5,-1,-1
45826,IS13c36b43f29299c84a3a9,-1,-1
45827,Deneb Algedis,-1,-1
45828,IS16d5e0a2a642e70fe40b2,-1,-1
45829,IS1fee2c2b46a8d8840dacc,-1,-1
45830,IS1fa0e444932e54f81aff0,-1,-1
45831,IS1e142ee2b8b30efe437da,-1,-1
45832,IMBigWillie,-1,-1
45833,IS15f636f45328b8950cc50,-1,-1
45834,IS1dea9cf81553763cecc92,-1,-1
45835,IS1ef4db6d4be40cbf898f4,-1,-1
45836,DJTonsOfCash,-1,-1
45837,Stapper,-1,-1
45838,Kurayami Chan,-1,-1
45839,IS15775e4fb7621c753f3bc,-1,-1
45840,Rumplebumple,-1,-1
45841,IS1c7cc0fb7a12cd76b5a10,-1,-1
45842,UCOM,-1,-1
45843,IS1d7492e70cdd9ed00ba42,-1,-1
45844,IS106a8b49edfcf9845193e,-1,-1
45845,IS1cdd2637ac20faf9e28d2,-1,-1
45846,IS106e30508aecf89398170,-1,-1
45847,ottoman673,-1,-1
45848,Z2 Naahzo,-1,-1
45849,IS1046542c9354d17b92450,-1,-1
45850,IS1a846f00dbbf16ad94259,-1,-1
45851,IS14d73878002040de152ae,-1,-1
45852,IS1aaee56ff5f2c750de8c1,-1,-1
45853,IS15d4dce084407e2e6274d,-1,-1
45854,IS17e634d773110fedafb26,-1,-1
45855,IS18b39ec744b6a0154bcba,-1,-1
45856,IS12e0f649d6fba5bf770ec,-1,-1
45857,nsSmQhYt1S,-1,-1
45858,IS14fb3dc769a4f9fb67672,-1,-1
45859,IS1d92d3e8c078c8983f1c1,-1,-1
45860,Dennet,-1,-1
45861,IS1da1287b8b6552b65a1df,-1,-1
45862,IS1f10201e0bd13e579ca21,-1,-1
45863,IS14acbb13114a74e3ff9f4,-1,-1
45864,IS17969dab8b6254f7716df,-1,-1
45865,IS1a1f9f9bb7e7fb649fe18,-1,-1
45866,IS11feeeda082b2501c65f1,-1,-1
45867,IS1513fef2fb358409f091c,-1,-1
45868,IS18b6d080b40af51c6ba22,-1,-1
45869,IS1dba0449624b8354cedc8,-1,-1
45870,IS11d9394b76a9a269a30c9,-1,-1
45871,IS181b0373f8cf0c0dcc7f0,-1,-1
45872,IS14b1e2a36367f390bdb0c,-1,-1
45873,PeTT,-1,-1
45874,Abuseheal,-1,-1
45875,Skylines,-1,-1
45876,IS1b823e8a990629ded42e4,-1,-1
45877,IS1be77a2359cbc6fc10e07,-1,-1
45878,IS1ba88d352c00f92ffb03b,-1,-1
45879,YouGotShrekt,-1,-1
45880,IS117991af74f09b722e28d,-1,-1
45881,IS1806707db03f23f91e5a7,-1,-1
45882,IS11bae28f729f1f3b9268a,-1,-1
45883,IS143509bb8bf8d6e57ca28,-1,-1
45884,IS1102ce2ca947bae2c53eb,-1,-1
45885,IS1ddbf09e1dfaa2ed8552a,-1,-1
45886,IS1cb35ecbfd51fd89eb79a,-1,-1
45887,IS12c0fcf4d4e11e9930f6a,-1,-1
45888,IS19bef6370fb07c5a28705,-1,-1
45889,Villarcity,-1,-1
45890,IS114fa2ea25e98497b8e97,-1,-1
45891,IS14c404b1bc22055f11b4c,-1,-1
45892,IS1d34e5a5f7b700e30feb3,-1,-1
45893,IS179df6c5b2e2541ea641e,-1,-1
45894,IS151474ebc7230ace47bf2,-1,-1
45895,IS175f93d8595c44f220121,-1,-1
45896,DevildogFF,-1,-1
45897,hoofrog,-1,-1
45898,T12U,-1,-1
45899,ghsssPdrger,-1,-1
45900,IS17e3ddc6c800f7bc64de5,-1,-1
45901,IS18e28c3aaf6bde8291db5,-1,-1
45902,IS12960424f19b3cfb54baf,-1,-1
45903,Charles McTrask,-1,-1
45904,DTF Feeder,-1,-1
45905,IS159a8233f9b0bd60998fe,-1,-1
45906,IS19eba77951cd8222b08a0,-1,-1
45907,IS120f711d155b340320dcc,-1,-1
45908,IS138d229f0ac74adab7f26,-1,-1
45909,IS15480d72acd5a1f2d0bd7,-1,-1
45910,gYCrSm8ddC,-1,-1
45911,Novien,-1,-1
45912,IS1e1fdd9d92744be9f94f2,-1,-1
45913,Jonoo,-1,-1
45914,IS1f877ce5a1ad7f34b9729,-1,-1
45915,IS1d2179f5d18fd1db0ef8e,-1,-1
45916,IS17464b6f972987b047296,-1,-1
45917,IS149046000c3903a9cf8ba,-1,-1
45918,Pokkaitjai,-1,-1
45919,IS109c6e7a339032bc3589b,-1,-1
45920,IS14f74a40949dbafd02b57,-1,-1
45921,IS1cd81725966012b05c204,-1,-1
45922,IS1e582f15eadb54b92a80d,-1,-1
45923,IS12885179523674f580428,-1,-1
45924,IS1bfc1c24b0acb73d157a9,-1,-1
45925,IS1261aae3eed3eabfdada5,-1,-1
45926,IS1fb85fdef006ccc6bdd87,-1,-1
45927,IS18c24c6d0d032a623febc,-1,-1
45928,Arkye,-1,-1
45929,IS1a453e93bc22ee39331ab,-1,-1
45930,IS17bb23ed89b9c8890d096,-1,-1
45931,Eitapnfmup,-1,-1
45932,IS1eb87595fa04cd56f52e2,-1,-1
45933,vinch,-1,-1
45934,IS1593beae7fde07eac8a71,-1,-1
45935,Toastmakesuhigh,-1,-1
45936,IS123dbec4daaa4f597ce86,-1,-1
45937,JakeBilbrey,-1,-1
45938,IS166ce30e32f682f1b9036,-1,-1
45939,IS1661891d91aeca52ad8b6,-1,-1
45940,IS1b2917d9d8a48227456e2,-1,-1
45941,monst4r,-1,-1
45942,IS121cc075e235e6ebfc980,-1,-1
45943,IPmMZrDAwn,-1,-1
45944,KandiPanda,-1,-1
45945,thecorch,-1,-1
45946,IS1436ff35c864efd26d9fe,-1,-1
45947,IS1fd6d53ef6a0595784bdd,-1,-1
45948,IS12d61fbee51b8834d418d,-1,-1
45949,IS12b761775d558aba4a864,-1,-1
45950,IS1d7e72949a0ec852dfde5,-1,-1
45951,IS1a9ea2c49817409f3ad38,-1,-1
45952,P37obNPKCJ,-1,-1
45953,IS12f16a203997c548b79be,-1,-1
45954,IS15bf3170d55a1b43556f8,-1,-1
45955,VPEPcKcvK9,-1,-1
45956,IS19d7f7f55e3f7f2ea580e,-1,-1
45957,IS1677610d6af3482ea8dc4,-1,-1
45958,IS1af6bf0ab4dd7eec30ed9,-1,-1
45959,IS18680ddb8a6587761480f,-1,-1
45960,LordCygnus,-1,-1
45961,mephu,-1,-1
45962,IS19ca9d753f9d450ebc162,-1,-1
45963,IS13ee92aa39f89f0d2382b,-1,-1
45964,IS1ec31102026abc3531f2f,-1,-1
45965,IS16d7fca3b5a49143b896e,-1,-1
45966,Rundark,-1,-1
45967,wyrbs Chrghbgbph,-1,-1
45968,IS1fd05ab7a7d98a5e9ec13,-1,-1
45969,MMIkqmf4IE,-1,-1
45970,IS1a9dfbfa8bd3dcbea79b1,-1,-1
45971,IS1cc7f9d7e0dc8449c642b,-1,-1
45972,IS1343993c00ec5c93b9c8b,-1,-1
45973,IS1bcb1b28b0069a5c35913,-1,-1
45974,IS1e2eb5de5a162cbbe1eb7,-1,-1
45975,j4dice,-1,-1
45976,maadin,-1,-1
45977,IS1b3f4b73a7d7d04d3c2d7,-1,-1
45978,IS135889f1dd8a60e604907,-1,-1
45979,IS1785f374a3185a9d0a672,-1,-1
45980,IS18a0f14942f50cb519ae1,-1,-1
45981,IS15cf3eacefe03177d8a5a,-1,-1
45982,Meeba,-1,-1
45983,IS1c158da4fb5e9202fc1ec,-1,-1
45984,IS1abf14c09cac531ae50aa,-1,-1
45985,IS137d929bca84e0289813e,-1,-1
45986,IS19b1787dd211283ee4cb0,-1,-1
45987,medusanlord,-1,-1
45988,IS16f230a5125b1f65698b6,-1,-1
45989,Clon,-1,-1
45990,IS1a38247d08d41a32c6633,-1,-1
45991,IS1f92e21678a57d466fde4,-1,-1
45992,IS12b0748d3dc2ab223ab6b,-1,-1
45993,IS1faa7b07d3d4a0c7e3d02,-1,-1
45994,Belfalus,-1,-1
45995,IS11bd707e25a9a41503d23,-1,-1
45996,IS10edd3b7f6367cbb5b71d,-1,-1
45997,Istuz,-1,-1
45998,IS11ec603ddcd88d874e73e,-1,-1
45999,fmstdRwfLk,-1,-1
