49000,IS1f192d62bd6e49d529c71,-1,-1
49001,IS16ab775ef39662e12cf52,-1,-1
49002,IS10d4bc50d7614d8f30b4e,-1,-1
49003,2001lili,-1,-1
49004,Ryael,-1,-1
49005,IS1faad0896bd7a85941b2f,-1,-1
49006,onethreeone,-1,-1
49007,So7BadGuy,-1,-1
49008,IS1a894d408d3da13a74fe0,-1,-1
49009,iSkull,-1,-1
49010,IS122eb0867561290d7d542,-1,-1
49011,Velzic,-1,-1
49012,Amazing MuhKuh,-1,-1
49013,IS10c7d1b2afdeffa449ff8,-1,-1
49014,IS1fb4059ebbebf05e46d76,-1,-1
49015,IS1a4f46394dae6a353c67a,-1,-1
49016,Ashaba,-1,-1
49017,UMEgkGY3R3,-1,-1
49018,IS19265c34a405dbc928e37,-1,-1
49019,IS1618042cfc6a0801950f6,-1,-1
49020,spacsea,-1,-1
49021,VANGOREMORE,-1,-1
49022,IS1e64c518574a5a70570f9,-1,-1
49023,IS156420a03de497e780a03,-1,-1
49024,Mr Meowmeow,-1,-1
49025,IS11c080b2d5ae20608af13,-1,-1
49026,IS1ef62a52fb0721e5ab448,-1,-1
49027,Shoarmabob,-1,-1
49028,IS1e1ea96b709748b7b9596,-1,-1
49029,IS1309bafaeb0a3ea24fb3c,-1,-1
49030,IS12bf0f6402b4e71f21cfe,-1,-1
49031,KingBugbear,-1,-1
49032,IS107f5895b874334708610,-1,-1
49033,Jinxie,-1,-1
49034,Best Bowser NA,-1,-1
49035,IS10ed03992a2a1b39a30c1,-1,-1
49036,Gundamguard,-1,-1
49037,wazoom,-1,-1
49038,pbTekz,-1,-1
49039,IS18d115e4438efd42eeeea,-1,-1
49040,IS18d8268713b13ae9fd192,-1,-1
49041,IS1e8287858faf95511a66e,-1,-1
49042,Solaih,-1,-1
49043,IS151154d8d0d62c01efa38,-1,-1
49044,IS15238f41b8184125658ad,-1,-1
49045,ForgotPants,-1,-1
49046,IS1f60e17b65e6b713acd9b,-1,-1
49047,IS1f7f52254a5564d6d04ad,-1,-1
49048,IS1c555073a20e30b3c50f4,-1,-1
49049,MaksimusAssasin,-1,-1
49050,Vector Sky,-1,-1
49051,IS1b9da11f1e4721f423745,-1,-1
49052,IS1f4635efd9f8ed62290c7,-1,-1
49053,lukkas,-1,-1
49054,IS13ad3145a2b7aed97f488,-1,-1
49055,MoodMasteR,-1,-1
49056,wKADzzx8xs,-1,-1
49057,IS1a14109990b452feea703,-1,-1
49058,AlmaPenada,-1,-1
49059,MACNAEL,-1,-1
49060,kariatus,-1,-1
49061,Ahnfelt,-1,-1
49062,IS133e90f10289321612401,-1,-1
49063,IS162b516d46b7344ffc209,-1,-1
49064,Media Papaya,-1,-1
49065,IS1d8073d2f14d7fb9505a2,-1,-1
49066,IS15ed5b69199a2df00382b,-1,-1
49067,kusht,-1,-1
49068,IS1b8754a365b5bbc735818,-1,-1
49069,Persaeus,-1,-1
49070,Hydraurum,-1,-1
49071,IS10d2cd781f241908d3a73,-1,-1
49072,IS1031f9116c01a81ce9760,-1,-1
49073,IS15cb91f8456953faab8c5,-1,-1
49074,IS1d21fcbc528c9cc30556d,-1,-1
49075,AlRokerSurprise,-1,-1
49076,IS1352f5ce4e2a65046158d,-1,-1
49077,IS1c8e89bbf7db0372df7ea,-1,-1
49078,IS14478c75986c5da65af22,-1,-1
49079,Xarlimus,-1,-1
49080,IS12c06485d08cb0bd067e3,-1,-1
49081,IS10a62a0efc75c6da1353e,-1,-1
49082,IS1db7faaecce7bbf074054,-1,-1
49083,IS15fbd34d46391682f84a7,-1,-1
49084,IS19196edf2037c2fb2e93a,-1,-1
49085,IS172953bb3bdd428a256a1,-1,-1
49086,radiohead9150943,-1,-1
49087,IS10f2793a7723c264660b4,-1,-1
49088,IS1c51bc9af7c445ed3add5,-1,-1
49089,IS170a613a1606a3d4c990d,-1,-1
49090,IS1b0007a6160b2c5e89149,-1,-1
49091,IS12256e54a527e96723368,-1,-1
49092,Jakob Malkav,-1,-1
49093,Lycos,-1,-1
49094,IS1e3b899ec90841650ce69,-1,-1
49095,IS15c15ec2439bc39eec736,-1,-1
49096,Tracuer,-1,-1
49097,IS13189364ba7bdb1b952b4,-1,-1
49098,Korraz,-1,-1
49099,IS139259198a1c4b53d57a0,-1,-1
49100,Mycologist,-1,-1
49101,FloppyBananaWuJu,-1,-1
49102,IS13af3d9d8872e81cf380e,-1,-1
49103,Bloodhowl,-1,-1
49104,IS16fa5b3f10b7d6cf91de1,-1,-1
49105,IS1e5a9303612d700338aba,-1,-1
49106,IS1d1908125ab172fd5e60e,-1,-1
49107,EvilStromboli,-1,-1
49108,IS1f6d492cbb85504db9787,-1,-1
49109,LeiFou,-1,-1
49110,Bsak,-1,-1
49111,IS149de37a3df0f699ba9e8,-1,-1
49112,IS17b407a6c7ab08ccb1c25,-1,-1
49113,Teezee,-1,-1
49114,IS14fb8838526eada92266f,-1,-1
49115,Airtankmanface,-1,-1
49116,IS1abca6189afb5efebbe9d,-1,-1
49117,IS10d706fb19a855bd8bb8c,-1,-1
49118,IS1777509621aaa83cb54fb,-1,-1
49119,ESG PK,-1,-1
49120,IS12c7c1bdbf136f7304eed,-1,-1
49121,IS1ef5c7e66fb23666e44a5,-1,-1
49122,IS1c9a9d72235f350541e18,-1,-1
49123,Malchia7,-1,-1
49124,IS1ac80c1f66028b53f7f07,-1,-1
49125,Devon,-1,-1
49126,IS1f09ab5927dd5b40ca139,-1,-1
49127,frozenflood,-1,-1
49128,IS1e325b2fa8308009230b6,-1,-1
49129,IS15fff247a41982d44f02e,-1,-1
49130,IS12a216c3e4d002deabdb7,-1,-1
49131,Kishk,-1,-1
49132,IS1dbb00e3dd6438af19bfb,-1,-1
49133,abjad,-1,-1
49134,IS1b9aa2393a438dd095edc,-1,-1
49135,IS1c7f99806a786ffe686c3,-1,-1
49136,Doggan,-1,-1
49137,Terazeal,-1,-1
49138,3 Líbras,-1,-1
49139,IS1745f0d195cc594ac56fd,-1,-1
49140,TheAnomaly,-1,-1
49141,Kpoxa,-1,-1
49142,IS1d5f1481c1065330c6066,-1,-1
49143,hjkknnnm,-1,-1
49144,IS1cb0430e34fb6bc37fb8d,-1,-1
49145,mateusz641,-1,-1
49146,IS1e1998ed59ee30e4baa2d,-1,-1
49147,IS1aa84eb057fa28b6eedac,-1,-1
49148,IS1b666f4cccdf5b44ad772,-1,-1
49149,IS13752665ccb69cd7ac781,-1,-1
49150,vukodlakh,-1,-1
49151,IS10cb78c9fbf5ec623f263,-1,-1
49152,IS1d872b3298cf2c02e2926,-1,-1
49153,IS1a62519714ffa0bf99483,-1,-1
49154,IS154cc6afc3eeb64cadabf,-1,-1
49155,ZlXOHYf8MW,-1,-1
49156,IS1d75822fc8a2230f64f87,-1,-1
49157,IS19b8ee27e0de996121283,-1,-1
49158,IS1511167324d0f5d0c8dfa,-1,-1
49159,IS1c204ff629c4d4d6711c7,-1,-1
49160,PenguinBoy,-1,-1
49161,IS147ac7114f041a6dc4bba,-1,-1
49162,IS108cf675149da13b1d3e4,-1,-1
49163,IS1a3345951f25b7932366b,-1,-1
49164,Mezter,-1,-1
49165,cuco,-1,-1
49166,Roberta Loveless,-1,-1
49167,Falks,-1,-1
49168,IS1ce4f168b0ce5ced62d2f,-1,-1
49169,Room 9,-1,-1
49170,IS1b650355d86b7d70fe59a,-1,-1
49171,Cynja,-1,-1
49172,Moravian,-1,-1
49173,IS171e486b555d31d9c647b,-1,-1
49174,tacobelsaus28,-1,-1
49175,IS166124283f11b1a09fe8a,-1,-1
49176,treezilla,-1,-1
49177,IS1139382f84dbf8a91e044,-1,-1
49178,IS19183f83eac81fd04f921,-1,-1
49179,Bloody Moonlight,-1,-1
49180,Sithray,-1,-1
49181,7R5HY7Ywpy,-1,-1
49182,Tom Kench Bot,-1,-1
49183,TheBigWoody,-1,-1
49184,IS1f4f7673878fe5a544535,-1,-1
49185,IS1b3830fe26f0e931182b8,-1,-1
49186,Kontrol Akka,-1,-1
49187,IS19684708538cc904be780,-1,-1
49188,IS1a804fcba53aa4d2940f0,-1,-1
49189,IS1aaec2e45018a46f98fe1,-1,-1
49190,Neutz,-1,-1
49191,IS1426b802877fc8a77d8f5,-1,-1
49192,silvermind,-1,-1
49193,MrsButtons,-1,-1
49194,accumulatee,-1,-1
49195,IS159a7e192d47aab21f457,-1,-1
49196,IS1365a6e4ff6dcd52296f6,-1,-1
49197,IS1dd13b61dc6f183ce60f8,-1,-1
49198,Anak Saba Nur,-1,-1
49199,galay,-1,-1
49200,IS1e921c857898f3754ca5c,-1,-1
49201,IS1cb8ae3361dbd27a9c81b,-1,-1
49202,Tvv1tch,-1,-1
49203,Skill8,-1,-1
49204,Shomason,-1,-1
49205,IS16437ff9bcbc23b1db356,-1,-1
49206,Kerdon,-1,-1
49207,mGsbFIK1Z9,-1,-1
49208,IS181cc3c18215ff3cc08d4,-1,-1
49209,IS15f4b8fd48893f7267a15,-1,-1
49210,IS1ee89441809126e5fa3da,-1,-1
49211,IS18fcbb60481ff04a9b0e8,-1,-1
49212,Wookie,-1,-1
49213,IS1352d678d2c69674917d1,-1,-1
49214,Zacharemus,-1,-1
49215,IS19bd9029241db3cc8a38b,-1,-1
49216,WarmDelights,-1,-1
49217,puppy pizza,-1,-1
49218,IS1a478643b671713de26fb,-1,-1
49219,IS1df6f8ea0ca4a0cc502d5,-1,-1
49220,DirtyS,-1,-1
49221,IS14a2bef9873b3d90069d3,-1,-1
49222,IS141cf0c35467a47d2cc29,-1,-1
49223,IS18939442c42704c5493b0,-1,-1
49224,IS10d598e3d66f610d77867,-1,-1
49225,IS1963892f60d2555502330,-1,-1
49226,Ohmygodhesgotagun,-1,-1
49227,IS1d975d89c8ba51cfca72c,-1,-1
49228,IS1911cf61646729bd6ea05,-1,-1
49229,IS1fab9633924c13050bf62,-1,-1
49230,IS13e9623ea25d2230ec88e,-1,-1
49231,IS11189af94d2e217161684,-1,-1
49232,IS1beeb97b1d5b282a3ca93,-1,-1
49233,IS1546e041a1d82a75f5046,-1,-1
49234,IS1056c233dc2305619041d,-1,-1
49235,MPD51,-1,-1
49236,IS185be823686b4cfccb35f,-1,-1
49237,IS1e7f746ec818c8df32992,-1,-1
49238,viciouspulse,-1,-1
49239,IS1dec951c234ad811b6716,-1,-1
49240,IS1e492c3d2e63f91752d0d,-1,-1
49241,Knaws,-1,-1
49242,IS1aa4cee27125eafc09e1c,-1,-1
49243,IS12d16041f30678c9c2ba3,-1,-1
49244,Moadeeb,-1,-1
49245,IS1879e83b0cb7684dc821e,-1,-1
49246,Aleeyah,-1,-1
49247,IS19a403ee2f0a1be307de7,-1,-1
49248,IS1a0b5ad5411839c02c169,-1,-1
49249,IS18692c1ae21e4cfa11000,-1,-1
49250,sYOng1IgxO,-1,-1
49251,IS1e95f6f4ec8ca56a4d53f,-1,-1
49252,IS19599cad32555b897a0d3,-1,-1
49253,IS16f95c78dd39327f7dbd3,-1,-1
49254,Digital Anomaly,-1,-1
49255,IS134a8da04758826d1abb3,-1,-1
49256,Novos,-1,-1
49257,The Feelingless,-1,-1
49258,KaiserFenix,-1,-1
49259,IS17587df09f1e89fc52b16,-1,-1
49260,IS192696766a57abe1b4266,-1,-1
49261,Wolfraven,-1,-1
49262,IS1197f173b2fc81a275eae,-1,-1
49263,Nqqp2dTIZE,-1,-1
49264,Tactical Tomcat,-1,-1
49265,Puboguy,-1,-1
49266,IS1add9ed3956f59a97c248,-1,-1
49267,zergylord,-1,-1
49268,IS16c7097caf3a153961a65,-1,-1
49269,IS12093953257d855dc2203,-1,-1
49270,IS14e9c86d952a27dc83f5f,-1,-1
49271,EuEXK04Yg8,-1,-1
49272,palitox,-1,-1
49273,Hoyt,-1,-1
49274,ngelicdark,-1,-1
49275,Novachi,-1,-1
49276,IS1f02ad9f7bf1ec81db552,-1,-1
49277,IS1fe8b994efa382c5a53c3,-1,-1
49278,Uduchi,-1,-1
49279,IS1f9824768643af3d99313,-1,-1
49280,Mystaes,-1,-1
49281,skSkycon,-1,-1
49282,Kirmaster,-1,-1
49283,IS1552b556cb54e164f94c5,-1,-1
49284,wiston681,-1,-1
49285,NylonBandoleers,-1,-1
49286,User,-1,-1
49287,jDrUokrZ4f,-1,-1
49288,IS193f393f765bed1256bfd,-1,-1
49289,MxRugg,-1,-1
49290,SUCKDEEP,-1,-1
49291,IS1ec7f863656f6f08f0417,-1,-1
49292,Nos1,-1,-1
49293,criptix,-1,-1
49294,VirginiaSteaks,-1,-1
49295,IS194d9743715bad1d9fb90,-1,-1
49296,IS1ec942c58bb29ae459ff4,-1,-1
49297,Poorbjishy,-1,-1
49298,49298_DEL,-1,-1
49299,mewdied,-1,-1
49300,IS17187ef39d00d99991082,-1,-1
49301,IS109686d1186cd15744a02,-1,-1
49302,IS16a85af8789e7264b5a97,-1,-1
49303,IS1314c461b477fdb838122,-1,-1
49304,Saschwatch,-1,-1
49305,IS1795ba1ed28b241c5c737,-1,-1
49306,IS143e2bd060945522326e4,-1,-1
49307,IS135c3e7fc151124bfaf0d,-1,-1
49308,IS13c7c0da596e0e4043d9a,-1,-1
49309,IS12deab400353bd7bee9b0,-1,-1
49310,w0lver,-1,-1
49311,IS1cbfb253cd18639ae1bb9,-1,-1
49312,IS17141a8f83cb40206205f,-1,-1
49313,IS12ced62eb2bad73ba1338,-1,-1
49314,Carvallain,-1,-1
49315,IS18ed43d787106b1765e35,-1,-1
49316,IS142cdbeded78335f00433,-1,-1
49317,IS1cc5540ac260d4b236441,-1,-1
49318,ggentilin,-1,-1
49319,gambino88547,-1,-1
49320,Satori,-1,-1
49321,Viloc,-1,-1
49322,IS16188cb98ac3f25642ddb,-1,-1
49323,IS1b9674121019875916c4b,-1,-1
49324,IS192114a4f4ff189549215,-1,-1
49325,IS10574fb02ff4b4f5a12f9,-1,-1
49326,IS1a13793353b73ef49a287,-1,-1
49327,IS12ffa3ce19c9a02305f76,-1,-1
49328,nail one,-1,-1
49329,Lotus Du Couteau,-1,-1
49330,IS197d2d1bba2bd447277a1,-1,-1
49331,IS1e2c3617bc8fd6c355230,-1,-1
49332,IS14b935159deb076f0aa92,-1,-1
49333,IS174e1aad04f070dce6751,-1,-1
49334,9Z8dNhjJ3r,-1,-1
49335,IS16b2e1d6dcdd915e7235c,-1,-1
49336,Nite121,-1,-1
49337,IS1b969b7a71ffb72e6e7b6,-1,-1
49338,IS1485dfe8b0d15d45a5fa2,-1,-1
49339,IS116cfe783cf1a058b6823,-1,-1
49340,IS1130268619bc3822b5563,-1,-1
49341,Metrics,-1,-1
49342,IS1bc238bb963f499f72a58,-1,-1
49343,IS170d2228da176c2bf07fa,-1,-1
49344,IS1df6cb9f626c26b27cf14,-1,-1
49345,BigBoomBob,-1,-1
49346,IS11267fed515597ac720bd,-1,-1
49347,IS16d64c626492209df7e3f,-1,-1
49348,IS1d74916880d3190eba780,-1,-1
49349,IS19bdc1df89e8975add861,-1,-1
49350,IS1b3e37d7e9a739821b11a,-1,-1
49351,IS16073bb60abcf63aaa82d,-1,-1
49352,IS1cda778f33d42c250fc0a,-1,-1
49353,IS183bac665ba45233dadae,-1,-1
49354,IS12ec975e90db3da32947e,-1,-1
49355,IS14d14fd28d53d9f326190,-1,-1
49356,Talbreezy,-1,-1
49357,IS1e37e51bf5c74ad9138e2,-1,-1
49358,5Xsk65ugvD,-1,-1
49359,IS1037cd7b9b1cefef578ba,-1,-1
49360,IS1cff4f7f3988a5b577780,-1,-1
49361,TheHeadRush,-1,-1
49362,Teisel,-1,-1
49363,IS109c9b0944089d14361de,-1,-1
49364,IS12f84563ead6d70006610,-1,-1
49365,IS10b8889a93deb829d701c,-1,-1
49366,IS12e56de377cd46afff67b,-1,-1
49367,IS1f222796c8e80f5564d2b,-1,-1
49368,IS1cdfa9b122e16e40ee0bd,-1,-1
49369,IS15882b02637a4fad1c290,-1,-1
49370,Kierstad,-1,-1
49371,IS1ac145b107e84b846ebd5,-1,-1
49372,Kettius,-1,-1
49373,IS1e9f753b0d55805b5a246,-1,-1
49374,quietmonn,-1,-1
49375,IS121b60eea3247d5d17b73,-1,-1
49376,MattyMac1,-1,-1
49377,IS12b9d8b32e734f94c041c,-1,-1
49378,Magnivore,-1,-1
49379,Onirika,-1,-1
49380,l8rdude,-1,-1
49381,IS159820f6a6be334a8208c,-1,-1
49382,IS1a8e2ebc41a4ea69d2ca9,-1,-1
49383,IS1e77279510813d927b2fe,-1,-1
49384,IS15b39b2f536788affb4ab,-1,-1
49385,IS1fc1dbd113cf9599fbfd4,-1,-1
49386,Mocurion,-1,-1
49387,IS15fee601cb0244efcb4ac,-1,-1
49388,Baramizer,-1,-1
49389,dracknor,-1,-1
49390,IS135ca60d110b4ce6b7274,-1,-1
49391,Deathslayer31,-1,-1
49392,IS1db4ac5208cc84113cffc,-1,-1
49393,IS165439d84a40ff8a58988,-1,-1
49394,IS14ceb07c1b101b1ff5361,-1,-1
49395,IS1e84ea56dfd0ecf332578,-1,-1
49396,IS147811db8d2de62d0e6f3,-1,-1
49397,IS107c01c5e92c39ae8ccd4,-1,-1
49398,IS11e4039a0c7c9e8ddad26,-1,-1
49399,IS1920a3751e76bcc6de5aa,-1,-1
49400,IS1a826ffdd988a8da27bbc,-1,-1
49401,IS19c37c85aa7663ea8c03b,-1,-1
49402,IS16ba4e95ec7bdd5ff9f2f,-1,-1
49403,IS1f3b7c8e1f5ebbeafef99,-1,-1
49404,JDRoo,-1,-1
49405,IS1ccab261c71543c9d3a79,-1,-1
49406,IS13c7bc2c83a6225387a1a,-1,-1
49407,spSUjy424w,-1,-1
49408,IS1eccccb1fe41583e4eabc,-1,-1
49409,Pappaparrian,-1,-1
49410,IS167aad42a8ea3beccd19b,-1,-1
49411,Snorkel Fork,-1,-1
49412,IS155e4a035c155db391fcc,-1,-1
49413,IS194e527c59f8578b30218,-1,-1
49414,segots,-1,-1
49415,IS163455d3ec59fe8b564ef,-1,-1
49416,IS12e9573abb9a6df74ae00,-1,-1
49417,MrCerpinTaxt,-1,-1
49418,IS15560f43cda94c19017eb,-1,-1
49419,Vitim,-1,-1
49420,IS14f55070dbca7e4274d65,-1,-1
49421,IS196a8fe130011a4c46ed8,-1,-1
49422,IS16ff85ee28cd771391c8a,-1,-1
49423,Sincerus,-1,-1
49424,IS160c898f68c467aea19f5,-1,-1
49425,IS197a1c8f2663af303e65b,-1,-1
49426,IS160dc3c68471e46113a66,-1,-1
49427,IS13e99de31502ef22e3079,-1,-1
49428,IS183a66f39391a80354f8c,-1,-1
49429,Zees,-1,-1
49430,rayem,-1,-1
49431,IS101b9c491c4c101dea707,-1,-1
49432,IS1c789e6636922eb99e0f9,-1,-1
49433,IS10395a08a9e63c5a25c42,-1,-1
49434,IS1cded34a8c10cce182b10,-1,-1
49435,MoonDuck,-1,-1
49436,Malibu Kenny,-1,-1
49437,IS187cee457208b8015e2b0,-1,-1
49438,IS1c6d195e17a762dc31726,-1,-1
49439,konsti,-1,-1
49440,Firebolt145,-1,-1
49441,Tripeh,-1,-1
49442,josko de gama,-1,-1
49443,K00PA KING,-1,-1
49444,IS1bb4ca7b0f03fecc0cdb5,-1,-1
49445,EYEPsychonaut,-1,-1
49446,saint0z,-1,-1
49447,Snowz000r,-1,-1
49448,IS1fc7f4fe61138680787c8,-1,-1
49449,M10M,-1,-1
49450,IS1660a06ab79418eb12417,-1,-1
49451,IS138a0d1b5dabc42e6be00,-1,-1
49452,tgamer007,-1,-1
49453,Dastorn,-1,-1
49454,IS1328d810a66b3d9a75c47,-1,-1
49455,IS16d6b837dca8a46444721,-1,-1
49456,Cellus,-1,-1
49457,Katscanne,-1,-1
49458,IS163d3d57054f3e04c9709,-1,-1
49459,IS1a008e118ddd11e430786,-1,-1
49460,Schalke,-1,-1
49461,IS1083794b74dd9c152d62d,-1,-1
49462,IS1a030c53e9f81c47c1d99,-1,-1
49463,IS1bb33f419e41fd342e717,-1,-1
49464,Typlite,-1,-1
49465,IS13f2560b783faed98646b,-1,-1
49466,IS1332e0c86fa65a23a7c84,-1,-1
49467,IS14e80c957ce68c48246eb,-1,-1
49468,IS1c96385d31729d5f7759b,-1,-1
49469,IS1aa2ec7bdad06aa84b45f,-1,-1
49470,IS112dff48d7c3b1ac21146,-1,-1
49471,IS16708af4e9e1c9ce41e68,-1,-1
49472,IS1bea9681ffb3609c50cbd,-1,-1
49473,IS193a0aaa1d5287c920fde,-1,-1
49474,IS1cbe46bddc1cd2b60cf48,-1,-1
49475,IS1404998f63be5780cb450,-1,-1
49476,IS1b422135d8618049c6813,-1,-1
49477,martinmkd,-1,-1
49478,IS12381bf5e65a881ec218f,-1,-1
49479,EtrnlWait,-1,-1
49480,IS17dee95a8347899022812,-1,-1
49481,IS1f30c2c796d7605abc7b8,-1,-1
49482,IS1e50e22b528261ffe5550,-1,-1
49483,Wmcclus,-1,-1
49484,Angrytomas,-1,-1
49485,IS1bde69b14954283158163,-1,-1
49486,IS1baf1fa33a94dd080a69a,-1,-1
49487,IS1510c9e1d0dfc75cd34e2,-1,-1
49488,Shantarr Dalrae,-1,-1
49489,IS14203d2bf3b0988513fa3,-1,-1
49490,Scuba6988,-1,-1
49491,IS164ec517dc024e8f2bb89,-1,-1
49492,IS11fef6e93edc5cb04808c,-1,-1
49493,IS1986045b26e7da5749c43,-1,-1
49494,Priest,-1,-1
49495,IS174f7fb671289fdc0f4bc,-1,-1
49496,IS1043b2d6d1a7e5f6743e3,-1,-1
49497,IS10daaa9794e3d540fbae4,-1,-1
49498,IS12a749d76855533a60490,-1,-1
49499,IS10bf8e58da9c94f8e89bb,-1,-1
49500,IS11ce7de0fb0e00956b222,-1,-1
49501,IS12a235c99c8a988d21646,-1,-1
49502,IS1bdc63deeadf72ab15acd,-1,-1
49503,IS12d130fadaa37998e83c1,-1,-1
49504,IS165587f2905e50f3193ee,-1,-1
49505,IS1d0222104902c40eb58cc,-1,-1
49506,IS1399fd69963ecfae26b75,-1,-1
49507,IS1299a2fa308f26075704d,-1,-1
49508,AtomicRammus,-1,-1
49509,Zaffirus,-1,-1
49510,RichardcLilith,-1,-1
49511,King Mads,-1,-1
49512,IS12298cc4e520d0a5cbe79,-1,-1
49513,IS1ecc66094c7a9bfeb0af8,-1,-1
49514,IS1109e27fc0d7973ab2797,-1,-1
49515,blackheart14,-1,-1
49516,IS19a6dcbaad3f3dc2b1e98,-1,-1
49517,Garadin,-1,-1
49518,Hype140,-1,-1
49519,IS15cd61c654fc61a9cc402,-1,-1
49520,IS19a7379cfa606432f6c7f,-1,-1
49521,IS1847170314268ced43126,-1,-1
49522,Azua,-1,-1
49523,Thade,-1,-1
49524,IS10d7c92e4bc602c7ef5a8,-1,-1
49525,IS120c0123d58da521a4a36,-1,-1
49526,shiverspirit792,-1,-1
49527,DVbakhFtPh,-1,-1
49528,IS1230d4d205e0d190cdd86,-1,-1
49529,IS1966cb6aaa6683fde4243,-1,-1
49530,Kobor,-1,-1
49531,IS17e30c819eff2d8582004,-1,-1
49532,ratone,-1,-1
49533,IS1d4b51138e26bb7a88474,-1,-1
49534,IS13fe7ec47bdf70c996182,-1,-1
49535,Snakecharmer,-1,-1
49536,Zantonse,-1,-1
49537,IS13755fa151c151d6e3fb5,-1,-1
49538,MsHawkeye,-1,-1
49539,IS13235efb87212f67b1181,-1,-1
49540,TQgz8vHT2c,-1,-1
49541,H3R0nymous B0t,-1,-1
49542,IS1d95e5d71d2586a4de655,-1,-1
49543,Nor10,-1,-1
49544,IS1f24f65dc1745be5185e1,-1,-1
49545,Dresdan,-1,-1
49546,jonnydanger,-1,-1
49547,Burhelm,-1,-1
49548,Balboa,-1,-1
49549,SmokeSR,-1,-1
49550,IS1fde1165b69c16085ab4a,-1,-1
49551,Tokerface,-1,-1
49552,web383,-1,-1
49553,IS128dd4425c8505cc2aa19,-1,-1
49554,IS1bb5b28406c8687aa552f,-1,-1
49555,IS19736b849b584d6be6bf0,-1,-1
49556,hinogi,-1,-1
49557,Ezrail,-1,-1
49558,Sid Dragon,-1,-1
49559,PaperCutNinja,-1,-1
49560,IS1f860b48892c92f0167ef,-1,-1
49561,mannse,-1,-1
49562,snRZLE65lu,-1,-1
49563,2134213,-1,-1
49564,unundead,-1,-1
49565,IS114e20914b8df302343cd,-1,-1
49566,Diius,-1,-1
49567,IS1e2f9765a8659f9d07c8b,-1,-1
49568,IS1aee0d567b99b69baf7ec,-1,-1
49569,IS159f72275778d6b913ca7,-1,-1
49570,IS181675f7d1c0804587b96,-1,-1
49571,IS157880fe02c768047dff8,-1,-1
49572,IS182e790422967519ea890,-1,-1
49573,Thant,-1,-1
49574,IS11ed09797b16e11fdc5df,-1,-1
49575,IS1ca8453f46a9e3332044c,-1,-1
49576,IS1a557a5bb5d5b9ae80553,-1,-1
49577,IS17142ff0a63a068c4ed6d,-1,-1
49578,Zaiider,-1,-1
49579,IS15461dd4f2bfd556d1e90,-1,-1
49580,WoRcheck,-1,-1
49581,IS15e25c85f6fc658fe4fc1,-1,-1
49582,3seNP9DmDf,-1,-1
49583,Automaton,-1,-1
49584,IS146f9b092b80352752dd1,-1,-1
49585,IS168ab00924c4aab1bb404,-1,-1
49586,THSeaturtle,-1,-1
49587,IS14c5862e937abe66b2e23,-1,-1
49588,paad,-1,-1
49589,IS1bf76d20fc619c2a696c8,-1,-1
49590,IS1ef50e6a76089ae84aab3,-1,-1
49591,Katalizator,-1,-1
49592,Repent,-1,-1
49593,Speedymaster,-1,-1
49594,IS19b677049f5ff6a552f78,-1,-1
49595,IS1ff5f32dd0f310a07bf72,-1,-1
49596,IS161b22e5efa351c57b7c9,-1,-1
49597,PRASTARY,-1,-1
49598,IS18db61c54ecedbbafffb0,-1,-1
49599,NV the Jukebox,-1,-1
49600,IS17139d1766e4e1428f01c,-1,-1
49601,IS1771da790da05438d0e05,-1,-1
49602,IS129b4ce7fe2afc4206e96,-1,-1
49603,IS1e4c20a77ce8f901d0c49,-1,-1
49604,IS19a1e15afb6f81181e50e,-1,-1
49605,lukaven,-1,-1
49606,IS1c03e571c300512d95292,-1,-1
49607,IS1e4cd29b863defbba7f0a,-1,-1
49608,Khala,-1,-1
49609,Sideshowbawb,-1,-1
49610,boxwood,-1,-1
49611,IS1db97980a8aa5af93123e,-1,-1
49612,IS14603d686ea305fa2f687,-1,-1
49613,IS1915208ab7dfedc7943ac,-1,-1
49614,IS15656218a72c0d83d1548,-1,-1
49615,IS1da066efad472da25e1f3,-1,-1
49616,IS1be523e97524b67084ca0,-1,-1
49617,IS135f45f1c3bdb0c8b256f,-1,-1
49618,IS1e23bb68391acaa8ca141,-1,-1
49619,IS15d48f11e4256e53c9917,-1,-1
49620,CG0QaNrbGr,-1,-1
49621,IS1f2fe6fa02282a752c7e2,-1,-1
49622,IS17f95c71852ab379862f1,-1,-1
49623,Tasia,-1,-1
49624,santa,-1,-1
49625,IS1d96f233fad0466f8849d,-1,-1
49626,IS1e9a01165504b7c0a1ace,-1,-1
49627,IS10e478e62697df43a5984,-1,-1
49628,Araco,-1,-1
49629,IS1ec13b4a5041ebfbb555f,-1,-1
49630,9lwnoVyVrw,-1,-1
49631,IS154f1fce2c9ff38c40ec3,-1,-1
49632,IS12dc23c12ab78188606df,-1,-1
49633,IS17875047fc4ba71ea8d29,-1,-1
49634,Majinsean,-1,-1
49635,IS1f3b359795a583abbe1f1,-1,-1
49636,IS16292f33a04f7aebb5fee,-1,-1
49637,iKoala,-1,-1
49638,8GxOgvB0sF,-1,-1
49639,BEST POOGIE NA,-1,-1
49640,itszerolove,-1,-1
49641,IS198144a0ebee3c46e93b9,-1,-1
49642,IS19d58edd3a3fc1c0f5b75,-1,-1
49643,IS102213b654fd4288617f2,-1,-1
49644,slash12,-1,-1
49645,IS1361b91c0192cd05d53f4,-1,-1
49646,IS1f5f7ee3942cc912eef00,-1,-1
49647,IS1523541587596aa82f71c,-1,-1
49648,IS1fb73d2c868287ed890a2,-1,-1
49649,Fors,-1,-1
49650,IS1578fbfcda8edc7d647e2,-1,-1
49651,Mortesar,-1,-1
49652,IS16f6a4a7eff618814f91e,-1,-1
49653,ytelth,-1,-1
49654,IS19db9d115947ff9caa86f,-1,-1
49655,IS16198d139c3e9750a3739,-1,-1
49656,NegativeNyancat,-1,-1
49657,IS1bf75bc55e23a31dfbf2b,-1,-1
49658,IS1db19dd4917794e8ffed1,-1,-1
49659,TomTomPa,-1,-1
49660,Urcaen,-1,-1
49661,Valaryant,-1,-1
49662,IS168a57760468eb3906f75,-1,-1
49663,MykoXD,-1,-1
49664,IS168e952f17fc35fe68d90,-1,-1
49665,EzDcuh12um,-1,-1
49666,IHaveNoIdeaWTF,-1,-1
49667,TheAmericanDream,-1,-1
49668,IS1182ee334beacb0e03bc0,-1,-1
49669,IS176995cc62452eec5a89f,-1,-1
49670,Viley,-1,-1
49671,IS15b0115fa7062fec8d356,-1,-1
49672,wk9nid,-1,-1
49673,IS1471cb4f9106c724ede84,-1,-1
49674,lrEbfGCSzE,-1,-1
49675,Umarugyn,-1,-1
49676,IS120fb73fae8eb2a3aaa83,-1,-1
49677,IS102691222854365a478f4,-1,-1
49678,IS11cdc4ea8abef8d2f4b07,-1,-1
49679,IS10ddfa03c2a0340d62625,-1,-1
49680,IS109d48eb9902ad787c90f,-1,-1
49681,IS1d72d4e655016520d277e,-1,-1
49682,Remnence,-1,-1
49683,Pixelx,-1,-1
49684,Valin29a,-1,-1
49685,IS14e2d0a8d57805ca76836,-1,-1
49686,IS1c87ad54bb54e750d61e2,-1,-1
49687,IS166205253b0914685088f,-1,-1
49688,IS1d5b3b2d41dc9255a8d6e,-1,-1
49689,IS10bb955a75778d436066b,-1,-1
49690,Zolum,-1,-1
49691,IS135eed8d29510c7eb47d8,-1,-1
49692,P2OkNOBaad,-1,-1
49693,S811Hjl1tO,-1,-1
49694,IS1c738c1433bd7594fb7a7,-1,-1
49695,Z2 Mars,-1,-1
49696,IS1f49d8a0ff440963ecf9b,-1,-1
49697,IS1cbfc8d33f924607c149d,-1,-1
49698,IS1e48b1165dffb899ebda8,-1,-1
49699,AAGRbn5M6C,-1,-1
49700,Noghri,-1,-1
49701,IS196d6806bece836a2d0b5,-1,-1
49702,pTouDPwHqI,-1,-1
49703,IS1aae6d9162af9fcab88eb,-1,-1
49704,IS17cebced7006450b51366,-1,-1
49705,NinjaRig,-1,-1
49706,Xytara,-1,-1
49707,Furio,-1,-1
49708,Leo the Lion,-1,-1
49709,Imagine Winning,-1,-1
49710,IS18da5826939b2446b7495,-1,-1
49711,Mehow,-1,-1
49712,IS18d0319e57626511e3f18,-1,-1
49713,IS14b5dbff7f54e77dfca5f,-1,-1
49714,IS102b7f0f5b4091396ef73,-1,-1
49715,LinusTorvalis,-1,-1
49716,IS12ff5da40b08d389a4a8e,-1,-1
49717,IS14659cd6e818ab5b17cf1,-1,-1
49718,Hellbent,-1,-1
49719,jojomofo,-1,-1
49720,IS129a6fd13d4cf46b26f0c,-1,-1
49721,TSSOaBQMfI,-1,-1
49722,IS1a514619ba2c0533d31b6,-1,-1
49723,IS1628bc26ad06d56b3de40,-1,-1
49724,matekisten,-1,-1
49725,IS133a37d4b52b60c91d23d,-1,-1
49726,Thenadathor,-1,-1
49727,Xeavn,-1,-1
49728,IS179d1bae99ec3f3135a04,-1,-1
49729,gone32,-1,-1
49730,IS1beca4c1b9d6a0b904996,-1,-1
49731,IS13e170875cfe97aef9232,-1,-1
49732,IS1cf1796bb6c7a8faa779a,-1,-1
49733,Z2 Dragon,-1,-1
49734,X5J8gJpvSi,-1,-1
49735,KnightsDawn,-1,-1
49736,IS179c5a2f0fff4b91c94cd,-1,-1
49737,IS1602200cbb5d05cfddff1,-1,-1
49738,IS1be41fadeda03b8be4bd4,-1,-1
49739,PapaGhoul,-1,-1
49740,IS1daae881af122e58d8a2b,-1,-1
49741,IS148383069e84012b1723a,-1,-1
49742,Methodmek,-1,-1
49743,MGb8iYSDGL,-1,-1
49744,kGmaILJszc,-1,-1
49745,IS197cf86f7fc3b9fb023e9,-1,-1
49746,IS12e6a23fbfef3f48cbe00,-1,-1
49747,Bjergologist,-1,-1
49748,IS1745fd1e386afd295017b,-1,-1
49749,kygCj06ilY,-1,-1
49750,czhddlnIN2,-1,-1
49751,Vladdieator,-1,-1
49752,Daggoth123,-1,-1
49753,IS16d575f804f7053fa5cc9,-1,-1
49754,Sabvre,-1,-1
49755,trianIRL,-1,-1
49756,Perfie,-1,-1
49757,ICWe1ners,-1,-1
49758,IS1997303e26d915aed12c9,-1,-1
49759,IS1f9cea61a8c628e55a067,-1,-1
49760,IS10c1c26a5cf37436c855b,-1,-1
49761,IS1bf0f74654bced183cffe,-1,-1
49762,Dr Feelgood,-1,-1
49763,IS19761f859172f2942db00,-1,-1
49764,IS1b3d176474eb6f3dca491,-1,-1
49765,IS1615f420eab3adb939f2b,-1,-1
49766,IS15f103736dd4a865d840d,-1,-1
49767,kokoticek,-1,-1
49768,IS17103c385e7b3711f95d8,-1,-1
49769,IS136e6d59eff67dcf22488,-1,-1
49770,IS1d4a68bee536aa6bca958,-1,-1
49771,Valoc,-1,-1
49772,gtLJdzWxB8,-1,-1
49773,wwwweeeeeeeeee,-1,-1
49774,IS14ef57137adc421359475,-1,-1
49775,IS1796cdfacb76c9f5d677f,-1,-1
49776,IS19d49d7af0e6e862746f1,-1,-1
49777,IS13da5acd2976e4c8ed83a,-1,-1
49778,IS19e9c83157f9e8603e031,-1,-1
49779,Lu1Kko99JG,-1,-1
49780,IS198c1b8600b567fd11e5f,-1,-1
49781,Talloen,-1,-1
49782,Ecxentric,-1,-1
49783,IS14abaedeb0187c80f6f00,-1,-1
49784,Gullerback,-1,-1
49785,IS1da49c166dea783cba4ef,-1,-1
49786,I4WrU8yECp,-1,-1
49787,IS1476f01ca77d1ad789b3c,-1,-1
49788,uQep0raRsw,-1,-1
49789,MadLivid,-1,-1
49790,IS123fe1c1597eec02cb19d,-1,-1
49791,Jaffur,-1,-1
49792,IS1abb387c24a80d0d724a2,-1,-1
49793,IS1559a683955dfdc7c82a7,-1,-1
49794,IS1b5aa69803ab22aa84bfb,-1,-1
49795,PerfectXtreme,-1,-1
49796,IS1aa665bab14cabf140fb4,-1,-1
49797,IS1710b5fe66966a6715bfc,-1,-1
49798,IS11528d4ce13e6ce43fbb3,-1,-1
49799,IS127286e4cb1c6b3810215,-1,-1
49800,IS1c9c2f66362556a12b16f,-1,-1
49801,Scoobydubs,-1,-1
49802,april 21,-1,-1
49803,Zithkor,-1,-1
49804,IS13c623a77554df97e93be,-1,-1
49805,IS1ae3fdb2bc69fd9cc08c1,-1,-1
49806,IS1b97ff378e7c9964a55b1,-1,-1
49807,IS1706a5c2e990da7f3dd5b,-1,-1
49808,sic2214,-1,-1
49809,Quenin,-1,-1
49810,IS16f59c2d87cf888884fc2,-1,-1
49811,IS16cbe738f5effd0ab4400,-1,-1
49812,IS10e179c332b59d6945ab8,-1,-1
49813,Vollger,-1,-1
49814,Bnak,-1,-1
49815,IS1736f058d224a7e037227,-1,-1
49816,hZhMnG9ITb,-1,-1
49817,IS1c373bf25001de48838d7,-1,-1
49818,IS160df728674cded69ceda,-1,-1
49819,IS15bd23d799ff630aa0e7a,-1,-1
49820,IS131d2834e011fb7cb4536,-1,-1
49821,Necrojin,-1,-1
49822,IS198e1be04605a7cad896f,-1,-1
49823,IS1f4c3f0645f43fdfd1dde,-1,-1
49824,IS1b67363dfbd6e5da5c374,-1,-1
49825,Ghor,-1,-1
49826,IS1e49abfb0b9c577bf98bd,-1,-1
49827,IS178f26b2cd0c7076d5527,-1,-1
49828,exprop,-1,-1
49829,IS1a55364ed513cd51c7bae,-1,-1
49830,IS1c870eecb2c49159a2701,-1,-1
49831,Astellin1,-1,-1
49832,IS1bc199eff354905655929,-1,-1
49833,Spiritown,-1,-1
49834,IS189678de37d36ff5f68c8,-1,-1
49835,Ra1ncloud,-1,-1
49836,IS1ff150671af050a86a93f,-1,-1
49837,IS14a6f18786510a46ecea7,-1,-1
49838,Higaki,-1,-1
49839,IS10f9bf7c4047b80e43fc6,-1,-1
49840,IS1d1547674ea4df32caef0,-1,-1
49841,IS1a6080fc79340c616a069,-1,-1
49842,HauntedSoul,-1,-1
49843,oYonVKuMxa,-1,-1
49844,IS155d3ba1cd240be7483e2,-1,-1
49845,Kutcher,-1,-1
49846,IS129d218bdf51f19d56e89,-1,-1
49847,qYazCZdAvH,-1,-1
49848,nDohC,-1,-1
49849,IS18546b9a4be3e6e299ec4,-1,-1
49850,Fustigator,-1,-1
49851,Zm0r,-1,-1
49852,Detour,-1,-1
49853,IS1d39a3056dcb754e150c7,-1,-1
49854,IS13861a5e628dc10f1bade,-1,-1
49855,IS17f93a8fb0772fa560a06,-1,-1
49856,WtyxENp29M,-1,-1
49857,IS1c644c4d51b4c70db892d,-1,-1
49858,Aarmythia,-1,-1
49859,IS146a14a9ebe7de133a7d0,-1,-1
49860,IS1258c1de09df1007ee492,-1,-1
49861,IS1a073e24789433b815da1,-1,-1
49862,IS1df617753d9478f3ebdee,-1,-1
49863,Satsuu,-1,-1
49864,Mhesp,-1,-1
49865,Zarbatsu,-1,-1
49866,Zapron,-1,-1
49867,IS12001120ad8a44a38a61c,-1,-1
49868,Lobodomy,-1,-1
49869,Dsurion,-1,-1
49870,murmur,-1,-1
49871,IS1dfa42ffb9a4aef3df1af,-1,-1
49872,IS1ad198751aca1a585ab7e,-1,-1
49873,IS1b66bdea039ebf5c56664,-1,-1
49874,IS190586bb87f85211a1201,-1,-1
49875,IS1ab2a6eec88e877a71820,-1,-1
49876,Larius,-1,-1
49877,IS1f98781a2889277b722d8,-1,-1
49878,IS1f2d0bf53ea1b894cc956,-1,-1
49879,IS1768f1426f9f32d861b6e,-1,-1
49880,Kelaxe,-1,-1
49881,IS110cc772e2e6f4a0cd124,-1,-1
49882,Varnok,-1,-1
49883,IS1f900ba3949991f343e78,-1,-1
49884,IS1215574d3723b1b29dafa,-1,-1
49885,IS11af232938fed0d219eb3,-1,-1
49886,IS16f1d1a8335abf22b56e6,-1,-1
49887,IS1bb4b14939a29499e997b,-1,-1
49888,IS1ad9daebcc772570ae369,-1,-1
49889,IS11519b25ad58008eb2df4,-1,-1
49890,IS1408087a064e0db4a7ff4,-1,-1
49891,Krnz,-1,-1
49892,Snabelfantz,-1,-1
49893,IS174928ff0bdc1a95018fe,-1,-1
49894,IS1501b56d5c5bef16e1963,-1,-1
49895,FlyWithVicky,-1,-1
49896,KeyKenzo,-1,-1
49897,T3yWEPJdpm,-1,-1
49898,ThunderChild,-1,-1
49899,Ederick,-1,-1
49900,IS16348eacec86e7c6c411e,-1,-1
49901,IS163b90192914d7b2b31f8,-1,-1
49902,TASk3R,-1,-1
49903,IS156387514a570b7c816ef,-1,-1
49904,IS13d22a804e70f1816f55d,-1,-1
49905,7CcsJrnYLX,-1,-1
49906,IS11582ec70978d92f57b75,-1,-1
49907,IS1a953e23fb1a88c0bd24a,-1,-1
49908,IS1ab11c67b304474027f73,-1,-1
49909,IS1f3b0df5baecabd8c2259,-1,-1
49910,IS1186a94df2520be1279b2,-1,-1
49911,IS18649aa951bc2aed3df13,-1,-1
49912,IS18a136b2d4e42c3fa9ff1,-1,-1
49913,Sancle,-1,-1
49914,IS1c084c3a4d0a81e732ac5,-1,-1
49915,IS110fae64845a17a56b2a0,-1,-1
49916,IS13ffb9d13101ab4da6fe8,-1,-1
49917,IS192e95be250e227e32d17,-1,-1
49918,IS140732f0bdef4032744bf,-1,-1
49919,KinGzCHB,-1,-1
49920,143ew,-1,-1
49921,IS166347e25d7d9c702e20a,-1,-1
49922,IS1c5ce4a9c95f7b55d1530,-1,-1
49923,IS1b9a78ef149178f943fd8,-1,-1
49924,Behodia,-1,-1
49925,tmynumRJ6S,-1,-1
49926,IS15dbffd6348fdbf462cd2,-1,-1
49927,IS123997163e3b390e4b8ea,-1,-1
49928,IS177e0c9810a693accf1ec,-1,-1
49929,BaronVonPoop,-1,-1
49930,Quoluc,-1,-1
49931,IS1832b718fb73d770c1245,-1,-1
49932,Runst,-1,-1
49933,IS15f2cbe047e4c6bc97de0,-1,-1
49934,IS13803772744111c2ba5ed,-1,-1
49935,IS1ab10d36b56edde14cdf6,-1,-1
49936,IS12648beea6fa520531a71,-1,-1
49937,IS1da6c12ff7ce7e4f92ad7,-1,-1
49938,IS180d03781aa1f25fed70c,-1,-1
49939,IS1940f7648840d2825b392,-1,-1
49940,IS189dead7bbeb25b22b28f,-1,-1
49941,FalcoLombardi,-1,-1
49942,IS1e9111db03d0c6787adfb,-1,-1
49943,IS19c3f4d406da8b34fc1d7,-1,-1
49944,Ackman,-1,-1
49945,IS1d65a7961698fcf6c9823,-1,-1
49946,IS1a2ad551b197ce74d4f58,-1,-1
49947,morgantosh,-1,-1
49948,kUGFDnnfQ6,-1,-1
49949,IS108c3f8ece5ab794a1113,-1,-1
49950,IS182f70918b605343a6dea,-1,-1
49951,IS1ec2789c9f1552d5d4ea1,-1,-1
49952,IS19b10334ddbb8ef024c9f,-1,-1
49953,IS1b55ac54940119a6ebd81,-1,-1
49954,FeesterTweester,-1,-1
49955,IS1ac3ace6dfedcd6be1a34,-1,-1
49956,NuMsGiL,-1,-1
49957,IS1f0b795c02fcdc1ceed42,-1,-1
49958,AWildDuckReturns,-1,-1
49959,IS19f4a934ad7d2e8a0e769,-1,-1
49960,IS1464a1b64ef9c4c67c67e,-1,-1
49961,IS18fa8f90ceb38938bf740,-1,-1
49962,IS160ae24a37ea23b257dac,-1,-1
49963,IS18e30f61ef1f8440d7015,-1,-1
49964,b1choO,-1,-1
49965,yurten,-1,-1
49966,IS104e0db3d7d4b779b7481,-1,-1
49967,trhtyh67647,-1,-1
49968,IS1cc7e5f555285623afcc6,-1,-1
49969,IS180b69d8b8e53ee8b3d26,-1,-1
49970,IS158e187a2476922c33809,-1,-1
49971,zimer12,-1,-1
49972,IS1eda0713d485b0df07ba9,-1,-1
49973,sirskull,-1,-1
49974,IS148b0d31f6fe1884f6d23,-1,-1
49975,IS1b7288267c785458548b2,-1,-1
49976,IS1104da691504b0619066e,-1,-1
49977,IS14714c1403dc9b5ad415c,-1,-1
49978,Noah620,-1,-1
49979,IS15402ce3ecb486f4a8c3b,-1,-1
49980,IS192b5336512a289432e7c,-1,-1
49981,Maskpatrullen,-1,-1
49982,Nargacruger,-1,-1
49983,pugmastaflex,-1,-1
49984,jaynoodle,-1,-1
49985,7LdCsmCUfe,-1,-1
49986,IS11d8278998a10b6a52883,-1,-1
49987,IS133bc06dae9ce4e54cb18,-1,-1
49988,IS1272f5d0c95c4c49fbd38,-1,-1
49989,essN7gIuit,-1,-1
49990,walphyxD,-1,-1
49991,Milque,-1,-1
49992,IS1c527bb80bc410f48067a,-1,-1
49993,IS163365dc587ac341466d7,-1,-1
49994,IS1df0883a63a562cb61a52,-1,-1
49995,Mizunari,-1,-1
49996,IS11e5b051866c32f9eb072,-1,-1
49997,IS142cc4d8f685f0299257b,-1,-1
49998,IS1f0ec748a4beed90e5ad2,-1,-1
49999,Sting Chameleon,-1,-1
