50000,IS155ffee4641ad3d481b1c,-1,-1
50001,Giraya,-1,-1
50002,IS1b4d35a731817b538b21d,-1,-1
50003,IS1fdf93fbae8640d547b8e,-1,-1
50004,ebinsugewa,-1,-1
50005,IS1b1d1e700fb02eccaf064,-1,-1
50006,Last Baron,-1,-1
50007,Diarrheabutt,-1,-1
50008,IS1afd26733d285dee3abd0,-1,-1
50009,IS1a31e247c34b64547f812,-1,-1
50010,Zack112,-1,-1
50011,IS15c0c924c73b0b0a4b7cb,-1,-1
50012,IS1321a45b4dbf1eff6bb4a,-1,-1
50013,IS125a55ceafc35f6fa45e8,-1,-1
50014,Karinguer,-1,-1
50015,IS180933e84ca084fa3524a,-1,-1
50016,IS1b7e7345b4ea6fde06627,-1,-1
50017,IS1b9be83ccedd468732e0a,-1,-1
50018,IS158171d57e1cc8122b415,-1,-1
50019,IS15d9c5e76a77d8f4a8fde,-1,-1
50020,Axis42,-1,-1
50021,IS1735b0714c325c526aee5,-1,-1
50022,Slouisk,-1,-1
50023,IS11535b492b740102df78a,-1,-1
50024,IS1912ff106c57ca9be41dc,-1,-1
50025,IS1da83c7784c8fd21f7811,-1,-1
50026,IS16faab11f648a07867d84,-1,-1
50027,Krenor,-1,-1
50028,akabrice,-1,-1
50029,IS1c754b55ec468d1a41d09,-1,-1
50030,IS10f5aaac103d7dd1952eb,-1,-1
50031,IS13c687d1439b444d64004,-1,-1
50032,HeeyAqualung,-1,-1
50033,IS168080e7c1c5f04af05a7,-1,-1
50034,Vredobelisk,-1,-1
50035,IS16a4dd4f330f13ff4d808,-1,-1
50036,NetTeen,-1,-1
50037,echograss,-1,-1
50038,Lainy,-1,-1
50039,IS16f33134d405510650a60,-1,-1
50040,NS1PiWtzvz,-1,-1
50041,IS117abc70bf477ca77f4ce,-1,-1
50042,IS13966e71d6f94a93b6b93,-1,-1
50043,Szai,-1,-1
50044,IS1881157b758a01c6ef399,-1,-1
50045,Son of Nun,-1,-1
50046,Legord,-1,-1
50047,Haklen,-1,-1
50048,IS1237acdcc6d3846b9cda5,-1,-1
50049,IS1be87eaf6ade964caff4f,-1,-1
50050,IS1f63d802d34b1bceebfe1,-1,-1
50051,IS144843465cf6c4785094b,-1,-1
50052,IS1cf8a702432f742825e70,-1,-1
50053,IS1aaae461d24d6b6aeb0e9,-1,-1
50054,FruitsPunchSamuraiG,-1,-1
50055,IS12848eef03f3f0a3dfbf6,-1,-1
50056,StingerPCGS,-1,-1
50057,IS12cd2364cbcce9b00c96e,-1,-1
50058,lilotwig,-1,-1
50059,IS17bef4b583158a12363f1,-1,-1
50060,IS1d2384cbbbfe73fa72fcf,-1,-1
50061,IS1b40969652e3249023645,-1,-1
50062,Titzmanz,-1,-1
50063,nutterbee,-1,-1
50064,Lucra,-1,-1
50065,IS18407ba1a88ad797fd3e2,-1,-1
50066,IS1668d39bd7b9d01a98bad,-1,-1
50067,KBAM,-1,-1
50068,R 5 R,-1,-1
50069,IS1af1874d79dc4144af95f,-1,-1
50070,Thilin,-1,-1
50071,RoshinIsshin,-1,-1
50072,5vzpCEhihQ,-1,-1
50073,IS110c441f2c118ac418ee7,-1,-1
50074,HalstJunior,-1,-1
50075,IS1f2a5ee47b2bfc2a9a93e,-1,-1
50076,IS1f98ad8e8fce9b6ded577,-1,-1
50077,Astragota,-1,-1
50078,Muthoe,-1,-1
50079,IS14d25543dcc144f93b3dc,-1,-1
50080,IS17afc0b94591957936729,-1,-1
50081,IS13b53a3597c79e251ecb2,-1,-1
50082,IS1a2ea925e3c7242b0b84f,-1,-1
50083,BeerManMike,-1,-1
50084,IS1aaf24c9e4a10d9f056d9,-1,-1
50085,nightslayerz,-1,-1
50086,dddddsaaaaaaaaa,-1,-1
50087,Darkyot,-1,-1
50088,IS19e7a2b1e4091229913f3,-1,-1
50089,IS15796fe663f8ff3f39fee,-1,-1
50090,IS1509ebf012560ce3dd396,-1,-1
50091,Utricle,-1,-1
50092,IS1f8f753cdcfaf51b207ef,-1,-1
50093,Loohooser,-1,-1
50094,Tokiko,-1,-1
50095,IS11daea439432ac779b391,-1,-1
50096,IS160893f1ce25f71f75037,-1,-1
50097,BoogieFlu,-1,-1
50098,rOP38cL9UK,-1,-1
50099,IS1d13b79fc22803f47b765,-1,-1
50100,IS173a893dd9a89d14ca062,-1,-1
50101,IS1afb50b38a78f62d35b8d,-1,-1
50102,SPeFc7FlE0,-1,-1
50103,IS11a9321597157c0d61791,-1,-1
50104,IS1e5f4c37e267f87743ec4,-1,-1
50105,gdawggangsta,-1,-1
50106,CarvaIho,-1,-1
50107,Squirrel Lord,-1,-1
50108,IS1e0c83fb1dca8e065d4ca,-1,-1
50109,IS138a0dc5933b4943e87a0,-1,-1
50110,Zero327,-1,-1
50111,IS1830511e5ed817924afdd,-1,-1
50112,IS17e1f10e4e809cffee8fb,-1,-1
50113,Angeles,-1,-1
50114,IS16d457877516ef0c8c257,-1,-1
50115,IS1760e4f1f3522025cef25,-1,-1
50116,IS1b8965bb6937b1f34cfc1,-1,-1
50117,IS12f2a2181b08abb545f89,-1,-1
50118,undyinkills,-1,-1
50119,Kirbinho,-1,-1
50120,IS1cbe30b2d82a804e3f009,-1,-1
50121,BakaStab,-1,-1
50122,Farcraw,-1,-1
50123,IS1c28c88f5bb5ba754c49b,-1,-1
50124,ZeroGeist,-1,-1
50125,FizzleDrip,-1,-1
50126,IS11c0c98a1611ad4b1d52e,-1,-1
50127,IS116945cf79b05af57848c,-1,-1
50128,IS1b9cfc0557a4117c5edd0,-1,-1
50129,IS1d2a448be9c36f0dfb50c,-1,-1
50130,IS1e1ebc48096d9b0345ec5,-1,-1
50131,myxomyosis,-1,-1
50132,IS1598104562151cc1c79b3,-1,-1
50133,Romaen,-1,-1
50134,IS13f81e94fefac1757ff8f,-1,-1
50135,Drakorian,-1,-1
50136,RedPopsicle,-1,-1
50137,IS1848656f7dfd11cd67d34,-1,-1
50138,IS1db1ed4ec0b98c85e1df8,-1,-1
50139,Mochii,-1,-1
50140,Obslin,-1,-1
50141,IS17434ebe1b76715e828ec,-1,-1
50142,The Dino,-1,-1
50143,IS195be1b50f527a701bc75,-1,-1
50144,IS1ebdc0b6b9e28d8ff40aa,-1,-1
50145,IS1fdbee9c8ec96efcc53f6,-1,-1
50146,IS15d74a793a7976daf3768,-1,-1
50147,IS137f32fd2f50c8bb7a566,-1,-1
50148,IS180a69a395b6ff1956367,-1,-1
50149,IS1e24490ac34b68bd64a0c,-1,-1
50150,DrownsKittens,-1,-1
50151,IS1941996510754c733a7f2,-1,-1
50152,IS1d7261b5df826362ae3b8,-1,-1
50153,IS1596ab3cc6b8ce5a94668,-1,-1
50154,8lohb56IM5,-1,-1
50155,ErnlerdenSwerler,-1,-1
50156,IS1517633763a1de894bdd2,-1,-1
50157,IS1b0772d3937c7ec229295,-1,-1
50158,IS1864d5bd499a013bd8a63,-1,-1
50159,IS1480cc3a438114d08f6c5,-1,-1
50160,GrishiX,-1,-1
50161,johnwizard,-1,-1
50162,RayLancer,-1,-1
50163,IS1ca278c97b975e1f81580,-1,-1
50164,IS1184a704c00fe3ba67999,-1,-1
50165,JJCABMBN1,-1,-1
50166,IS19405272e79cfa00367f3,-1,-1
50167,IS12cde2f8f86fee5a83e22,-1,-1
50168,PassionBear,-1,-1
50169,Mewen,-1,-1
50170,Sina,-1,-1
50171,IS1aea5eab3352f8cc07875,-1,-1
50172,IS159f5f56119792ae868d4,-1,-1
50173,IS1d183a8f9841c6d2aa432,-1,-1
50174,AlaraphonAMD,-1,-1
50175,Swiftzord,-1,-1
50176,IS174ed652fd947b1bf751b,-1,-1
50177,IS1b521cd069a1ba64a1aa1,-1,-1
50178,Silencio,-1,-1
50179,JackBurton,-1,-1
50180,IS16e46aec7be29a16d05f1,-1,-1
50181,IS11e12b42f1d7d9daffeb7,-1,-1
50182,IS10f2cc539e45c205b4800,-1,-1
50183,IS1457c4b4b0ba73f0ed930,-1,-1
50184,BCB Comcast,-1,-1
50185,IS1967c00ddcb78643884b3,-1,-1
50186,IS1f2fb903ce8957a2aa01f,-1,-1
50187,Dotazoman,-1,-1
50188,IS1048a7b6409bc345d2a9c,-1,-1
50189,anyname45,-1,-1
50190,IS11f71dcaf5044998c7980,-1,-1
50191,IS16aeab39b489f2622673a,-1,-1
50192,Vyebrows,-1,-1
50193,Yvette Malan,-1,-1
50194,IS1de3f172ffbbd16178338,-1,-1
50195,IS115d706a3bbdcaab0f475,-1,-1
50196,SayoSaHa,-1,-1
50197,IS15aa09feff108dea55ed2,-1,-1
50198,IS1439fd0abe59a5fae6869,-1,-1
50199,Adorol,-1,-1
50200,A08DIXgTvm,-1,-1
50201,CINCO Pasta Bear,-1,-1
50202,Jiao Mk II,-1,-1
50203,IS16b2b5a879183bee5b54c,-1,-1
50204,IS119a5812f91322963ef99,-1,-1
50205,IS1b663520ccbc2581b7998,-1,-1
50206,IS1585c954bfc481edb2f43,-1,-1
50207,IS19533b525dedc9308db3f,-1,-1
50208,YquOoWrmLj,-1,-1
50209,IS12ea6c9b2d6b7174e38f2,-1,-1
50210,asxetos,-1,-1
50211,IS1eee92b371e16cc0632e2,-1,-1
50212,IS1bde610850d6ba7300a3e,-1,-1
50213,ForDodge,-1,-1
50214,IS1a47a5efa657f3358e635,-1,-1
50215,IS1ccb8dffd2f3cc6a0c903,-1,-1
50216,Scotthew,-1,-1
50217,IS1fc1f1c64986ef01afc22,-1,-1
50218,IS198584a6d7a861b7a2055,-1,-1
50219,IS161a2a8abc3e50d68f829,-1,-1
50220,IS170140432866b7c7e0ad9,-1,-1
50221,IS10baa9bd91ff165cfaf79,-1,-1
50222,IS104f8b59677647ef56522,-1,-1
50223,Shadow2004,-1,-1
50224,kywei,-1,-1
50225,IS15f5b55756943fab23a2c,-1,-1
50226,IS1c827ae39f10473cd9888,-1,-1
50227,Goldfish15,-1,-1
50228,IS1cc2d9b7ce8287ea8fea0,-1,-1
50229,IS1b93a01693165f1ae9dd7,-1,-1
50230,Pinguyn,-1,-1
50231,IS1a2296c3c9eeb2099aa7a,-1,-1
50232,KOmpLX,-1,-1
50233,IS170abe31493ead61ca631,-1,-1
50234,IS12d7597ba9196736a9b52,-1,-1
50235,IS1a932217ed8cc9c13c1d6,-1,-1
50236,IS116dc933969a17d33c9e8,-1,-1
50237,CylentStorm,-1,-1
50238,Besuto,-1,-1
50239,Pawlee,-1,-1
50240,Laho,-1,-1
50241,IS1de6ee31a94a201f0333d,-1,-1
50242,Z2 Madreag,-1,-1
50243,tehjeffman,-1,-1
50244,IS1b2263b664f8dd1e628ac,-1,-1
50245,IS106f834777e39835e3dfd,-1,-1
50246,IS1e76fef0f2e0f3e809c0f,-1,-1
50247,IS1daea6802485a22f4d1ed,-1,-1
50248,xCoolBreezex,-1,-1
50249,IS16a5e0850f7801504ead1,-1,-1
50250,Ryzeki,-1,-1
50251,LmHd4T5OAu,-1,-1
50252,Ayuzer,-1,-1
50253,46XOcZaILg,-1,-1
50254,IS1a6bb1f2b2dc364cfa5f2,-1,-1
50255,mincro,-1,-1
50256,IS1daf0e0211f5914910c01,-1,-1
50257,IS1a7701632a59db043b925,-1,-1
50258,Frosty Whisper,-1,-1
50259,IS1c44d20b2943846c1a8eb,-1,-1
50260,IS10b0903e69748e0ceacd5,-1,-1
50261,IS17b88e2e157c1c137c497,-1,-1
50262,MrTangent,-1,-1
50263,IS123cf8d1120dadd57a727,-1,-1
50264,IS18d9c0cea9eab4e89dfa2,-1,-1
50265,IS115185f23eaa12d5e3fac,-1,-1
50266,IS111daa1da261d75df0f52,-1,-1
50267,Jackofsl,-1,-1
50268,Zeranyan,-1,-1
50269,IS1b2a08d1ee55d5ceb23ef,-1,-1
50270,IS19f6cc67772a4daf5aeea,-1,-1
50271,IS1ed8e46e6ed13f19a3cdf,-1,-1
50272,IS151bdf37f1d829294669a,-1,-1
50273,IS162ce06d20e36f5768613,-1,-1
50274,IS113dd25bd717faee1bf79,-1,-1
50275,IS1003977a2f513032a738a,-1,-1
50276,Creamsoda,-1,-1
50277,IS1ca162714c1c41fcfa775,-1,-1
50278,IS147642228fd4e9fc56a15,-1,-1
50279,Kortanis Cynaro,-1,-1
50280,IS15317c5c92cc168f95877,-1,-1
50281,rC8sPin3EX,-1,-1
50282,Primal Bushido,-1,-1
50283,J4keke,-1,-1
50284,IS1c1798e10e7f9086802e2,-1,-1
50285,Kj4SOTn8so,-1,-1
50286,IS18a56e5b453ff7b74748e,-1,-1
50287,HookCityDragoon,-1,-1
50288,OchaX,-1,-1
50289,Mithios,-1,-1
50290,IS19cfc50ad439503cbeddf,-1,-1
50291,IS1539077510205dd05123f,-1,-1
50292,IS1607909249284ac7eda45,-1,-1
50293,IS1919c7d2c7b73bf09fb1c,-1,-1
50294,IS1d5d8114fc81267c53f23,-1,-1
50295,IS1ea3ae36555a9d181f9e5,-1,-1
50296,Uklesh,-1,-1
50297,IS13f86414155559fd0b476,-1,-1
50298,okaymate,-1,-1
50299,IS1c69ab90dab87238a7c57,-1,-1
50300,Bohican,-1,-1
50301,IS1cebb26b7248683b51fab,-1,-1
50302,U8ssa75ora,-1,-1
50303,IS1b42d69460247e0482569,-1,-1
50304,IS1830eed7246c33fa19edd,-1,-1
50305,zQ00,-1,-1
50306,fattymkfatfat,-1,-1
50307,IS1de337bf494d3ce6c9850,-1,-1
50308,IS15f1a8ce151d0948f8ae9,-1,-1
50309,Cephlen,-1,-1
50310,IS12de984715f2977f43d6e,-1,-1
50311,LjcqzVNxPZ,-1,-1
50312,IS11e40650737204a3c02d5,-1,-1
50313,IS1ebafdfa037ec925da73a,-1,-1
50314,IS14e8d42b028a30f412fba,-1,-1
50315,TurkeyPuncher,-1,-1
50316,IS1f458243bd26b225798e0,-1,-1
50317,i7q0N4oM2M,-1,-1
50318,Lqr5wCxk6n,-1,-1
50319,Zerlyn,-1,-1
50320,Anonic,-1,-1
50321,IS12ba1d804f2247b52e630,-1,-1
50322,IS1fb10e68ea6a7de049a39,-1,-1
50323,voreth,-1,-1
50324,IS15ad8572bcd6d71f2a8cf,-1,-1
50325,Biggiee,-1,-1
50326,shijimaclaw,-1,-1
50327,IS1a111ab1fe0cbeba97a50,-1,-1
50328,B7Vk9Zs8Us,-1,-1
50329,IS1adfa6c55d4fe8c43c364,-1,-1
50330,IS13b1488a204f4b09365a2,-1,-1
50331,Yumiia,-1,-1
50332,mo0mo0mo0,-1,-1
50333,IS1b21c53a7c5868d1b08cb,-1,-1
50334,IS133423261c5a17249f180,-1,-1
50335,IS1260a26aad5e8c65560bb,-1,-1
50336,sntsputra716,-1,-1
50337,IS1f2b8ba93bad35c925fa4,-1,-1
50338,IS10ab2c3246396a7052ad2,-1,-1
50339,IS1846c01408d49fa268e71,-1,-1
50340,IS16d674d046c80f7e7ecde,-1,-1
50341,IS117ac0abf4a258507ee67,-1,-1
50342,IS1b9338fcb63eb72380985,-1,-1
50343,yesthatisme,-1,-1
50344,Chato,-1,-1
50345,Shalanar,-1,-1
50346,IS1494b9e95700f520f7df4,-1,-1
50347,Quotheraven,-1,-1
50348,Mr Irrelevant,-1,-1
50349,IS1cd1b8c58e20d6502a774,-1,-1
50350,OlIXqEaicA,-1,-1
50351,IS1da8e54f5722607bee6c5,-1,-1
50352,IS1cb46b4b0da77ae1ec208,-1,-1
50353,IS1c4cc06277805a95ec0a5,-1,-1
50354,kwiksylver,-1,-1
50355,IS1b8c8393006a3d31a15a4,-1,-1
50356,IS1933fe2cb5540211195d6,-1,-1
50357,IS139664e45bcc17e8ca528,-1,-1
50358,h2T8oX0ncm,-1,-1
50359,s0XdSrGy1f,-1,-1
50360,IS14eb93b65298705b66714,-1,-1
50361,Norix,-1,-1
50362,KK2oMfpfCX,-1,-1
50363,IS150a65047393f125c07ab,-1,-1
50364,Conspiracy,-1,-1
50365,IS146463cc2e0167e781d3f,-1,-1
50366,IS13c82f506575ae83774c6,-1,-1
50367,IS11e5daa5b70fa82f28166,-1,-1
50368,IS1fc17077761db659ca1e8,-1,-1
50369,IS111080aa2840404cbf81e,-1,-1
50370,Gougoule,-1,-1
50371,Xisle,-1,-1
50372,IS185cccf1d20c6cc5d7dc6,-1,-1
50373,F5Nemesis,-1,-1
50374,IS16435d6505250da0b6047,-1,-1
50375,IS1292abd2bb11038316e90,-1,-1
50376,IS1b0bae179dc560868ad19,-1,-1
50377,IS15e38b9b9d31b170e9550,-1,-1
50378,IS1b0cc2c7bba13d6bc2156,-1,-1
50379,IS17ebbf253e6f8c0348480,-1,-1
50380,IS1cd14f322c69f9fb9a896,-1,-1
50381,IS186c3f1ac4ff93061f9c2,-1,-1
50382,Resolute1,-1,-1
50383,IS10056af7ca0548c35a98a,-1,-1
50384,spwbym,-1,-1
50385,Z3 Spektro,-1,-1
50386,IS10446059832d3f11aee8f,-1,-1
50387,Bloodaxe,-1,-1
50388,IS105552ffd8b0bdb22b8f4,-1,-1
50389,IS12bcec02e62d5001ef153,-1,-1
50390,IS172a1efe96d16451ccec2,-1,-1
50391,IS185b2f8f7a281e4a205df,-1,-1
50392,Lohdekka,-1,-1
50393,IS182530220e25ff8b80caa,-1,-1
50394,IS18ad51fbc39fa6f4568bf,-1,-1
50395,IS11bf55b81d800a6ba1a17,-1,-1
50396,IS1a5c02df5f04d13f22540,-1,-1
50397,IS1971765d63a761b5979cc,-1,-1
50398,Yomungard,-1,-1
50399,IS17e2625321550a034df00,-1,-1
50400,IS14c0051892aef67f38bca,-1,-1
50401,flytk,-1,-1
50402,officerdonnie,-1,-1
50403,Daphonic,-1,-1
50404,IS14c3ca3daa2e3663d2be8,-1,-1
50405,IS181cafbc7b532ca0d1da0,-1,-1
50406,IS1989caff2c0f405ad1334,-1,-1
50407,CdsrsdWesded,-1,-1
50408,IS1d460a9f3deddc33b54d8,-1,-1
50409,IS104b620c727b498b2d814,-1,-1
50410,IS1af64eef3b0795b775ec1,-1,-1
50411,IS12da7d5ec0c81964e21a1,-1,-1
50412,IS1852f237e3af8209f3a6f,-1,-1
50413,Kaydos,-1,-1
50414,IS1bf94d0b209551ad6e87f,-1,-1
50415,IS1c47660ae5dc3b802cda6,-1,-1
50416,IS1a59e476cee0d869ae028,-1,-1
50417,mTIN,-1,-1
50418,IS1e6be7b8e99043ba57037,-1,-1
50419,TheVisions,-1,-1
50420,IS1c412f44339879bab3675,-1,-1
50421,Santinell,-1,-1
50422,IS14ea7dc61c15d58df0244,-1,-1
50423,IS153fb1ce882e40eaef046,-1,-1
50424,Elfmo,-1,-1
50425,IS171bffb710fb4ab481d5b,-1,-1
50426,IS10375a7d02955ec72170c,-1,-1
50427,Thugnastificent,-1,-1
50428,IS1f617c0fd7874ee599acc,-1,-1
50429,IS112a893e569afdfdd7d4b,-1,-1
50430,IS13e67541966c560cf6307,-1,-1
50431,IS1f96530638ecd8c6d3910,-1,-1
50432,Guildus,-1,-1
50433,IS1621681a370d3427856ef,-1,-1
50434,IS144f4db7d546161587052,-1,-1
50435,IS1cb172a55d481607e44dd,-1,-1
50436,IS12a67a5657b05b1b52ba9,-1,-1
50437,IS1d73f8ceb1195d25fa8c3,-1,-1
50438,Thobias,-1,-1
50439,theJudgement,-1,-1
50440,Taowlie,-1,-1
50441,IS17090ef55980444633c1b,-1,-1
50442,IS144867660372097a3188b,-1,-1
50443,IS15fcd570aa5c5c7dd55da,-1,-1
50444,IS1daf81ab9b4bb7f5ddf39,-1,-1
50445,IS10fd7fd50a987624d2031,-1,-1
50446,Avatar666,-1,-1
50447,IS185d85db8fb942bc106dc,-1,-1
50448,IS1f322480a19abdd2ceff6,-1,-1
50449,IS1cf095aa242da06244eff,-1,-1
50450,KilawKalding,-1,-1
50451,IS1541bbcadcefe1f508438,-1,-1
50452,IS128e5501b47c903d434bc,-1,-1
50453,DCxhn2uQVm,-1,-1
50454,IS12f84f496530b0dc2526c,-1,-1
50455,MormonChinMormon,-1,-1
50456,Bloodyrock,-1,-1
50457,Spasticus Idiotica,-1,-1
50458,Support PhD,-1,-1
50459,Bavel,-1,-1
50460,IS11d6d7a02333ad01186fa,-1,-1
50461,IS17e1b21904ddeab9b8d32,-1,-1
50462,IS1d7a75ed1cd89be0eff97,-1,-1
50463,IS130c23bc22f6f52024579,-1,-1
50464,Nytshade,-1,-1
50465,IS1ed772e27ea3f698e0e0d,-1,-1
50466,IS11e4d84d140c138ce0d89,-1,-1
50467,IS111f84489bbd0a34a2fcf,-1,-1
50468,Wombo,-1,-1
50469,Swebbs,-1,-1
50470,IS1170d91491dab90d8fd3c,-1,-1
50471,IS14d7591dbacfd9b0613ac,-1,-1
50472,Zakilm,-1,-1
50473,IS17ef9e9f6917dc6e938f0,-1,-1
50474,IS188202f03003f0af35358,-1,-1
50475,Kappamerc,-1,-1
50476,Shinrae,-1,-1
50477,Just Mug,-1,-1
50478,Ty The Immortal,-1,-1
50479,Boognish,-1,-1
50480,IS1e2323fbfac0b5d4f0504,-1,-1
50481,Trigu,-1,-1
50482,IS1a54c249a283d1cb70303,-1,-1
50483,IS1e79bb360eab45cba1eb8,-1,-1
50484,IS1ef92d0ac8e9f0fc5b0c1,-1,-1
50485,IS10834e20042b604be6596,-1,-1
50486,KotankIrelia4ver,-1,-1
50487,IS1f68a78d2502f8f994d1b,-1,-1
50488,IS1643a2dbfb510cd77222c,-1,-1
50489,IS1738686479665e789c1ff,-1,-1
50490,Abbadon,-1,-1
50491,IS16ff4412a0c0ff59a580f,-1,-1
50492,IS1541ce9142fdba96989d7,-1,-1
50493,EvegyKissin,-1,-1
50494,jizase4,-1,-1
50495,IS1510a4bdb5fcdd0b02d26,-1,-1
50496,IS1b35ae43c40f203525b3b,-1,-1
50497,XxKronoSxX,-1,-1
50498,IS1ecb8965ee856c25b6ef1,-1,-1
50499,Whovencroft,-1,-1
50500,IS1b33c89cae59a1d3f944a,-1,-1
50501,IS13322ff5d5beddf9773be,-1,-1
50502,IS17b2fc03ffa42d5da94cb,-1,-1
50503,IS108a5843cf431a0bbdcb1,-1,-1
50504,IS1080c2444e869d6569876,-1,-1
50505,Kismet,-1,-1
50506,vLftnZk6cJ,-1,-1
50507,CokeMaster,-1,-1
50508,IS1e132a75d8f9f87e081cd,-1,-1
50509,IS1fed264338ae870a55d96,-1,-1
50510,IS13fcd6ef3d5e36a09e27a,-1,-1
50511,IS17791f0bd58b3aceaeac4,-1,-1
50512,IS1bc97e7c9662b90a634a9,-1,-1
50513,emirald,-1,-1
50514,IS1076f64f2ba93833b354e,-1,-1
50515,Stealthmoe,-1,-1
50516,IS1499e67f96908f425fdd3,-1,-1
50517,IS124616843c7cb59369100,-1,-1
50518,IS1ccb4f4ebc096191df6de,-1,-1
50519,Hellsing6453,-1,-1
50520,IS108660c5339a4897a728e,-1,-1
50521,IS10f4df821d95bf117ec4b,-1,-1
50522,IS1585d7d667394ecef4e6c,-1,-1
50523,IS18bdf2e49af5ab8c6d38f,-1,-1
50524,IS13822aa78a32f3dcbc79b,-1,-1
50525,IS1c58676b74b37548d1c7d,-1,-1
50526,IS1db5733478867f5a56265,-1,-1
50527,slackeriam,-1,-1
50528,KrunchOne,-1,-1
50529,IS1cdd5d9422135c65b6bab,-1,-1
50530,Stormhamer,-1,-1
50531,Likita,-1,-1
50532,IS1b449407e35da48e21d26,-1,-1
50533,Sir Calathiel,-1,-1
50534,IS14f882654f0dc81350aad,-1,-1
50535,IS17e4bef22caa70e70c5ca,-1,-1
50536,Wikan,-1,-1
50537,Speexy,-1,-1
50538,Junglecack,-1,-1
50539,IS1721bfe69393234cdc9cc,-1,-1
50540,IS17149daffb8f4e05692d0,-1,-1
50541,IS1c37a39aff2573d607d75,-1,-1
50542,IS1919ff2076917d8d7eba2,-1,-1
50543,u8Q8rf1M2W,-1,-1
50544,Megas,-1,-1
50545,IS130a9f080f64baf566edd,-1,-1
50546,IS14dcdef94b0982a2e41fe,-1,-1
50547,IS16229c00868a687bf262c,-1,-1
50548,IS107b5c3248f85a712f583,-1,-1
50549,IS149cbcb7db9aa4971d5ed,-1,-1
50550,paulsv,-1,-1
50551,IS126fe305a44782c0fb8db,-1,-1
50552,IS1a3c76cb92dac7a399579,-1,-1
50553,Windrage,-1,-1
50554,Acer1982,-1,-1
50555,Mr Chitters,-1,-1
50556,IS1b67ef52bdb5e160a7002,-1,-1
50557,Phillonius,-1,-1
50558,IS1a05f58d0b9b680721dcd,-1,-1
50559,Malkore,-1,-1
50560,pandemic,-1,-1
50561,IS138a50c681c1953be0b98,-1,-1
50562,MobKun,-1,-1
50563,IS135bff1929a395bc4e4d9,-1,-1
50564,IS1241bb88bb793dd59afe9,-1,-1
50565,IS1443147d987cf2581f9b2,-1,-1
50566,IS176d90e33cf85deda08ed,-1,-1
50567,IS10cccc7c19f706c717ae4,-1,-1
50568,IS1ebc53d866a2ec13f9c4e,-1,-1
50569,Bearzin,-1,-1
50570,One18,-1,-1
50571,Glibus,-1,-1
50572,IS1090979dd9fc5f382651c,-1,-1
50573,pwnstar5555,-1,-1
50574,IS19a6152a59c1de1b47f09,-1,-1
50575,renegadeone8,-1,-1
50576,Dassembrae,-1,-1
50577,IS1b69c9baed81890397a09,-1,-1
50578,IS1eb71214f5c800cb2221e,-1,-1
50579,IS1e3ef7e4174fbddd7a462,-1,-1
50580,Sugar Barber,-1,-1
50581,IS1a473f61f5966936109ae,-1,-1
50582,inkblot,-1,-1
50583,ZDGoody,-1,-1
50584,IS1f576150389d84d14bb01,-1,-1
50585,IS175b438daf35274cfb81f,-1,-1
50586,IS12d5fbe53018fcb3c9787,-1,-1
50587,IS18258d54f8d9c3bc06204,-1,-1
50588,IS14b9f4d0546b22e91586f,-1,-1
50589,IS138c0a9b1068490cc4d83,-1,-1
50590,IS1d4cfa74f471072592664,-1,-1
50591,Ventzen,-1,-1
50592,IS1c5e652cd52458ba05fe8,-1,-1
50593,Dralzar,-1,-1
50594,IS1a172e1f38989dd1757d9,-1,-1
50595,IS1920f64b3063bda47f97a,-1,-1
50596,Zeek,-1,-1
50597,IS135b4b84619e629a7c964,-1,-1
50598,VbhNRjICGy,-1,-1
50599,IS1f8829d7cca4571b9469f,-1,-1
50600,ApolloSeven,-1,-1
50601,IS178c62abc93ed2770ac7a,-1,-1
50602,IS1dd69be854095a7ddd520,-1,-1
50603,Psychaberration,-1,-1
50604,IS159ff6ff1d1f2ac57cc92,-1,-1
50605,IS1176030c8351b8aa38226,-1,-1
50606,IS110a627f12ed1f3d3d24e,-1,-1
50607,KyleiZSilent,-1,-1
50608,IS146b14be7e17aa2d67157,-1,-1
50609,IS1c072fc7b49b37d164d71,-1,-1
50610,Merindor,-1,-1
50611,IS14670dcbbaf7ee026ebd8,-1,-1
50612,IS1a92dc8391e133ef1d750,-1,-1
50613,IS1c81d151228eb1db371c9,-1,-1
50614,IS12791f20515dad6a8e206,-1,-1
50615,clixi,-1,-1
50616,IS146ef4430d425003243d0,-1,-1
50617,IS15bbc586cea851bcd652c,-1,-1
50618,IS13caff29b9f694fd40d1c,-1,-1
50619,IS1c089858838eed189315e,-1,-1
50620,IS14e7dec54dda766b53f24,-1,-1
50621,Makema,-1,-1
50622,IS138937febda888993ff99,-1,-1
50623,IS137791f6e8686f554d23b,-1,-1
50624,Zepir,-1,-1
50625,Valentiner,-1,-1
50626,IS1ca997540a45264601e5d,-1,-1
50627,IS1b591a11f379ad0fcbb9a,-1,-1
50628,HMaXT4FusY,-1,-1
50629,unwin,-1,-1
50630,IS159ce36f46baf71ff41ee,-1,-1
50631,IS12596d9bca615bc02dd3b,-1,-1
50632,IS1fb1920cf2e7494a44d77,-1,-1
50633,IS19f078ec79edba82bc972,-1,-1
50634,IS161f8cd4a8a1c0174c9a8,-1,-1
50635,IS1f1a3617f623a60039482,-1,-1
50636,Beatswood,-1,-1
50637,IS136fba6b211b0b9147447,-1,-1
50638,IS194513926516132b39b3f,-1,-1
50639,IS1dd37b0984e3901c8720c,-1,-1
50640,IS11d96b1574bcd6668f96f,-1,-1
50641,IS17b29d488a598bcf808ab,-1,-1
50642,Gyles,-1,-1
50643,IS1c6df75112681f2a2749d,-1,-1
50644,iNqE50WFW3,-1,-1
50645,hugsworth,-1,-1
50646,IS11e43babd62915ce7a92f,-1,-1
50647,IS1677919741586d57d2cc4,-1,-1
50648,Muaadib,-1,-1
50649,Rusork,-1,-1
50650,Eternity,-1,-1
50651,neojb1989,-1,-1
50652,Sojik,-1,-1
50653,IS14d86cc3f9215def90f84,-1,-1
50654,IS12d50fa34e1038494efc1,-1,-1
50655,IS12d7442e324bc1bcdb689,-1,-1
50656,Kallandar,-1,-1
50657,fIOXEuOPJ4,-1,-1
50658,IS12f76fcccd7d86aebcf51,-1,-1
50659,iawlael,-1,-1
50660,IS1e39d023c8da135716378,-1,-1
50661,IS16b86010ac0a10c58fa86,-1,-1
50662,IS1b61bb42c022f16ebc456,-1,-1
50663,G4mJl504sR,-1,-1
50664,xeratul,-1,-1
50665,IS146b9b41438995e65adf8,-1,-1
50666,IS11133ecbbf99bd285aced,-1,-1
50667,Ryukaider,-1,-1
50668,IS1bcafbd13b2604c5fd428,-1,-1
50669,IS1f117c1b60a9c57e6ced9,-1,-1
50670,IS1495cd506ca0a6c745afc,-1,-1
50671,Laaur,-1,-1
50672,IS1650d5b75e94e44b6fc35,-1,-1
50673,IS15a6dc33f84518afdf713,-1,-1
50674,IS127df7e4cb917d154dedf,-1,-1
50675,IS1db4cfa9b6e158a761017,-1,-1
50676,IS1e52178df1a73c231825a,-1,-1
50677,IS195e92353ea6331c948b3,-1,-1
50678,Jessegyr,-1,-1
50679,IS1e31aaaf9ac95c86dabc8,-1,-1
50680,IS1d573b600646f48484f3f,-1,-1
50681,GoThiefGo,-1,-1
50682,Valmere,-1,-1
50683,MeltMan,-1,-1
50684,TKfId9hBVo,-1,-1
50685,sequelat0r,-1,-1
50686,Areynn,-1,-1
50687,IS1cff5f17558b6ce1c6103,-1,-1
50688,IS18d7de98bbf938311962b,-1,-1
50689,Scapegoat,-1,-1
50690,IS146eadbb1eba9cbcda36b,-1,-1
50691,IS1b0d3f7fb62a6ecdcd95b,-1,-1
50692,IS1ee574f51d2627fb5175e,-1,-1
50693,Mutantopia,-1,-1
50694,Shuria,-1,-1
50695,IS11bdfb5ddfe05bb597081,-1,-1
50696,Tonix,-1,-1
50697,Stelimar,-1,-1
50698,IS16106e52bf3f3f0d2e2ea,-1,-1
50699,IS197d218a152a46886e230,-1,-1
50700,Tabibito,-1,-1
50701,Tobzi,-1,-1
50702,Brandou,-1,-1
50703,IS1d310140295332558885a,-1,-1
50704,IS13f778e47a7fdbaeaf806,-1,-1
50705,roki1985,-1,-1
50706,soko,-1,-1
50707,IS160b1847a7e90b6a764a9,-1,-1
50708,IS1680fd2b92dd4ba89b06f,-1,-1
50709,IS1bb97711c1abf14f8cd75,-1,-1
50710,IS12c4a6fbf0bbb346bac74,-1,-1
50711,IS1c701f2ef2dc3d8cfe76a,-1,-1
50712,IS129d8f06c998fe2fcde3d,-1,-1
50713,esopog,-1,-1
50714,IS13206c0c104955356eaf4,-1,-1
50715,Epii,-1,-1
50716,IS103f8d95f00a4be3a7239,-1,-1
50717,IS1c5aa3b51dcb4b9a793a9,-1,-1
50718,IS186c33eb571e62007951b,-1,-1
50719,Croki,-1,-1
50720,Zebon,-1,-1
50721,Spinefist,-1,-1
50722,IS1e6d0e1ab7ff3ede87c47,-1,-1
50723,CycoWulf,-1,-1
50724,Cygany,-1,-1
50725,IS1a0353fe93639ed436c58,-1,-1
50726,IS1a13df21f5a25f11aac35,-1,-1
50727,Dezmintos,-1,-1
50728,IS11c382565c9b20433bca6,-1,-1
50729,IS148679022ec8cd5db5a0d,-1,-1
50730,SithVirus,-1,-1
50731,IS15dcdb00fa108f95b085e,-1,-1
50732,IS11e464c4df3c6487055e2,-1,-1
50733,IS1902603af38b9f953e018,-1,-1
50734,IS1c7c01ae24d4efc3f5044,-1,-1
50735,Deathy69,-1,-1
50736,ssg0l0,-1,-1
50737,IS1725bf1139c121cde9d57,-1,-1
50738,IS191add6f22e0004db8f76,-1,-1
50739,IS16e3c8f1838aab4ab76b1,-1,-1
50740,hamaj1,-1,-1
50741,IS10e83bb2a8292bd40eaa5,-1,-1
50742,tieungu,-1,-1
50743,IS1c1514527044b8fc40ccc,-1,-1
50744,IS1eca494fabcc6ee7ca553,-1,-1
50745,IS12c18456ef0fdd6e5247a,-1,-1
50746,NathanKane,-1,-1
50747,Mokenuf,-1,-1
50748,SpiderMonkeyFury,-1,-1
50749,IS1170315986aa4cb4c05c4,-1,-1
50750,infestedzeal0t2,-1,-1
50751,IS11e24c01efc6842e13616,-1,-1
50752,IS1f2217c02fb13487787c8,-1,-1
50753,Bruack,-1,-1
50754,SuperBeast22,-1,-1
50755,IS117403757301fbdccb3ae,-1,-1
50756,Peroxadic,-1,-1
50757,IS1f73be4fbf9489b22aac1,-1,-1
50758,IS1073c8e9a3ae276b2d30d,-1,-1
50759,IS10022fe53dcb160acc4c8,-1,-1
50760,Lyianne,-1,-1
50761,PooterIntruder,-1,-1
50762,Best Player KR,-1,-1
50763,Ace5001,-1,-1
50764,bberry6,-1,-1
50765,IS1b3edc5ce4b2f7755d227,-1,-1
50766,1DayAtaTizzime,-1,-1
50767,IS17c1d3cb6b1e4a0391fbe,-1,-1
50768,IS12d5478bbc85b339ca22d,-1,-1
50769,IS1b499692fc7ab062e283f,-1,-1
50770,IS1c59f7b7f01a76a90c8c4,-1,-1
50771,GGMariachi,-1,-1
50772,IS106d077052fc23365d750,-1,-1
50773,IS12fabda4f14db928df688,-1,-1
50774,IS1afcafb825f38881358b2,-1,-1
50775,IS13b173eb52410997ae365,-1,-1
50776,IS1636fad8160139dc4766a,-1,-1
50777,mndwrks,-1,-1
50778,IS10020c35909371f8d31d1,-1,-1
50779,DarkClowX,-1,-1
50780,IS11fd9e1aa2a4bb80d6425,-1,-1
50781,KChow23,-1,-1
50782,IS1f266ebbf555c69294d77,-1,-1
50783,M4ksiu,-1,-1
50784,IS141829dd099670b93b968,-1,-1
50785,IS1fe27e483736793d57281,-1,-1
50786,7mqf75nMdp,-1,-1
50787,p3uUhCQjoy,-1,-1
50788,Akatriel,-1,-1
50789,Sid51,-1,-1
50790,IS1d868c1d1801a6da01660,-1,-1
50791,IS1e1774a2b3761ff594601,-1,-1
50792,IS18d335236f9395697760d,-1,-1
50793,IS1008fe4691c3335557603,-1,-1
50794,MajorGriffin,-1,-1
50795,Fvezidge,-1,-1
50796,IS142bba2f42c95ff0caa8b,-1,-1
50797,MojoDragon,-1,-1
50798,IS151734a2249a2eabf0893,-1,-1
50799,Rakso,-1,-1
50800,IS13d3beb3601405b3bc5c6,-1,-1
50801,Draelin78,-1,-1
50802,ThoR294,-1,-1
50803,DruidaBR,-1,-1
50804,IS1b44c80d83014648afc98,-1,-1
50805,WonderNutz,-1,-1
50806,goldzxbaboonzax,-1,-1
50807,IS1e283b08c49881ff86ff6,-1,-1
50808,F0rd,-1,-1
50809,IS1dcafe34141e16022a6fd,-1,-1
50810,IS1a210bac0c3b8a60a5c1b,-1,-1
50811,Dempt24,-1,-1
50812,Giant Dong,-1,-1
50813,yHWXbuCKZg,-1,-1
50814,IS1d6458f3a85dbd8beef38,-1,-1
50815,ExaHunter,-1,-1
50816,Johnas Lorika,-1,-1
50817,IS16955a4f8f2e4ed896878,-1,-1
50818,IS190cac9a90776aa08d1a8,-1,-1
50819,vgrxNmrRaB,-1,-1
50820,IS1ece000ff017291c6c26a,-1,-1
50821,IS1927542038f57932e45f4,-1,-1
50822,IS1751fcf6795beaeb232cc,-1,-1
50823,Lhqz6KSoVq,-1,-1
50824,IS177f54d352c167bfb1b6d,-1,-1
50825,Dfube,-1,-1
50826,SoWNKuN,-1,-1
50827,IS13673c1bf7d079e86ff3b,-1,-1
50828,OTKdhLp4UH,-1,-1
50829,Swordwielder,-1,-1
50830,Armundo,-1,-1
50831,xIGenetikZ,-1,-1
50832,IS14a68531b542b84a99e4b,-1,-1
50833,IS1e0cee271168fd,-1,-1
50834,Swift,-1,-1
50835,LifeIsButAWindow,-1,-1
50836,IS17f95e33592ccce0f8e74,-1,-1
50837,RxKetan88,-1,-1
50838,IS1c7afacb9203339086317,-1,-1
50839,IS15061f833ecfa4f5a8ce7,-1,-1
50840,IS15b477a247edde975e727,-1,-1
50841,Epikkgeek,-1,-1
50842,kiloblaster,-1,-1
50843,IS11b6494020efe5ce5d5fd,-1,-1
50844,IS1aa8adb31df2c37fd99f2,-1,-1
50845,IS1242e020c30d5cdcd71e2,-1,-1
50846,IS19cae44c553c6ad61289f,-1,-1
50847,nox9wyrm,-1,-1
50848,Silvrbak,-1,-1
50849,IS114a9d690f2587950fad3,-1,-1
50850,IS1597e722d180ef26f2415,-1,-1
50851,de Verdes,-1,-1
50852,ixTbUMQ2cH,-1,-1
50853,koisoujiro,-1,-1
50854,IS14bb47cd0dcc592a3d505,-1,-1
50855,Vinton,-1,-1
50856,IS194e4f77e8ddc5f75114b,-1,-1
50857,Cerathe,-1,-1
50858,IS1ac5029615a5581cc0e7d,-1,-1
50859,Priscila,-1,-1
50860,DrDawkinsPhD,-1,-1
50861,IS1e961299270e20d9b12fb,-1,-1
50862,IS180655414968297cb7444,-1,-1
50863,xR5AmT4fqo,-1,-1
50864,IS1ae9df7a0d41857d87627,-1,-1
50865,IS14229ab01f4b3d33f9b59,-1,-1
50866,IS172c324d538536cf95f27,-1,-1
50867,IS1b6b9ad844c42e6ee168b,-1,-1
50868,IS1a048d619286d439fdcea,-1,-1
50869,IS144de37cd923657be65e1,-1,-1
50870,IS170d9eba8f7cbf3c63f70,-1,-1
50871,IS117f796e44cf89f68323f,-1,-1
50872,IS1aef3d4ed12bf43df6964,-1,-1
50873,Magnamarak,-1,-1
50874,IS16db37858e080c6bdc8cd,-1,-1
50875,IS1b2c43b6f3c84a1ac709b,-1,-1
50876,Marsu,-1,-1
50877,IS1a4f245687aa47fc7769d,-1,-1
50878,IS1ceed5043c6920c2d48cf,-1,-1
50879,Zandora,-1,-1
50880,IS10ef5d1ef9ef6efe06d4f,-1,-1
50881,IS1d68fdc037ed0a53761d5,-1,-1
50882,IS135de05f41e88d422be1d,-1,-1
50883,IS1e6b226541200c7188060,-1,-1
50884,IS1bb0d4094ef8cb49ec306,-1,-1
50885,pengo,-1,-1
50886,IS1f688084b36e59e2d9999,-1,-1
50887,IS1f7c7aca3062555db9712,-1,-1
50888,IS1f9b1053770c3408b9c0e,-1,-1
50889,BULMAAAAAA,-1,-1
50890,IS1f54a13001cf38a5930b9,-1,-1
50891,IS16b6f3d98928c16e310f1,-1,-1
50892,IS1881c67d1ea2b38d3a23c,-1,-1
50893,IS1c1b756bd6d43cd2a2e88,-1,-1
50894,Pastamon,-1,-1
50895,IS1dd3cd07661e2e5545834,-1,-1
50896,mryoshida,-1,-1
50897,Solomon Blades,-1,-1
50898,IS19b36fc0693010d0189bd,-1,-1
50899,IS10ef9bcf0de67abf2e5d9,-1,-1
50900,IS1274317a830902b3011f0,-1,-1
50901,Tkon,-1,-1
50902,IS1c2d1423729fc03d79ad6,-1,-1
50903,MrBuz,-1,-1
50904,Rumagenten,-1,-1
50905,IS1c14986a3fa4c7b918d52,-1,-1
50906,IS131c57cf73b5cdbab05bd,-1,-1
50907,TheFieryFox,-1,-1
50908,Grudges,-1,-1
50909,Xenik,-1,-1
50910,IS10c8e63bff5cc78a31da6,-1,-1
50911,6a3eVy72sh,-1,-1
50912,IS1f5a91d15d0c720bcea16,-1,-1
50913,IS1b0f06b2887aafce565df,-1,-1
50914,Thurok,-1,-1
50915,IS13498c1adc65f44aa3656,-1,-1
50916,IS17b941e3fa12d17c66c88,-1,-1
50917,TDKPyrostasis,-1,-1
50918,vxPredacon,-1,-1
50919,IS1d848cea4f4d00e60b9cc,-1,-1
50920,IS15fcd81607e85ad932bca,-1,-1
50921,IS1e80d8584fb0b7c1ccfdf,-1,-1
50922,IS1585b8ef872c6f6dee487,-1,-1
50923,IS1695db8f39a1bb4b99520,-1,-1
50924,Highvltge,-1,-1
50925,5k1ka,-1,-1
50926,IS1e556edc97a713a85f9ed,-1,-1
50927,IS149bd2f176f1006a81b7e,-1,-1
50928,Frisky Dingus,-1,-1
50929,Eckoblue,-1,-1
50930,IS1ba2bb8d884ad3b6c85ef,-1,-1
50931,Sparkky,-1,-1
50932,Vinneh00,-1,-1
50933,LinyxBR,-1,-1
50934,Derdian,-1,-1
50935,IS1f74230234dc002791df1,-1,-1
50936,IS1225201c3b77948f2ba73,-1,-1
50937,Kador07,-1,-1
50938,wqeqweqwewqewq,-1,-1
50939,IS190b03927c608acc7337a,-1,-1
50940,IS1a8958f33aaeca575bdfe,-1,-1
50941,dezy1,-1,-1
50942,IS19a225cf6a8aeb65d7bd1,-1,-1
50943,Morokka,-1,-1
50944,bbobrob,-1,-1
50945,JazMonk3y,-1,-1
50946,KCID,-1,-1
50947,Fb2ToGMEev,-1,-1
50948,Icescream,-1,-1
50949,IS10666297c622a93603b76,-1,-1
50950,Schommer,-1,-1
50951,IS1adb2b7f6eda15ebd291f,-1,-1
50952,Swift Striker,-1,-1
50953,IS1ea8364b3e2cb27b9594c,-1,-1
50954,Arcmedius,-1,-1
50955,IS17a082c15017f43c5ca66,-1,-1
50956,IS157671fc69b8cf98d9e09,-1,-1
50957,Jamwisre,-1,-1
50958,IS1211225a9fae003a0ae28,-1,-1
50959,IS13523dada534f24dca25e,-1,-1
50960,IS1cef52215c511f4ddde1e,-1,-1
50961,Jibanan,-1,-1
50962,IS1eff32a2748d85394b1fd,-1,-1
50963,IS1cccbe89eeb174804ae5d,-1,-1
50964,IS1279b64af606fcbd6a2ce,-1,-1
50965,IS10660902ecc5b3b106370,-1,-1
50966,IS1229f2957cca9391d6f21,-1,-1
50967,IS18f4f5168a39ccddf95a0,-1,-1
50968,IS14d53a2d6310388b93d91,-1,-1
50969,lestus,-1,-1
50970,IS16b0bb67ac3549cd7709d,-1,-1
50971,nfrjsz,-1,-1
50972,IS15091557766c882bbe291,-1,-1
50973,IS1715391cc71c6c3281c94,-1,-1
50974,IS19c8f0ddcfc2ac3d3cd48,-1,-1
50975,Mammal Sauce,-1,-1
50976,Jsslghssb Chswbe,-1,-1
50977,SupagreeN,-1,-1
50978,IS1a009de32f6d12cfc0d02,-1,-1
50979,WXUBBGWO1,-1,-1
50980,IS1fd5e2ded27b372e726da,-1,-1
50981,IS1f366e2e77c354d2c6efb,-1,-1
50982,Severus Coil,-1,-1
50983,IS168b8840795a4b0bb9514,-1,-1
50984,Evilczimre,-1,-1
50985,IS1f0e7a5f7f70a92cc6735,-1,-1
50986,Verrul Daenyr,-1,-1
50987,IS1c320ba29e428033e1509,-1,-1
50988,IS1c2b9a7e49d72181f9b61,-1,-1
50989,Buzzi,-1,-1
50990,IS1aa0c0b9f9db750b8768b,-1,-1
50991,KilnX,-1,-1
50992,IS1e8707dd194e788e14861,-1,-1
50993,vidred,-1,-1
50994,5A5CSQiiTp,-1,-1
50995,Scottorific,-1,-1
50996,IS19d136b3826efc811aca7,-1,-1
50997,IS1b4af21bf08cff544d25e,-1,-1
50998,sghoul926,-1,-1
50999,frumplejoon,-1,-1
