51000,auxxorois,-1,-1
51001,PUBxXt0qPF,-1,-1
51002,IS1553613755541b4c77b98,-1,-1
51003,Glorkblork,-1,-1
51004,IS1529f6c45975a3b790c63,-1,-1
51005,IS1b487a575115761e900a6,-1,-1
51006,Salysia,-1,-1
51007,IS112cc551824a998cb8bc1,-1,-1
51008,IS1324dd53275e8e9c23c3b,-1,-1
51009,IS179f3b8edd5060c33d75d,-1,-1
51010,VG3lHEviZi,-1,-1
51011,nse360,-1,-1
51012,birdwings,-1,-1
51013,Overrun,-1,-1
51014,CobraSVT,-1,-1
51015,Aurla,-1,-1
51016,IS15dd7b30db8c0fdba643a,-1,-1
51017,IS1d9fe9a41df4dc7e78f78,-1,-1
51018,SnowBlood,-1,-1
51019,Solphum,-1,-1
51020,IS13c444327597a1d33df25,-1,-1
51021,DethByLag,-1,-1
51022,LaserGhost,-1,-1
51023,IS11f9784bdde9c00b80e97,-1,-1
51024,NeverForget,-1,-1
51025,Sockbox,-1,-1
51026,IS12745b0fb566c62de591b,-1,-1
51027,Muck,-1,-1
51028,IS185321d39b4e4097c1107,-1,-1
51029,kimiaki,-1,-1
51030,IS1d22530d22374db975b35,-1,-1
51031,JcxyqsfdvF,-1,-1
51032,Roland Gridley,-1,-1
51033,Daemons,-1,-1
51034,Mountain Leopard,-1,-1
51035,pr31aWMxCz,-1,-1
51036,Delgreen,-1,-1
51037,IS1055b84047e953cbec593,-1,-1
51038,souper,-1,-1
51039,IS1a5123b053a38dea2516c,-1,-1
51040,IS125928937eb9d3f94b591,-1,-1
51041,Crossfirre,-1,-1
51042,IS19881c59f9e2e633940c6,-1,-1
51043,JackATK,-1,-1
51044,IS1adf3f5fed9c853f467a6,-1,-1
51045,IS1794664a5c16d23de6824,-1,-1
51046,anotherside,-1,-1
51047,IS1701e56a86261272cd22d,-1,-1
51048,Swordwrathe,-1,-1
51049,Qa31dOHoqU,-1,-1
51050,Sulk,-1,-1
51051,IS170606185339c69f1b751,-1,-1
51052,Ynn03xJ2TP,-1,-1
51053,Greinback,-1,-1
51054,IS10f8e5dde6138c35e4a4b,-1,-1
51055,IS182dd12d9780e51881a2c,-1,-1
51056,IS1a0a948e2485b28a14171,-1,-1
51057,Qwiksylvr,-1,-1
51058,IS1dce32e5d76f7dd04376d,-1,-1
51059,IS1aaff3c23cc2ff61ec7d4,-1,-1
51060,LeiHa,-1,-1
51061,Spazout,-1,-1
51062,thunder1993,-1,-1
51063,Jampacked,-1,-1
51064,IS161b8928b0a99c0d2ca18,-1,-1
51065,IS122debb01117dde6aede0,-1,-1
51066,IS17b8fdee784aed4414096,-1,-1
51067,OhDearAudrey,-1,-1
51068,IS13d6d086cda1f73cb36c7,-1,-1
51069,IS1a7b314c2c58db260f2af,-1,-1
51070,FenixWarrior,-1,-1
51071,IS1c383e918c7cc6daff45b,-1,-1
51072,Valkion,-1,-1
51073,SplinteredBA,-1,-1
51074,IS16bf22a35789ed068efb6,-1,-1
51075,mockingshadow,-1,-1
51076,IS1ded4eec612a3a6b80089,-1,-1
51077,IS1858389573d23fd9aa54b,-1,-1
51078,DenLedeNisse,-1,-1
51079,SecretGamerMan,-1,-1
51080,IS1bf55b22c1e23bc73b886,-1,-1
51081,TuOfMeOneOfU,-1,-1
51082,IS174458ecfacf978103e8c,-1,-1
51083,IS1170e858ef8c58dd333f8,-1,-1
51084,dwdadadadada,-1,-1
51085,IS1affdc7ef4c9258b24fcf,-1,-1
51086,Nice Name,-1,-1
51087,IS1b9e5322af431618f1e8a,-1,-1
51088,IS1787bfc6c34be5e098308,-1,-1
51089,jrat,-1,-1
51090,paytheo,-1,-1
51091,IS1bb49c20bbd59106591e4,-1,-1
51092,Glacios,-1,-1
51093,IS1090ee5b9486b3a61de0a,-1,-1
51094,SDN8B706ai,-1,-1
51095,fgdsfg21,-1,-1
51096,IS189b1c0b62dc6e7d129fb,-1,-1
51097,IS11c80adabd3672214301a,-1,-1
51098,ssIYUxG32U,-1,-1
51099,DoomParfait,-1,-1
51100,Dateh,-1,-1
51101,IS15ab5ecc0870e115cd9e3,-1,-1
51102,Irrer Pinguin,-1,-1
51103,VoidInsanity,-1,-1
51104,Highmist,-1,-1
51105,IS1045083a336266b46b0de,-1,-1
51106,Exc3ss,-1,-1
51107,IS1b3d85d3be1d9ae531892,-1,-1
51108,IS12af69aafccc758195f96,-1,-1
51109,IS12ed26ee4a509712c4eb0,-1,-1
51110,IS190dc57d6b9eb9a7ac783,-1,-1
51111,HiroEX,-1,-1
51112,IS186fe26f722985832ea46,-1,-1
51113,MadMob,-1,-1
51114,IS137b6211eb002353b621f,-1,-1
51115,yewt0U9t8N,-1,-1
51116,gundam2009,-1,-1
51117,IS1a768b168eeaa91e9a9e8,-1,-1
51118,Flandymonium,-1,-1
51119,IS105a68c260db03b13d3e1,-1,-1
51120,IS122405cd6419e75637983,-1,-1
51121,Nateku,-1,-1
51122,I8C3LkNIYx,-1,-1
51123,IS12f15e451bd72792ac432,-1,-1
51124,IS1dfd914e3b16735c431c4,-1,-1
51125,DINGLEB3RRY,-1,-1
51126,IS1b80bd24a863f27de64b6,-1,-1
51127,Toastix,-1,-1
51128,IS1c4fc0ec1d0cb5d6eacde,-1,-1
51129,IS1633773391c240c9c15a6,-1,-1
51130,Annette Bening,-1,-1
51131,IS1987e98c2840e9beaf9e2,-1,-1
51132,IS1f0df311b900a2ee010ff,-1,-1
51133,IS135dcf18fe2184a776649,-1,-1
51134,IS1ddc546912c53feee9b59,-1,-1
51135,IS1dfd8bed0d20704113058,-1,-1
51136,IS173bbe9de71670ffdb6cb,-1,-1
51137,Sumna2,-1,-1
51138,IS15cc433649fb97e2d4ba4,-1,-1
51139,Catnip Evergreen,-1,-1
51140,IS1f272c75c708ba6b92403,-1,-1
51141,IS1e833aa71bfe7c5e86b9d,-1,-1
51142,IS1171ec0c8d55216ecb9d8,-1,-1
51143,IS1b68a5117504cbec84752,-1,-1
51144,IS12c69f85a12a8f0ceeaff,-1,-1
51145,IS1977253a4a4e7bff81c19,-1,-1
51146,SimpleTouch,-1,-1
51147,IS1659b4fc71bb4f2e9c95e,-1,-1
51148,IS15c71f5b60c5756036e4b,-1,-1
51149,PeekabooStylez,-1,-1
51150,Tjv4,-1,-1
51151,IS1fe28c0e1947ca8bed1f9,-1,-1
51152,SoEb1zqr0B,-1,-1
51153,IS1d710dfc4e031ca107372,-1,-1
51154,nktt,-1,-1
51155,Dregius,-1,-1
51156,KFC s0yM1LK,-1,-1
51157,IS13d91b9644c7fc1334bdf,-1,-1
51158,rootbeersato,-1,-1
51159,IS1baaeeea28891e9d99670,-1,-1
51160,IS1c029833e6a46532dc984,-1,-1
51161,MrTGG,-1,-1
51162,Rammustoplat,-1,-1
51163,M0untainTop,-1,-1
51164,IS129fa9451ed158fa864a9,-1,-1
51165,toot,-1,-1
51166,IS10a723b16d10f2fdfc352,-1,-1
51167,IS18e4d48dd1f716b71894d,-1,-1
51168,IS11358b44a210dfa7391a6,-1,-1
51169,IS16e08c4a06f8d404e0823,-1,-1
51170,Dete,-1,-1
51171,IS1accfb3e240247b7715ac,-1,-1
51172,IS18e993404ff1c7a759183,-1,-1
51173,IS18ec40b1f2399c8eba1e5,-1,-1
51174,Supporterer,-1,-1
51175,Crahptacular,-1,-1
51176,IS18428bc7a16a49cf7a6a2,-1,-1
51177,StickyNugget,-1,-1
51178,IS178b3d87fbca4de09b324,-1,-1
51179,Klean,-1,-1
51180,IS164dcfbd9f983946f8684,-1,-1
51181,IS1a3d32a67fc56edc7cde4,-1,-1
51182,IS161d85f7e83b15c77a716,-1,-1
51183,LucivarSaDiablo,-1,-1
51184,IS195c217847bfba8463470,-1,-1
51185,IS151205bb989049f56129a,-1,-1
51186,Snarfdoogin,-1,-1
51187,IS119ae5d273c6ceb196d0a,-1,-1
51188,Severon,-1,-1
51189,IS16ee17ec29beb9f57ccc0,-1,-1
51190,IS144abecbabbef612c90c4,-1,-1
51191,IS192a521c187d5477ae927,-1,-1
51192,Dollin,-1,-1
51193,Reseaa Baker,-1,-1
51194,brahhhcomeatme,-1,-1
51195,Wazzar,-1,-1
51196,IS140d5261e8f18f80567f3,-1,-1
51197,IS1985188ed28c5810d7c96,-1,-1
51198,IS1c51bcb58b404e3d088c0,-1,-1
51199,Glargath,-1,-1
51200,IS100abde22e3a0f2dae433,-1,-1
51201,ulqi,-1,-1
51202,IS13e401b4407a971dd8c5a,-1,-1
51203,IS1cc1138d7296de738073c,-1,-1
51204,IS1aef54b364e13d84354e3,-1,-1
51205,IS132e7c391c52996c51c3a,-1,-1
51206,LTDiamond,-1,-1
51207,IS10b8d1994192dda6d97e3,-1,-1
51208,IS1c6a3090e3790aa35a5ae,-1,-1
51209,rabcoach,-1,-1
51210,IS1f2c508b6fb312715a83c,-1,-1
51211,IS1ffddf2b5801e41bbfb18,-1,-1
51212,HesrghegsRschel,-1,-1
51213,IS143faa69f6886385f0dbf,-1,-1
51214,The Chimist,-1,-1
51215,IS18fd59cecd94401be30ba,-1,-1
51216,Sinnersoul,-1,-1
51217,razzash437,-1,-1
51218,IS118e70b4b692c9724d329,-1,-1
51219,IS1ef6464cf93d64395e8bb,-1,-1
51220,GambitDx,-1,-1
51221,owenose,-1,-1
51222,Dudditts,-1,-1
51223,IS1e20e466968d3d8234d08,-1,-1
51224,IS18f0910c897cafa7b43db,-1,-1
51225,MUfScZYaTi,-1,-1
51226,IS143a6d1defdb4850c0f37,-1,-1
51227,IS140704cb51e0eb3a0101c,-1,-1
51228,Hated,-1,-1
51229,pacovdumptruck,-1,-1
51230,IS1cf091d0c717f5ce9ded4,-1,-1
51231,IS185a43b71ac20b3266599,-1,-1
51232,IS1416d0034d4301e49f56c,-1,-1
51233,IS19637e7dd80889c2b47a9,-1,-1
51234,IS1bfb449611fa281f2a740,-1,-1
51235,IS11d34bf2dc31749ebeb02,-1,-1
51236,IS1e378da0e57a5b18921a0,-1,-1
51237,IS169268bdb8b3efc29317e,-1,-1
51238,IS19df8a61c239a9cf069dc,-1,-1
51239,devious madman,-1,-1
51240,IS14fca6891a916a2d84e1a,-1,-1
51241,Enforce,-1,-1
51242,slowness,-1,-1
51243,IS18f2d1eb21db9dee9ed70,-1,-1
51244,WAR10ck,-1,-1
51245,Krisan,-1,-1
51246,Moolkey,-1,-1
51247,thewrongvine,-1,-1
51248,IS1a63b44c6afaeb492d195,-1,-1
51249,Annok,-1,-1
51250,IS10bfc372d18455649a5c3,-1,-1
51251,IS1e9cafa606634d20791bf,-1,-1
51252,DnHRmqclco,-1,-1
51253,IS160000cdd8b64840ab035,-1,-1
51254,TheFirstKnight,-1,-1
51255,IS1b7dbc9c38f1e37320def,-1,-1
51256,Saranghae Hyeri,-1,-1
51257,IS1c6f5ddd24ae40814167a,-1,-1
51258,IS1f1df104c8be412774dc1,-1,-1
51259,IS1c74c6ed4faf0ce1cc007,-1,-1
51260,IS1aa2aa3e3ebf3d6605d8b,-1,-1
51261,Caldorian,-1,-1
51262,IS1648e6ddc7bbf7ac75fa1,-1,-1
51263,IS101e3df6d39defb37f1e6,-1,-1
51264,halfpastzero,-1,-1
51265,IS1f610440996a647fed112,-1,-1
51266,Jeed,-1,-1
51267,IS11159a5603a151d3c987e,-1,-1
51268,Aethalbrandr,-1,-1
51269,IS1b6f80e6e98e79593bc69,-1,-1
51270,IS1729c3997bc2fea923e53,-1,-1
51271,braydan,-1,-1
51272,IS1a4d0e1d899421ac8157f,-1,-1
51273,IS10be32617d354a3103b51,-1,-1
51274,Best King Rammus,-1,-1
51275,cU6pS10UO3,-1,-1
51276,IS1cc5fcee07a871bd4e2b8,-1,-1
51277,IS126f2b6b7ef4ee06b0367,-1,-1
51278,IS1e7b67e973a7efb510968,-1,-1
51279,Ratmaze,-1,-1
51280,slave of senpai,-1,-1
51281,IS1c864b24720207d901279,-1,-1
51282,IS1ddfd7440ddd185e18058,-1,-1
51283,IS1f5b5dcb1d53c04eb6b8c,-1,-1
51284,Risendo,-1,-1
51285,IGNITE,-1,-1
51286,i2emiOC,-1,-1
51287,IS10de728b88031e9a24855,-1,-1
51288,IS179911cc4646cb989db4c,-1,-1
51289,mouse,-1,-1
51290,IS1335d42bdfdfcc3b643a5,-1,-1
51291,IS14d7a6e22b6e353a742dd,-1,-1
51292,Sosuki,-1,-1
51293,IS112dd6e347154a1e08bce,-1,-1
51294,Legick,-1,-1
51295,IS1b2016e4a04e8123ef958,-1,-1
51296,IS1cd6b140801a6eca5e616,-1,-1
51297,IS110201d7784fa906e546a,-1,-1
51298,IS10b4f00094f868d218728,-1,-1
51299,Darthx,-1,-1
51300,IS129d13ed7d2a752e2c32f,-1,-1
51301,nuegeeh,-1,-1
51302,IS1a2474bd590b3324f8b4e,-1,-1
51303,IS187f941687e1cbe1c90fd,-1,-1
51304,GOATchivo,-1,-1
51305,Zuggie,-1,-1
51306,Hospice,-1,-1
51307,IS1bb126053382883bf8e1b,-1,-1
51308,IS1605c7231405ac564d698,-1,-1
51309,IS1cc406f68e59a76e779cb,-1,-1
51310,Ma3x,-1,-1
51311,stevemahn,-1,-1
51312,IS14dd00002e1aa3481f550,-1,-1
51313,IS133c024e23ffcec1d3007,-1,-1
51314,t3rr0rm4g3,-1,-1
51315,IS1d232204689eaae45ab9d,-1,-1
51316,IS10d497ac2f894b4ae7084,-1,-1
51317,LPer,-1,-1
51318,Tdawg,-1,-1
51319,WhoWont,-1,-1
51320,IS1cb72f91d6a172335ba64,-1,-1
51321,IS13ea3f5d9cb517b4d9001,-1,-1
51322,IS10619ea8f8a47ef42f735,-1,-1
51323,cookiesteroids,-1,-1
51324,Da Psycho Kitty,-1,-1
51325,IS1fe74fbc2f2b4874bd882,-1,-1
51326,shiftay,-1,-1
51327,Lemonzzz,-1,-1
51328,IS19c98dea6a2c75e720676,-1,-1
51329,IS1d5c80068510db7832ea9,-1,-1
51330,IS1dfc630ce73c8d93d2824,-1,-1
51331,Theos,-1,-1
51332,Raquet,-1,-1
51333,IS153b12a4434f55f6050e8,-1,-1
51334,IS186a7cd1d142b76539e5e,-1,-1
51335,IS18f40f1020a2ede9b612d,-1,-1
51336,IS14aba61cb4ad3c29b1575,-1,-1
51337,IS159caa1ff3ab23006d5ef,-1,-1
51338,FacefulOfRyze,-1,-1
51339,IS1b110b6e8106f2cc4f25c,-1,-1
51340,IS1271c91f551b40cd24244,-1,-1
51341,Tuomas Holopainen,-1,-1
51342,IS1c916a527f5e766f27359,-1,-1
51343,dot rc,-1,-1
51344,Zaladin,-1,-1
51345,IS188ffe4d319eea75f0a7b,-1,-1
51346,IS10bb7bb9937f5a0647913,-1,-1
51347,IS18b33d5c9531d6e318422,-1,-1
51348,IS15b2836eb84f5fa8d737f,-1,-1
51349,Zaksin,-1,-1
51350,IS12685ef6be85b1716984b,-1,-1
51351,IS12f83477b5fffc19a9930,-1,-1
51352,IS141134ab195b4febe391c,-1,-1
51353,IS1a813bc19e69ef3336875,-1,-1
51354,chicoblanco231,-1,-1
51355,IS13cab887c64e11803855b,-1,-1
51356,IS1adc4777761fcf6900eff,-1,-1
51357,Satyagrahi2187,-1,-1
51358,IS13ad26b2a39c3b2bf91fc,-1,-1
51359,daaablekill,-1,-1
51360,Yurthia,-1,-1
51361,IS11733a0fce3f7296c32a7,-1,-1
51362,SHHADOWW,-1,-1
51363,ThirstForBLOOD,-1,-1
51364,WNJE3U7YFO,-1,-1
51365,IS13b90157120a0825f9d38,-1,-1
51366,laoryders,-1,-1
51367,IS180b72084567318357629,-1,-1
51368,gbeZbtLSpg,-1,-1
51369,IS10d0cefe9f664f7e121f5,-1,-1
51370,xBillehx,-1,-1
51371,Defolt,-1,-1
51372,IS1eb9b1cea0187a2b7a710,-1,-1
51373,IS1ea94787dfb214718c141,-1,-1
51374,IS1271733743f1f86e898c2,-1,-1
51375,IS1a4ea1c02c648e94226e5,-1,-1
51376,IS14d7a5bf6c9128e30cabe,-1,-1
51377,IS1e54306bb73e39642a5a0,-1,-1
51378,guintao,-1,-1
51379,IS1362ab578d720f92c7b0b,-1,-1
51380,IS185683a414544c6c6d9a1,-1,-1
51381,IS1e6804e902a897b006023,-1,-1
51382,Gin Maestro,-1,-1
51383,nit3knight,-1,-1
51384,IS1ce300b06bf5d54789c00,-1,-1
51385,SKNlNKvcPE,-1,-1
51386,IS104cee5b539fdd800d8b3,-1,-1
51387,Martinni,-1,-1
51388,IS1de4c28ba539c81d72d54,-1,-1
51389,IS1b049aa6f5628c47b1306,-1,-1
51390,IS113b27cf4040f9cc64899,-1,-1
51391,spiderhappyfoots,-1,-1
51392,IS14595fcb897f09fdb89f7,-1,-1
51393,IS1f9bd2f0e1af10421a3af,-1,-1
51394,IS12f947fe165387b49de60,-1,-1
51395,IS14ffaa6a285f6bae7353e,-1,-1
51396,IS1f67129c6c0b1564a2120,-1,-1
51397,TIFA723,-1,-1
51398,Lemotek,-1,-1
51399,IS14d6aaaec310696f34b16,-1,-1
51400,demAces,-1,-1
51401,IS160753a75a4692d255641,-1,-1
51402,IS16a8b98fd8117a4d4a2d0,-1,-1
51403,Snape,-1,-1
51404,Faulknar,-1,-1
51405,C9 Sneaky,-1,-1
51406,IS13b7864fb7692f821095f,-1,-1
51407,top player na,-1,-1
51408,IS1b6363cbd2557759e9344,-1,-1
51409,IS1ae277cf0a5ac4b5bf8b1,-1,-1
51410,liptaks,-1,-1
51411,IS19b8590dd89d998b46cae,-1,-1
51412,Lyzol,-1,-1
51413,markamusREX,-1,-1
51414,IS19def4a86baaa7de83d13,-1,-1
51415,IS17b8e6965721746d31bb7,-1,-1
51416,IS1e11450147b8443c155e4,-1,-1
51417,IS14312b70c1eda8c7b4ed9,-1,-1
51418,Funewgy,-1,-1
51419,IS1ea0be481e9d3d07b580e,-1,-1
51420,IS1e7d37452dbcd3e446ad9,-1,-1
51421,IS14792ebda313b06415efe,-1,-1
51422,IS118237691f8b13ca34df4,-1,-1
51423,IS1ec648d2d82a60cce50f5,-1,-1
51424,IS14ec364237eefe1bf047f,-1,-1
51425,IS1ffd3e42c183560b9f6a5,-1,-1
51426,Maylindra,-1,-1
51427,IS10be5bcb716e1e17a3b92,-1,-1
51428,Karmana,-1,-1
51429,TJMonk,-1,-1
51430,IS1f9ca95ca2457872fa701,-1,-1
51431,IS1ef4d1b6da34019ec7095,-1,-1
51432,IS1f7fbf04dadc2fbe162a5,-1,-1
51433,IS1f24a2c99fc62e6ae0870,-1,-1
51434,Harambae Jungle,-1,-1
51435,Reprot teemo ty,-1,-1
51436,IS1891e7ef9655bd6a43148,-1,-1
51437,1r0nSp1d3r,-1,-1
51438,IS138f66c31e19f78b79247,-1,-1
51439,IS11ae08177c9aa3b8cbf70,-1,-1
51440,lotrsam0711,-1,-1
51441,IS1dbbd714fbd6e6fcdbc92,-1,-1
51442,IS1568dc1a3fddcd91a7ca0,-1,-1
51443,IS11d5ccc5f7b97cdf931eb,-1,-1
51444,IS1da27d8e09545a1165616,-1,-1
51445,etrnlapocalypse,-1,-1
51446,IS135c70197bcf7f666a6a7,-1,-1
51447,IS18b970188e48bdc5eb56b,-1,-1
51448,trankillity,-1,-1
51449,IS139380413ec130bab9a6f,-1,-1
51450,IS167250179d9be1a436c07,-1,-1
51451,IS155e46009b2856ba64e9c,-1,-1
51452,Scout,-1,-1
51453,IS13d9d559c9d4cd022e396,-1,-1
51454,McChaZo,-1,-1
51455,IS15be72f64909fed458a92,-1,-1
51456,DK1105,-1,-1
51457,Z3 Aoxo,-1,-1
51458,IS1da83c74e6ef739c4d3e8,-1,-1
51459,Jakuta,-1,-1
51460,IS1966732133a9952d88db4,-1,-1
51461,Mad in Life,-1,-1
51462,leif22,-1,-1
51463,RgL57cCbTK,-1,-1
51464,IS1ebaa9d41029c13b3705e,-1,-1
51465,IS170c8d9fa6db300e20c9b,-1,-1
51466,IS1e8f8578ec62a8e31dd2d,-1,-1
51467,IS103c3f0bd834b2efdcfe4,-1,-1
51468,IS1c597e43e90830bf4524b,-1,-1
51469,wondahbread,-1,-1
51470,IS15dbdfa1167c6be735229,-1,-1
51471,IS194a38834502b0c621a42,-1,-1
51472,IS1567a304ca8b6ba4a8ebd,-1,-1
51473,IS13d086a7fb47dbf8a35de,-1,-1
51474,IS1f40e98bd5b998d443947,-1,-1
51475,bpqrPXBbyJ,-1,-1
51476,IS1aa0af21c588c539dfd67,-1,-1
51477,nbtnbt5,-1,-1
51478,DarkDisciple,-1,-1
51479,IS16ebe9689ce931d04f84c,-1,-1
51480,Terzin,-1,-1
51481,GxeqCvfTFA,-1,-1
51482,Floosh,-1,-1
51483,IS16a7852dd0a183158d08c,-1,-1
51484,IS13b9a6448d1ca7a226002,-1,-1
51485,Run it Down Bot,-1,-1
51486,IS182947fec976a86c76c58,-1,-1
51487,Upsome,-1,-1
51488,Edjy,-1,-1
51489,R1P4,-1,-1
51490,Zepon,-1,-1
51491,YNNPKARS1,-1,-1
51492,f2BIlt3zao,-1,-1
51493,IS1755cf81fb5141f902531,-1,-1
51494,IS1d06cae8a255f96c181bc,-1,-1
51495,IS172723630544455f56b7d,-1,-1
51496,4u8cTgWJV7,-1,-1
51497,SC2150,-1,-1
51498,IS1720761ba9399d728fa5b,-1,-1
51499,MariJooWana,-1,-1
51500,xcrafter,-1,-1
51501,Cpt Handicapped,-1,-1
51502,I love Joints,-1,-1
51503,IS1a9052213673b22415af1,-1,-1
51504,Crimzors,-1,-1
51505,IS145c5aa69a1c683ac7251,-1,-1
51506,IS172f1c6d743c96936ebe3,-1,-1
51507,Tiranui,-1,-1
51508,IS1b88d51cd7234385095b6,-1,-1
51509,IS1bee2fc47cbdca1b269a3,-1,-1
51510,IS150bfa31ec2896932bdfb,-1,-1
51511,Duderonomy,-1,-1
51512,Pinguino Salvaje,-1,-1
51513,Eric Dessler,-1,-1
51514,Evanidus,-1,-1
51515,fclrGdmnUo,-1,-1
51516,Telygame,-1,-1
51517,IS1338e5101dfc8851dde9d,-1,-1
51518,IS1177a0c278ce27ac807c9,-1,-1
51519,Serp,-1,-1
51520,Matroyers,-1,-1
51521,IS1e48a6335f16c65b37e31,-1,-1
51522,LittleXdav,-1,-1
51523,IS12e376913d473886f4c22,-1,-1
51524,IS171008fda21d552ea4953,-1,-1
51525,IS14bb395919b891342f99d,-1,-1
51526,IS10dbdd61972ca564dc8ea,-1,-1
51527,macboi,-1,-1
51528,IS1caade333fa3e2f6499e3,-1,-1
51529,IS10440e42262cc100c4820,-1,-1
51530,zjwfRGMMfY,-1,-1
51531,IS10517690ac5aeec814c21,-1,-1
51532,Melky,-1,-1
51533,Findara,-1,-1
51534,Unlubed,-1,-1
51535,IS1ddee3fb846b947bb441b,-1,-1
51536,IS10873aff35bae359113ac,-1,-1
51537,IS1933c13bda07eca8409ad,-1,-1
51538,boje86,-1,-1
51539,SW33T C00L,-1,-1
51540,Heliomack,-1,-1
51541,IS17a9bed92fdd08dc02002,-1,-1
51542,IS1549a2ac0fd3648c096ab,-1,-1
51543,IS102c7274e96227752d222,-1,-1
51544,LNwwxboVqI,-1,-1
51545,DeathHand,-1,-1
51546,IS1995195fc8faded4ebcfd,-1,-1
51547,devil1121,-1,-1
51548,Insta,-1,-1
51549,WonderBaum,-1,-1
51550,IS1ab37e11e5237f2c8017e,-1,-1
51551,Kyada,-1,-1
51552,Sidgar,-1,-1
51553,Deathstar420zz,-1,-1
51554,The Fancy Menace,-1,-1
51555,IS16789f1da52edf14ff07e,-1,-1
51556,IS19e1ca8f80845e420e6c0,-1,-1
51557,IS1dfd6bb43401dab4954f8,-1,-1
51558,FrostyMaelstrom,-1,-1
51559,IS1de77b360563237df7e32,-1,-1
51560,Fireblade,-1,-1
51561,IS1a27c7f59a34484a6aa92,-1,-1
51562,Spartan Ambrose,-1,-1
51563,IS188cde6bdcb36cde644f4,-1,-1
51564,IS152198fbc729efdfa528a,-1,-1
51565,Jonay High,-1,-1
51566,IS1d991367300432582a4e1,-1,-1
51567,IS105e54f5e62755c8c2fdc,-1,-1
51568,IS19ea69190cee5ea20cfce,-1,-1
51569,FYWFhEq4DR,-1,-1
51570,Dead,-1,-1
51571,Nawatar,-1,-1
51572,IS1ed48502d491082a2c01e,-1,-1
51573,Paineh,-1,-1
51574,Daemmon,-1,-1
51575,IS1e0e4fd444b0218cc3685,-1,-1
51576,IS1a62f9488c6069e1879c2,-1,-1
51577,IS1b47cdcca585fdd6e25e5,-1,-1
51578,IS1c8ed8901f0ddeac2c91d,-1,-1
51579,IS19cf349e1ce79c995691a,-1,-1
51580,falcorx,-1,-1
51581,calimond,-1,-1
51582,IS1b3361f45b8b8c3210524,-1,-1
51583,IS129fb3fd40428c8e6fe39,-1,-1
51584,IS1796268e5bfdbbbb0f9cd,-1,-1
51585,IS1f2d850b0ee41fdaad82b,-1,-1
51586,Chesster,-1,-1
51587,IS10052e978996782ef7939,-1,-1
51588,HaDAk,-1,-1
51589,Coldhearted,-1,-1
51590,IS1ae36b1ec984d9a0ea1a1,-1,-1
51591,IS1f21b1a895b81d58afbf1,-1,-1
51592,HuorTheGreat,-1,-1
51593,IS118d3a047e40228b102a1,-1,-1
51594,IS167a04fa756c8c0b7dfbd,-1,-1
51595,IS13673c0ee0a982c795e28,-1,-1
51596,IS1785211b400443b083da7,-1,-1
51597,MeToo,-1,-1
51598,IS1cd2fe65301e6db6104f0,-1,-1
51599,bearsdrivingcars,-1,-1
51600,IS1ed35add9a69d87eb46da,-1,-1
51601,IS1399c9330c5f85efe523b,-1,-1
51602,IS1dc712aa6d7ee59ea48d3,-1,-1
51603,Princess,-1,-1
51604,Veno,-1,-1
51605,JgB34tRK6x,-1,-1
51606,IS124219241ea10b387e7b6,-1,-1
51607,IS1a4d6458473001bb17ecf,-1,-1
51608,IS1eab997d7825b883b7359,-1,-1
51609,IS1b94310d511b0b19852cb,-1,-1
51610,IS1c2bcec3cbf8a3c389af2,-1,-1
51611,IS115075ea16fffffdca969,-1,-1
51612,slowshi22,-1,-1
51613,IS137d1fe68c3755fd131f9,-1,-1
51614,IS1bb5911be3e36d5a78077,-1,-1
51615,IS1ee3b14f5ef3f0d189617,-1,-1
51616,Runeknight95,-1,-1
51617,IS149f9ae6b0d7916bc1e17,-1,-1
51618,lgjdiufgdf,-1,-1
51619,GreenLantern85,-1,-1
51620,IS1fc4f0a8e8e5457ea56e0,-1,-1
51621,IS1e54308f8d0a274ceb94f,-1,-1
51622,Leotones,-1,-1
51623,Gavazzi,-1,-1
51624,CptnObvious,-1,-1
51625,Cruz Flame,-1,-1
51626,xxxcknxxx,-1,-1
51627,Eliptic,-1,-1
51628,RiCEADDiCTBOY,-1,-1
51629,Krask,-1,-1
51630,Poopio,-1,-1
51631,Stoffy,-1,-1
51632,Gilarus,-1,-1
51633,IS1c9c44e3e3802c603f702,-1,-1
51634,Giapetto,-1,-1
51635,IS1275e17db0b42dd82d83a,-1,-1
51636,IS12382b1264b6531256442,-1,-1
51637,adderall,-1,-1
51638,IS110790ba541fe52290fb4,-1,-1
51639,DragonFlying,-1,-1
51640,itsayemwhy,-1,-1
51641,IS1fcdf4549f3f581b644e9,-1,-1
51642,DWGKD,-1,-1
51643,IS10b9b4701541d964b6cdc,-1,-1
51644,IS1d9c0addeadf3dd7a5f69,-1,-1
51645,IS1c0862f31c7fd638e8f91,-1,-1
51646,Ch33ky,-1,-1
51647,IS18bd6b5ec63dbbaacaab1,-1,-1
51648,IS1fb5e88fe937ff86271ce,-1,-1
51649,Kamachico,-1,-1
51650,K1RaiN,-1,-1
51651,IS1347d4c1ac09ccac275ba,-1,-1
51652,Grauwyler,-1,-1
51653,Lazaruth,-1,-1
51654,NotShade,-1,-1
51655,Wolfire,-1,-1
51656,IS124f499eeea9ee6b766ff,-1,-1
51657,IS1a451a3824dc30d1f6bbb,-1,-1
51658,IS1069de93fd311c61fa7a2,-1,-1
51659,IS16780df54a57c325ce0a5,-1,-1
51660,IS1fd135d545e6eb7f25c02,-1,-1
51661,IS18d6dac95eb6c2ced8913,-1,-1
51662,ledzep17395,-1,-1
51663,IS141b39e2316c1496940a5,-1,-1
51664,PjhN,-1,-1
51665,PersonalRiot,-1,-1
51666,Only Jayce,-1,-1
51667,Krusidulli,-1,-1
51668,ijNGmOU7xn,-1,-1
51669,Shapeshyfter,-1,-1
51670,Mark Whatney,-1,-1
51671,Ninjasan,-1,-1
51672,IS15ba34fcdd6a0f9126701,-1,-1
51673,Rityus,-1,-1
51674,IS1868b1fc567ac774bd7a6,-1,-1
51675,IS10543093a45e1d8398bd7,-1,-1
51676,IS148bc948e78a4d508ca9e,-1,-1
51677,IS19a45355fa439db46f9e4,-1,-1
51678,IS142d78331ff291d61ffa1,-1,-1
51679,formulaonefrank,-1,-1
51680,d0mes,-1,-1
51681,Smileyman,-1,-1
51682,IS1b32245a5a9587ece86a2,-1,-1
51683,Issowi,-1,-1
51684,IS1d55ff9bb6e79726b017e,-1,-1
51685,IS1434b75bb36cb5ffd0e10,-1,-1
51686,Lusc,-1,-1
51687,Geromancer,-1,-1
51688,IS1de0b8b1d430704d322db,-1,-1
51689,IS17dba5cb6d897f9649cc5,-1,-1
51690,IS1f488d8cdca68c8c447d4,-1,-1
51691,IS17ac5e794d2845c1f7bf7,-1,-1
51692,IS19f3f78d0e57157bfe4e5,-1,-1
51693,Dr Tentacles,-1,-1
51694,IS1ce0e3cbcd72d0c30612d,-1,-1
51695,IS197e38bb0cd9aca4ca010,-1,-1
51696,IS13725761f4e02f72cdd2e,-1,-1
51697,Kagemusharu,-1,-1
51698,IS1010472d8d73e0d97331f,-1,-1
51699,IS1e35002ae99cb9542890b,-1,-1
51700,IS1a2a4c0c8800c0dd34d8d,-1,-1
51701,IS130e66bfc31bf5577724f,-1,-1
51702,Quak3e,-1,-1
51703,Roalr,-1,-1
51704,Wuliwoo,-1,-1
51705,IS120aa124fb2fc9bd4794b,-1,-1
51706,andthecatpissed,-1,-1
51707,IS1fba29c7810c7d640e2a9,-1,-1
51708,IS131c2049eee6b819c8768,-1,-1
51709,IS101b428c917fb5f8dc133,-1,-1
51710,deepFlaw,-1,-1
51711,IS1a858c32adb648802682d,-1,-1
51712,psbob,-1,-1
51713,Stalzy,-1,-1
51714,IS134f6d6b9dd96142c2bfa,-1,-1
51715,IS1597c9c7e1353eb1d2bea,-1,-1
51716,IS1b4b6ce27bf885cfdc0a8,-1,-1
51717,IS12c4ac32bdffca7a5304a,-1,-1
51718,Waterbourn,-1,-1
51719,F1zz Khal1fa,-1,-1
51720,MrWho,-1,-1
51721,Nutsoxy,-1,-1
51722,IS19f94a14327927d7f5191,-1,-1
51723,IS16e96c6db532f7f0bf715,-1,-1
51724,IS125f4d9f239e540ac31cc,-1,-1
51725,IS1039d99adbf9f87c2d02f,-1,-1
51726,IS1e78a380f000b967dbfc4,-1,-1
51727,Krewltee,-1,-1
51728,IS177906b3dea94d577853d,-1,-1
51729,IS1e84ab15eca67d69fa023,-1,-1
51730,IS172796636f6e947831e1e,-1,-1
51731,IS1406bd83ce48209d5ecdd,-1,-1
51732,MrKane,-1,-1
51733,IS128718fb731bb1c0493a0,-1,-1
51734,Ponzichar,-1,-1
51735,specterninja,-1,-1
51736,Chiddler,-1,-1
51737,Deathful,-1,-1
51738,TerrorVerge,-1,-1
51739,smallandchewy,-1,-1
51740,IS15122625b9ce1df01aac8,-1,-1
51741,IS1f02622bfbd6cb2b31dc7,-1,-1
51742,IS102d0f1a4e141b1883ef4,-1,-1
51743,IS104fc1787ea511137e51b,-1,-1
51744,Teddymund,-1,-1
51745,Vilelich,-1,-1
51746,IS168c83c6a9b31ec4276c4,-1,-1
51747,Ninsha,-1,-1
51748,IS1af5d13c585bbf2429538,-1,-1
51749,Mugiwara Zoro,-1,-1
51750,uVBYqezQ6n,-1,-1
51751,IS1f3ccae8b82fc5c985f09,-1,-1
51752,IS1eb74441ef3db31b36335,-1,-1
51753,7SkullMoth7,-1,-1
51754,IS1aa201f7437591583453d,-1,-1
51755,IS1697df513cb3d24f497b5,-1,-1
51756,IS1258fb1259ae1a9372a95,-1,-1
51757,1wkZp62SB0,-1,-1
51758,IS103af7dcb7a71086e980d,-1,-1
51759,IS18cb68990e1fa61f90f6a,-1,-1
51760,npqrsstt,-1,-1
51761,IS113e48c7a659a7b484187,-1,-1
51762,cabiludusertao,-1,-1
51763,IS19b2ecc2f7e7240db8d56,-1,-1
51764,IS116cc0d3fb545cb16b0bf,-1,-1
51765,Jaytie,-1,-1
51766,AyAyRon87,-1,-1
51767,SquallBerserk,-1,-1
51768,Malthivarius,-1,-1
51769,IS19bf95ea0e85a90c125cd,-1,-1
51770,IS1e6f87bd44544206f644c,-1,-1
51771,IS1b7f8f11904194405ff1d,-1,-1
51772,GJrSXgM8vp,-1,-1
51773,whosane22,-1,-1
51774,IS10c06859128920715b807,-1,-1
51775,HeWoK,-1,-1
51776,IS1a791e7fb6511585caf00,-1,-1
51777,IS1eadf67e0eee2051c38f7,-1,-1
51778,IS1e2fdec4b9e280846592f,-1,-1
51779,Malakor,-1,-1
51780,Saehkyr,-1,-1
51781,IS19adc7a1a5cf1e7bbbc51,-1,-1
51782,IS1cad037f89d1e3c9fd634,-1,-1
51783,IS1ca3e92684b79affa7dc9,-1,-1
51784,PlaidCactus,-1,-1
51785,IS1c1a61216a93f23f246ad,-1,-1
51786,Cucius,-1,-1
51787,IS1f294152ff120c616a09f,-1,-1
51788,Nature,-1,-1
51789,IS17d60b621315071c300cd,-1,-1
51790,CerBeRusVI,-1,-1
51791,IS144976c05951f8511b977,-1,-1
51792,IS11f56407aa8fbce2e28ee,-1,-1
51793,Mr Evil,-1,-1
51794,Moneypot,-1,-1
51795,LeinahtanBeta,-1,-1
51796,IS1150ab277e7282493dca4,-1,-1
51797,IS1f4f6453783189f96e32b,-1,-1
51798,IS1f5bc65321d16946d29c7,-1,-1
51799,IS1bef0e5a12f4985281bdf,-1,-1
51800,IS166a81e155c504c0c9210,-1,-1
51801,IS1e6de9111386155bb406c,-1,-1
51802,IS13bd874e98fa5e8b0b5e4,-1,-1
51803,IS10f5e6a5a1068bd59a859,-1,-1
51804,SickReferenceBro,-1,-1
51805,IS13125db25b6aec94dcf92,-1,-1
51806,IS1c199a90961842d15b339,-1,-1
51807,CosmicxSenpai,-1,-1
51808,IS1044c4d697a7a2680f1d3,-1,-1
51809,IS1dcd1d1e15612e7ceca20,-1,-1
51810,Pinith,-1,-1
51811,IS1b846b9e93ebf96bc5387,-1,-1
51812,Prince du Maroc,-1,-1
51813,waSDG,-1,-1
51814,IS17e3a34305e245dc5f527,-1,-1
51815,IS15c37fe2481738cabfeca,-1,-1
51816,IS1e188636277130d8f56cf,-1,-1
51817,Therak Balor,-1,-1
51818,OmegaGenesis,-1,-1
51819,IS10a7c4d0d9fe847598725,-1,-1
51820,IS1cd4981bda3c252fc1acf,-1,-1
51821,IS163a1ad0bdb477ccedd4b,-1,-1
51822,exteel,-1,-1
51823,Uglypug,-1,-1
51824,IS147e714f473f9b0475e62,-1,-1
51825,IS1be1942370ba7f5e9226b,-1,-1
51826,IS1bfd30a227637c5b482e4,-1,-1
51827,IS18d015379f68364f3da3b,-1,-1
51828,Harle,-1,-1
51829,IS12dc232d1480a4447dc5d,-1,-1
51830,IS1b59ce1f6b4803d9dbb38,-1,-1
51831,IS18cda49fcf7668a785ac4,-1,-1
51832,MyrrdinVT,-1,-1
51833,Saturninus,-1,-1
51834,IS1bdbe546640a4dc0824a9,-1,-1
51835,Elegant Chair,-1,-1
51836,IS1edfbb072071654c3066b,-1,-1
51837,SIKE WRONG NUMBA,-1,-1
51838,fishmael27,-1,-1
51839,IS1e2f760e97ba0345b3f2c,-1,-1
51840,IS1e53fe41d6743c15db964,-1,-1
51841,IS14ce292708a480bbb030a,-1,-1
51842,IS198f3aa39e880d3a63336,-1,-1
51843,dLuxian,-1,-1
51844,IS164c834538b8cc56d1eec,-1,-1
51845,Z2 Fire,-1,-1
51846,IS1de7725093a31a2f3b5b6,-1,-1
51847,SnowBaLL,-1,-1
51848,IS1bf5b44bf313613790da1,-1,-1
51849,gxcubed,-1,-1
51850,IS1481b8134707178aa8167,-1,-1
51851,IS118e520a323dfa0f6d74b,-1,-1
51852,Nonbreaker,-1,-1
51853,51853_DEL,-1,-1
51854,IS1ebf72614164f9ef7005f,-1,-1
51855,third2,-1,-1
51856,IS1cb7b8fb640af71996974,-1,-1
51857,IS1cfdc8dfc3531af3b6830,-1,-1
51858,IS19f25990d1211b25d3040,-1,-1
51859,J4rgon,-1,-1
51860,AIe7rnEuEY,-1,-1
51861,IS181f691e1b3c443ab6067,-1,-1
51862,IS1e6fdc37ca5d669c13170,-1,-1
51863,IS1542d67d13c121efc3fea,-1,-1
51864,swagmaster11,-1,-1
51865,Swagerfish,-1,-1
51866,0xUMyxT0IF,-1,-1
51867,IS12a852674bd7e1cda0cf6,-1,-1
51868,IS1c46a5e1dad463eaf8ebd,-1,-1
51869,IS172f6bac2c0f6baf94bc9,-1,-1
51870,TheNung,-1,-1
51871,TheDingo,-1,-1
51872,IS1798bd66ef6dd9a9c63e0,-1,-1
51873,IS16c5023f13ef31c30f9e6,-1,-1
51874,The Mysterious Tiny,-1,-1
51875,DSparil,-1,-1
51876,The Jsho,-1,-1
51877,Bloodwiser,-1,-1
51878,IS103ea80d7ac07620a8bc0,-1,-1
51879,Rovdyr,-1,-1
51880,IS144e4e613fef7c7e79a37,-1,-1
51881,Losian,-1,-1
51882,IS1a9f273c95cc4ccc4239c,-1,-1
51883,IS107ccffa3bba4b7aa77aa,-1,-1
51884,IS10dc532f77c4fb4d5f5fe,-1,-1
51885,IS1bcca088f7cef37d0ca60,-1,-1
51886,Daevohk,-1,-1
51887,soldier0016,-1,-1
51888,Mareak,-1,-1
51889,IS1759c7bfdbe4facf03a3a,-1,-1
51890,wtfmejt,-1,-1
51891,lupus,-1,-1
51892,foehammer,-1,-1
51893,IS1f1aa3c041b39475a5749,-1,-1
51894,IS114a315d092b18bb69917,-1,-1
51895,Zachboss,-1,-1
51896,Kharna,-1,-1
51897,IS1b9766a715acacf26fafb,-1,-1
51898,IS17e68946ed1d42c0fde2f,-1,-1
51899,xxRyukxx,-1,-1
51900,TheDutchFiddler,-1,-1
51901,Wocram,-1,-1
51902,IS171aa5eec4da27f11768f,-1,-1
51903,Cayeron,-1,-1
51904,IS17aeffb5351e3ab7aad23,-1,-1
51905,A GentIeman,-1,-1
51906,IS17e1c2ed4eadfb7eff53f,-1,-1
51907,Vesarius,-1,-1
51908,IS139d3467614b0f88dcf56,-1,-1
51909,Somethingelse,-1,-1
51910,LoganDaBest,-1,-1
51911,IronManZ,-1,-1
51912,Zeanu,-1,-1
51913,Grimm Index,-1,-1
51914,Trazok,-1,-1
51915,itstk,-1,-1
51916,Corey,-1,-1
51917,IS189f1dc333d8782a11d40,-1,-1
51918,IS15013884727424781ca24,-1,-1
51919,JanusKincaid,-1,-1
51920,mippy,-1,-1
51921,IS12e56654d1b15a9e0b8f2,-1,-1
51922,LightingRings,-1,-1
51923,IS134c30c938510053cae04,-1,-1
51924,IS102d0be761165c8d2b093,-1,-1
51925,IS1b0746f7e8796a4566d97,-1,-1
51926,IS19092140a5ecd9da11402,-1,-1
51927,Voltrizzy,-1,-1
51928,GoLeMka,-1,-1
51929,Chopstyx,-1,-1
51930,F8GOf3Zfgr,-1,-1
51931,IS1cb75391f8b9c8b7599c3,-1,-1
51932,IS19fe685a05ee62b268c02,-1,-1
51933,cowthatismad,-1,-1
51934,robotkris,-1,-1
51935,IS1c0e0cd54f0e475f240e3,-1,-1
51936,IS1edf6b282eb10b5bb18ac,-1,-1
51937,Play,-1,-1
51938,IS1eaf4013b7c335272d7fe,-1,-1
51939,Gaiadestroyer,-1,-1
51940,IS1a1d2e62139c578b6c274,-1,-1
51941,Muffinator,-1,-1
51942,Valdis,-1,-1
51943,IS1fd72ef2fcd24627a4914,-1,-1
51944,IS1bf996a1a5d1adcba3714,-1,-1
51945,IS117f075edd0ceda17c73e,-1,-1
51946,IS126c49b473f31b6684a82,-1,-1
51947,IS1e3e0607aac160d89d1c1,-1,-1
51948,IS17f95638f40923a83d453,-1,-1
51949,ZeroMonk,-1,-1
51950,zyphrous,-1,-1
51951,JKer,-1,-1
51952,IS1959e5a017e88efeca058,-1,-1
51953,IS12139ed478f84ee94e87e,-1,-1
51954,Good4TheCompany,-1,-1
51955,IS1ebeddf0c50493b55565d,-1,-1
51956,IS1494d6589d66a743cf328,-1,-1
51957,IS14b14373b592b826f4439,-1,-1
51958,9XMYXBOZ1i,-1,-1
51959,IS194a1e59fe795923e9af4,-1,-1
51960,IS18793097f1db2a272d0f9,-1,-1
51961,Chaoz,-1,-1
51962,IS1c99f10107f0cb52b577f,-1,-1
51963,IS1fcef882b64e2d7bd7936,-1,-1
51964,U0LCxkDVXY,-1,-1
51965,IS1501172bdfbf81cc758b3,-1,-1
51966,Zeshless,-1,-1
51967,Crispeh,-1,-1
51968,IS1201db6201c7c231e1a2b,-1,-1
51969,IS151cb3a7d282bab86687b,-1,-1
51970,Stratusarcher,-1,-1
51971,Hashbrown1337,-1,-1
51972,Kittybat,-1,-1
51973,Eskaelx,-1,-1
51974,Walltz,-1,-1
51975,MasterYodaSD,-1,-1
51976,TedBundy,-1,-1
51977,Rodder,-1,-1
51978,Stave Danger,-1,-1
51979,IS1acf556564dcfdee2c0f6,-1,-1
51980,IS161b624341759260e7aa6,-1,-1
51981,Arhithia,-1,-1
51982,razzmatazzriots,-1,-1
51983,IS1ec35d39f4a6a34d9a693,-1,-1
51984,IS1a34c360ed9a03f5df1cc,-1,-1
51985,IS19b5734041cb373f7ab7b,-1,-1
51986,Vede,-1,-1
51987,IS1a016b11b9c0418e9557c,-1,-1
51988,IS1e72bc2821a0e997817f9,-1,-1
51989,IS12f8e1ce9e63ba0bd6ad2,-1,-1
51990,oTYRANTo,-1,-1
51991,IS128fc7a373eb87bc3ef65,-1,-1
51992,Nomin,-1,-1
51993,dXAFASG,-1,-1
51994,drugfreeboy,-1,-1
51995,IS18a0064c0313f5f12995b,-1,-1
51996,ok6mFvofwo,-1,-1
51997,IS14a4be253085d64aaf6c6,-1,-1
51998,CHAHUAHUA,-1,-1
51999,IS1504e64591d05d9c950bc,-1,-1
