53000,K0kanee,-1,-1
53001,IS1151946cca111b7196cae,-1,-1
53002,Rohanisaurusrex,-1,-1
53003,mSM9NNtVl8,-1,-1
53004,IS1ee8540d59df5b2686818,-1,-1
53005,Zera,-1,-1
53006,nvii,-1,-1
53007,Daron,-1,-1
53008,IS16c644e442b02bfe03dd1,-1,-1
53009,IS1d69b9fd715423a94b8f4,-1,-1
53010,Odio,-1,-1
53011,IS13ba7c0301144ac24eea9,-1,-1
53012,IS16803b9dc9f27eebd56be,-1,-1
53013,IS1aa487eb34db63fe3e823,-1,-1
53014,IS108335f87ca3b50a0d361,-1,-1
53015,IS1d1a0e611ad54ec908ceb,-1,-1
53016,Lundric,-1,-1
53017,itekken,-1,-1
53018,IS10955839224009df8641f,-1,-1
53019,IS1779815ded2cdecd79c44,-1,-1
53020,NagiSoi,-1,-1
53021,UDYc3IzgNJ,-1,-1
53022,Pilha,-1,-1
53023,tawlzz,-1,-1
53024,TutuBarao,-1,-1
53025,IS13dbf417c0696008ae9d9,-1,-1
53026,ThcApproved,-1,-1
53027,Shallyn,-1,-1
53028,Sprayed,-1,-1
53029,Jquik,-1,-1
53030,Grizzlnuts,-1,-1
53031,IS16012b07ff719674fa121,-1,-1
53032,Shakiiru,-1,-1
53033,An1hrax,-1,-1
53034,ChRoNiC SaUcE,-1,-1
53035,IS12a09a624bd125dbb023a,-1,-1
53036,IS1681297a14f8d2f08da4c,-1,-1
53037,IS160b84c4daae59531dd03,-1,-1
53038,Raziel686,-1,-1
53039,IS135c8a92a63282a1bdf7f,-1,-1
53040,IS170ca40f5c9e5b66e354c,-1,-1
53041,ScLonewolf,-1,-1
53042,IS141c5145872e904631d71,-1,-1
53043,Sontakan,-1,-1
53044,Uberstein,-1,-1
53045,IS16d5fe2577c2e76a12125,-1,-1
53046,IS15ba5026bb187960a3abc,-1,-1
53047,fwt8EdhVEq,-1,-1
53048,IS1a85a60aeec23591f3ff0,-1,-1
53049,Z3 Birk,-1,-1
53050,JehuWarrior,-1,-1
53051,IS17c93f77f612ddf1f46eb,-1,-1
53052,IS164115de56d33caf5728c,-1,-1
53053,Drhashbrown,-1,-1
53054,ToddlerLogic,-1,-1
53055,Omega Taurus,-1,-1
53056,IS11008ff3c52dee3043a44,-1,-1
53057,IS1244afeee9b860700acf0,-1,-1
53058,TimeTheEnchanter,-1,-1
53059,WagstaffCalvin,-1,-1
53060,IS1c9944fec6f6b0ebd5584,-1,-1
53061,Toasted370,-1,-1
53062,Flushot,-1,-1
53063,IS1770b0a603cc4cc5b76cd,-1,-1
53064,IS18640feb68a0b16c4cd8f,-1,-1
53065,Truckstar,-1,-1
53066,IS18e28af4707876934b5ae,-1,-1
53067,IS148d41d45c639cf9fb371,-1,-1
53068,IS10a7568bd6e0319a0ddbb,-1,-1
53069,IS14aa51f6d1a21c913d8fa,-1,-1
53070,TeHHerzog,-1,-1
53071,IS17d7e8880ee081f5cd521,-1,-1
53072,IS1c47a461bae51f580ecb6,-1,-1
53073,IS12b954909e4356bd68793,-1,-1
53074,Syme,-1,-1
53075,IS1dfa0629155da8af59613,-1,-1
53076,Tranj,-1,-1
53077,IS16139a0b28ff8f3d37a56,-1,-1
53078,BubblegumExpert,-1,-1
53079,guppygweeb,-1,-1
53080,IS13d87625c3a9f84e6f2c4,-1,-1
53081,jambonnned,-1,-1
53082,IS1097989ebaf90e4dc3679,-1,-1
53083,Dementoid,-1,-1
53084,IS133543df57db9123d6735,-1,-1
53085,Medical Sativa,-1,-1
53086,IS1149d2a4510671ea5e318,-1,-1
53087,IS123b6353d14eecc52097f,-1,-1
53088,IS1e3ff9cc8e3a71dca37e3,-1,-1
53089,25616516,-1,-1
53090,darth rahl,-1,-1
53091,RaZKaLz,-1,-1
53092,IS1f5978d55bd3508c1a3a2,-1,-1
53093,IS1cff23bb8cde6c87e911c,-1,-1
53094,IS167bbcdc2d611c7702275,-1,-1
53095,IS14ee5bcbf5d3c9173104b,-1,-1
53096,8u770n5,-1,-1
53097,Zelgie,-1,-1
53098,IS133073ef8b27d720ba36d,-1,-1
53099,thebigpg,-1,-1
53100,IS1bfeb4e950cd7dd135027,-1,-1
53101,Yoyo Cream,-1,-1
53102,Voltage,-1,-1
53103,videogamefreak,-1,-1
53104,IS128e2271dca641f06f673,-1,-1
53105,Frostyclam,-1,-1
53106,kureave,-1,-1
53107,Nitrixion,-1,-1
53108,Adapem,-1,-1
53109,Trixit,-1,-1
53110,Kraemer,-1,-1
53111,Wishgoat,-1,-1
53112,TehnewbeE,-1,-1
53113,NohWei,-1,-1
53114,Dementae,-1,-1
53115,IS14bb0079d012468db6585,-1,-1
53116,rbN6yziDxc,-1,-1
53117,IS1083612456d0ab624cac0,-1,-1
53118,IS1593eb85198d063790f7c,-1,-1
53119,SilentJ,-1,-1
53120,Captain Kris,-1,-1
53121,IS1ffb9e485464226f5e3e4,-1,-1
53122,IS160493d788003691a609a,-1,-1
53123,IS136a4b15caabd794ad7f4,-1,-1
53124,IS17b3595f466714ba50d9b,-1,-1
53125,Malacara,-1,-1
53126,IS1e99d754f030cfbaecae4,-1,-1
53127,IS1fcc48424b0bc41355740,-1,-1
53128,IS162b8bc47b481cdb7bd8c,-1,-1
53129,IS1ef9d5b93368083dd8bf3,-1,-1
53130,IS1fa00b725dbc54f11cf91,-1,-1
53131,Silentbobb,-1,-1
53132,IS1134bffe595873492c3c8,-1,-1
53133,IS17dcfbca308f424bcbea9,-1,-1
53134,IS1958b6767c85d62fc2867,-1,-1
53135,My Cock,-1,-1
53136,Demarest,-1,-1
53137,IS16537b6c849b2356dcff6,-1,-1
53138,IS1c170047610d805b8abe2,-1,-1
53139,IS1883a497732cc580f7127,-1,-1
53140,IS10a5597b93876b2a03e05,-1,-1
53141,ExhaustedWinter,-1,-1
53142,IS19e8d9b1891eec932ba2a,-1,-1
53143,IS15b997bc83fe171e022d7,-1,-1
53144,IS1d12b9ecd389b401a1300,-1,-1
53145,IS125dae1b26701340708c7,-1,-1
53146,IS18e89d44d9ead06957f74,-1,-1
53147,Morpion King,-1,-1
53148,IS11cf56edd535ac13a06db,-1,-1
53149,RafaMarx,-1,-1
53150,Stk89,-1,-1
53151,kqnAXpgx3A,-1,-1
53152,IS11919fbbae5deec117fab,-1,-1
53153,IS1489a21f0a8d47a32700b,-1,-1
53154,IS1df88a48b497873204c10,-1,-1
53155,Nossa,-1,-1
53156,Knifechase,-1,-1
53157,IS1f6b4b389eeeec9ab25c0,-1,-1
53158,IS1d95a84926ae4826e4151,-1,-1
53159,IS1ac1cb27ecd67099ba0ff,-1,-1
53160,IS13201785d12b0ebcd4b96,-1,-1
53161,IS1939e222eb57977011da8,-1,-1
53162,b1gdru,-1,-1
53163,IS1a8e05dff0e3c664f6aeb,-1,-1
53164,IS16ae760d228e70af6f606,-1,-1
53165,shadowskills,-1,-1
53166,hush1,-1,-1
53167,IS1f8e110d1c7ccc7908cb2,-1,-1
53168,IS1b9e10a46d16e621066ee,-1,-1
53169,GLORYHOLES OP,-1,-1
53170,IS12ce18ae7321671617dc1,-1,-1
53171,IS1bfc79b4faa923403b978,-1,-1
53172,IS17643eb5d1d7982b75f02,-1,-1
53173,IS144294ae503de6a9f192d,-1,-1
53174,Twojewsonecup,-1,-1
53175,IS17fbeb3070abe039418aa,-1,-1
53176,IS1b3fda886cc55829347e1,-1,-1
53177,IS1a57a4e0782a9f60e4adc,-1,-1
53178,Grrrnade,-1,-1
53179,IS1df614da3c5515a78175e,-1,-1
53180,Bevis Walter,-1,-1
53181,IS15bc16cc2571e73cbbd0a,-1,-1
53182,IS1871645afb5876c70a211,-1,-1
53183,Shixax,-1,-1
53184,IS152e700499511c0231f86,-1,-1
53185,IS1a8b55a599a5f69179d4a,-1,-1
53186,IS1d663ddce3f7915464942,-1,-1
53187,IS143af80262410e6a10225,-1,-1
53188,IS1554b876afadc3dc3281a,-1,-1
53189,IS1f358ff7e47bd0fe6c828,-1,-1
53190,7eighty7,-1,-1
53191,IS18f9f69939e1224145be1,-1,-1
53192,IS1b2106f12023aee83d483,-1,-1
53193,IS1a33328a1ca6dd69950a2,-1,-1
53194,IS1a29c78fbd84cde5ab7d5,-1,-1
53195,IS183483d8eb6523632d7c1,-1,-1
53196,a2AVNNwSMO,-1,-1
53197,Linternet,-1,-1
53198,IS12745a3596df17507f718,-1,-1
53199,jvm420toker,-1,-1
53200,IS1675fda2d2e4470abbc4e,-1,-1
53201,IS12544dd215383125d02ea,-1,-1
53202,North,-1,-1
53203,Persecuted,-1,-1
53204,IS1a9814d88864f87bf3789,-1,-1
53205,winnertube,-1,-1
53206,Miss A Suzy,-1,-1
53207,IS151f1bf844d86a7a0fee3,-1,-1
53208,Krafty,-1,-1
53209,Grenddall,-1,-1
53210,Vossun,-1,-1
53211,Seitou,-1,-1
53212,IS100d4cc3a5392795e7ca6,-1,-1
53213,hifoo,-1,-1
53214,Clashing Crows,-1,-1
53215,IS1af0cf4d13eb1b953ef9a,-1,-1
53216,Aimzorwins,-1,-1
53217,IS1b374381e2985acb1a2bf,-1,-1
53218,IS1d6255ade5d35a6184b84,-1,-1
53219,sexEfied,-1,-1
53220,IS169e34b5a62e45fbb22bc,-1,-1
53221,X5WceSTXGr,-1,-1
53222,IS1cbdc9cff4cb7ae431384,-1,-1
53223,locokidds,-1,-1
53224,The Almighty Sasquach,-1,-1
53225,IS1a40c76d1ee8a90a74e36,-1,-1
53226,Inthrall,-1,-1
53227,Dragon240,-1,-1
53228,IS16806c4360d1e787ac70e,-1,-1
53229,linstar,-1,-1
53230,IS165133cbc958d8c63642e,-1,-1
53231,IS1665fd79acb8cbbb4b61b,-1,-1
53232,Pax Sìvir,-1,-1
53233,IS19e4fb3a577be958857b9,-1,-1
53234,IS1b6ad28db5eef95b6dc0a,-1,-1
53235,IS1e6826f3c6329a5eb0ad1,-1,-1
53236,Xerexsus,-1,-1
53237,IS192709c3cf19d91f86538,-1,-1
53238,IS142112df26844c8e0224b,-1,-1
53239,IS15f4fe4c6c3a819e132dc,-1,-1
53240,jay money,-1,-1
53241,LadyOfQuasar,-1,-1
53242,IS16eed405198c82b21a37f,-1,-1
53243,IS1067a4d2d32949b576cb8,-1,-1
53244,IS1b971c7e2102673ca7deb,-1,-1
53245,82kQR7H2kH,-1,-1
53246,SoulFeriox,-1,-1
53247,IS13b5afc101002d749ceb6,-1,-1
53248,IS1f82ac4a09c7aa43bd3ff,-1,-1
53249,Vicex,-1,-1
53250,IS1f43e017013c21f6d6b5d,-1,-1
53251,IS1c9ab8b575fe3a9a93cad,-1,-1
53252,Wiseone514,-1,-1
53253,IS1b69bf50cab8fc88b94f4,-1,-1
53254,IS15cf6df38c8bf89f6ebd2,-1,-1
53255,gVIs8nf0Hx,-1,-1
53256,IS1f83c8c2caaa45e6d1f09,-1,-1
53257,Crisp,-1,-1
53258,IS1081d41cb38078f2ad917,-1,-1
53259,IS11a48602b55c8bc23c93a,-1,-1
53260,IS1ac698a7a3c79fed73882,-1,-1
53261,wynbert,-1,-1
53262,IS1a703f2795fb4b4c1b6c9,-1,-1
53263,IS1b8a0a3ca8c1db9e2fbc6,-1,-1
53264,aceshooter,-1,-1
53265,IS1c3ada3cadddbc24ce2a6,-1,-1
53266,IS182b31226e5e44813417d,-1,-1
53267,Morphinicus,-1,-1
53268,IS10d1377f4708f870d1166,-1,-1
53269,Birtz,-1,-1
53270,IS19f2ab597273c8be9b3eb,-1,-1
53271,IS139ed287945bbc4f909bd,-1,-1
53272,IS11a5ce070628292a3452d,-1,-1
53273,IS192f3f1df16696893896a,-1,-1
53274,Celerysticks,-1,-1
53275,IS1bb2081fa5931075b645a,-1,-1
53276,IS17fb75c8dd1390752265e,-1,-1
53277,IS1bfcb9aa442e484885af6,-1,-1
53278,Saojin,-1,-1
53279,Ice0001,-1,-1
53280,IS1a76cd6b2bcd4228249bc,-1,-1
53281,IS1ff6be07748fd03d72c87,-1,-1
53282,IS16082482bde71e5d87874,-1,-1
53283,IS1baf2c740ce413fed2dce,-1,-1
53284,IS1e3312da4e1295a5f1d1e,-1,-1
53285,IS1b57f4636a91e54f0360a,-1,-1
53286,IS11ac8afc899c484c21f49,-1,-1
53287,IS1ba9800cd8587f64cc2ab,-1,-1
53288,Serious Sev,-1,-1
53289,Mr W3dnesday,-1,-1
53290,cssslwsrghs,-1,-1
53291,XrmB53F19J,-1,-1
53292,Sloonf,-1,-1
53293,IS1eea4f47aed4dd8d92f1d,-1,-1
53294,ziglu,-1,-1
53295,Other,-1,-1
53296,IS1299da1adbd243b4fa91e,-1,-1
53297,IS1eddb765fd07f1a412ecb,-1,-1
53298,IS1e6a925646799196f9fd6,-1,-1
53299,IS1d873c9964cb16cab3569,-1,-1
53300,C0bain,-1,-1
53301,IS18e5b4327f6f3b159d3d0,-1,-1
53302,heznacht,-1,-1
53303,rafaelkenji,-1,-1
53304,Penzynator,-1,-1
53305,Smiticks,-1,-1
53306,IS13d4d53302971db6087e2,-1,-1
53307,IS11153cc1ab9d7144fe125,-1,-1
53308,i main alistar,-1,-1
53309,IS19ecbdbe6895b3f14af99,-1,-1
53310,GearedGeek,-1,-1
53311,IS15eed5ef826c65e2cd708,-1,-1
53312,IS12fbc006d16a5f15dd9c7,-1,-1
53313,IS143bf672d707f56af90a1,-1,-1
53314,Shoshota,-1,-1
53315,IS1c03f1f21bc6459b675a9,-1,-1
53316,IS1d61a67688e4805265058,-1,-1
53317,IS14b6d550c515159da3885,-1,-1
53318,robsullivan,-1,-1
53319,pdaA1Jfnyz,-1,-1
53320,IS1f0a2f665d0d2b285f34e,-1,-1
53321,giranimo,-1,-1
53322,IS1e52ec1672de2e275ccb5,-1,-1
53323,Iet me drown,-1,-1
53324,MustJustBe,-1,-1
53325,rancia tu wea,-1,-1
53326,IS14e708e3d05fd9d0ad510,-1,-1
53327,IS1cc3eeac48f915f109564,-1,-1
53328,xRedSix,-1,-1
53329,IS1660bb509b6fc3d4bcd9e,-1,-1
53330,IS1727f62bc59b2c4c03ea9,-1,-1
53331,IS14921dbdb9e1db1b7b0d6,-1,-1
53332,IS1e3b08a4b3899864aa49d,-1,-1
53333,IS1bdf7a9be86867ccfb554,-1,-1
53334,IS1f97d467ff8bedb40fc98,-1,-1
53335,IS1d2b0339687bdd7fcfb07,-1,-1
53336,IS10580128d83e930199e1c,-1,-1
53337,Vasuh,-1,-1
53338,toyin,-1,-1
53339,IS1a7eba389f42537cdefd1,-1,-1
53340,GingerBeardMan,-1,-1
53341,Finbar Azulos,-1,-1
53342,THE HUNTER,-1,-1
53343,IS1aa1d27e67c7098016fc2,-1,-1
53344,Splash,-1,-1
53345,IS1b5a2b292dc2e106faa2c,-1,-1
53346,thrifash,-1,-1
53347,sN7SdtLgpx,-1,-1
53348,KSB1082,-1,-1
53349,Pen1s Flytrap,-1,-1
53350,Vladou,-1,-1
53351,IS10c2176f02370a3dee032,-1,-1
53352,Chiyeung,-1,-1
53353,IS12cc7fead727ed14487ba,-1,-1
53354,IS10e0cd6b5a8755716423c,-1,-1
53355,GroundXaero,-1,-1
53356,Vietminh,-1,-1
53357,IS107e153d48d2ff8bdb520,-1,-1
53358,IS18dd4be3a8bea4fb251cb,-1,-1
53359,WV39TU9Apd,-1,-1
53360,BUCKWHEAT,-1,-1
53361,Kayoh,-1,-1
53362,IS1eda90f20369c8a0f7673,-1,-1
53363,IS1a717cbc017960bc65569,-1,-1
53364,IS1a1271963477139a804bd,-1,-1
53365,IS1125ed76d4e5a8fe30a1c,-1,-1
53366,NazTMann,-1,-1
53367,Ribonizer,-1,-1
53368,IS1f1cac137cabd09aac79c,-1,-1
53369,Strages,-1,-1
53370,IS1da2fb47511ce1d3dce7a,-1,-1
53371,BlackCow NoMilk,-1,-1
53372,Kukyo,-1,-1
53373,nywt,-1,-1
53374,IS14662e75a1211a7e426d0,-1,-1
53375,Kardlonoc,-1,-1
53376,IS1e518997e4578e42bf400,-1,-1
53377,IS161d5916592c99dadb3d3,-1,-1
53378,ksuna,-1,-1
53379,IS10a32beb561a18842fb36,-1,-1
53380,MackAttack89,-1,-1
53381,Quick Sand,-1,-1
53382,IS1ffafc30bb24502856c21,-1,-1
53383,Tokenluis,-1,-1
53384,Elephantgunn,-1,-1
53385,IS1bd7e83e9a62a6b174552,-1,-1
53386,IS1c222de6991f234ab8c5a,-1,-1
53387,hokiespokies,-1,-1
53388,4Fp8lVt5KB,-1,-1
53389,IS15a6d2b7db78cfa93c7c5,-1,-1
53390,IS1f55c4d69b35432ac26ed,-1,-1
53391,MarMoon,-1,-1
53392,IS16c49db642235581ef78a,-1,-1
53393,Gravan,-1,-1
53394,IS1bce5aec8661145686ccc,-1,-1
53395,fPvfiS2A7t,-1,-1
53396,mibu,-1,-1
53397,OboyMums,-1,-1
53398,IS148e7f404e8a9be48368c,-1,-1
53399,IS1cdb94b99cafc3cf38fbb,-1,-1
53400,IS1490ffefb7ce9ec889830,-1,-1
53401,IS1dcc1f063ccec46d3c067,-1,-1
53402,IS1a64d96cffa773ecc21e8,-1,-1
53403,bjonion,-1,-1
53404,IS1e102b49599f5577866fc,-1,-1
53405,LcuPid,-1,-1
53406,IS1a017f08e08e2484caf99,-1,-1
53407,IS1180f00979ed6c77408bc,-1,-1
53408,IS1c025bf31361dbbd10bae,-1,-1
53409,Ratsidian,-1,-1
53410,LordWeaver,-1,-1
53411,IS1f6b2a06499d355905b4b,-1,-1
53412,IS1bc672d9486a39cd22ec1,-1,-1
53413,SuprizButtsecks,-1,-1
53414,IS1b945609ca3a3a1545cfb,-1,-1
53415,GoofeyBasterd,-1,-1
53416,IS165f28daa21244e98a139,-1,-1
53417,Brett09,-1,-1
53418,inO6Y147SU,-1,-1
53419,IS128714863a68dda7e12ae,-1,-1
53420,Protus102,-1,-1
53421,IS1a88bc3cf974d9a5c66ca,-1,-1
53422,Bitterdeath,-1,-1
53423,IS12e32e7fa6cfb3fd5d00a,-1,-1
53424,IS1aad3a3cdb580eff83351,-1,-1
53425,UDuwbhab0X,-1,-1
53426,IS19e39127c07c589338a72,-1,-1
53427,Moúser,-1,-1
53428,IS1a0f3e0e98786824313ce,-1,-1
53429,IS16bf1aac964af6c1c09cc,-1,-1
53430,Zmuekitten,-1,-1
53431,rowbit,-1,-1
53432,Bidamere,-1,-1
53433,Ultrabuckets,-1,-1
53434,IS1c0f3e0854283b6ae196c,-1,-1
53435,uathrowednugga,-1,-1
53436,IS1d7c68911515ffd65d457,-1,-1
53437,IS1eede3061fd569cc2cecb,-1,-1
53438,IS1a0e8d4650ddf1510a03f,-1,-1
53439,IS11899a29ad6bf91d3816e,-1,-1
53440,IS14a8f5d987afb5faa6312,-1,-1
53441,IS1dd5f0316d324096062b1,-1,-1
53442,LnEAHnyqYI,-1,-1
53443,IS16bccb78ac0609dd8514a,-1,-1
53444,IS106bbdca297e5fe9d781c,-1,-1
53445,IS1a270346f5c927775af8e,-1,-1
53446,IS1c655bc21349291f26143,-1,-1
53447,IS196f989800f86e93a812f,-1,-1
53448,IS171587fcd0ece7845f7dc,-1,-1
53449,Denthor,-1,-1
53450,swordartgame,-1,-1
53451,IS1fc77272f5c07cb8a6af5,-1,-1
53452,maddogpcgs,-1,-1
53453,gghyuga,-1,-1
53454,gyaki,-1,-1
53455,maxthegreat,-1,-1
53456,IS1c066c93d1845e9eaa7dc,-1,-1
53457,IS1eba9085029cd82d930e4,-1,-1
53458,IS100a4636686f4484c50e4,-1,-1
53459,Deadian,-1,-1
53460,IS11efcc57cb918507e990c,-1,-1
53461,Z2 Bard,-1,-1
53462,FrostWolf1023,-1,-1
53463,CrazyFire,-1,-1
53464,IS199540fd72c576d2bf626,-1,-1
53465,IS1cdc7a59446f51348150e,-1,-1
53466,dktrue5000,-1,-1
53467,puppetmir,-1,-1
53468,IS1258d7f0f3f452e13a13d,-1,-1
53469,Zweiblumen,-1,-1
53470,Seano,-1,-1
53471,IS1b5d21e24cc4e1119ceb4,-1,-1
53472,IS16ef962af1b74979e40da,-1,-1
53473,Jmaxwell,-1,-1
53474,IS1abda782fa372874a4fa6,-1,-1
53475,IS13a7cea8e1e0ca8daacaf,-1,-1
53476,nooch,-1,-1
53477,Ebaneezer,-1,-1
53478,IS12ab53cece6063ebf4d29,-1,-1
53479,DevilsReflex,-1,-1
53480,Mordarke,-1,-1
53481,IS1cb5d20e078fad787380a,-1,-1
53482,IS11b21d01ffe9cb9f9c1d1,-1,-1
53483,IS123cd5557eccc30cca9f5,-1,-1
53484,IS180469ce0c82d59d3ca33,-1,-1
53485,Lithtos Dallomein,-1,-1
53486,Rschel Csrl,-1,-1
53487,IS14e423187696abca23a60,-1,-1
53488,MrGuanja,-1,-1
53489,IS14d2cd19361a4b9bb0990,-1,-1
53490,IS18f6420fda7958957538c,-1,-1
53491,IS173b3b4bcfae1f8400312,-1,-1
53492,IS1e23eceed799209ae7be8,-1,-1
53493,IS1c31589ee16312c09d542,-1,-1
53494,noFun luncH,-1,-1
53495,TheBubba,-1,-1
53496,BigMuxilinni,-1,-1
53497,Manetheren,-1,-1
53498,BigBossCal23,-1,-1
53499,IS172ffe6f97b78417c88ef,-1,-1
53500,OrbitalPulse,-1,-1
53501,Aviyes,-1,-1
53502,Lustrousdude,-1,-1
53503,IS118f63a3a78cec2a6e83d,-1,-1
53504,gzaza,-1,-1
53505,Kryptiger,-1,-1
53506,achille5,-1,-1
53507,skninja,-1,-1
53508,IS120634d46f24306253924,-1,-1
53509,IS1089135ff7acd62567221,-1,-1
53510,IS147c44de83d0ed40ad1ce,-1,-1
53511,IS13505ed74f24135475387,-1,-1
53512,IS190978df0b4d85c5736be,-1,-1
53513,IS14b5f629861defddc2099,-1,-1
53514,luciane,-1,-1
53515,zhulander,-1,-1
53516,IS1237e650116bc579d0d08,-1,-1
53517,IS168f85ded9ffec389686c,-1,-1
53518,IS10a6f7f70c8cac70bca85,-1,-1
53519,IS1e9dda7f15a0ae7a54bf4,-1,-1
53520,IS1e5775e6229ca3d69577c,-1,-1
53521,Treeees XD,-1,-1
53522,IS1d5909e084e7d964065d4,-1,-1
53523,Bluporo,-1,-1
53524,IS1600e8ecc96abac3f0043,-1,-1
53525,IS1f40d6a70cf1ddf74b2ca,-1,-1
53526,IS1ec8f367f3fa4d63f81e2,-1,-1
53527,NniDTKEv8Y,-1,-1
53528,Ebonics,-1,-1
53529,05RysbalE8,-1,-1
53530,IS1e62f2da83f5ae92c5915,-1,-1
53531,Raxom,-1,-1
53532,TheXing08,-1,-1
53533,Tyrux,-1,-1
53534,Storend,-1,-1
53535,IS1d5df7c67ec576e9e8f9a,-1,-1
53536,Sachrilege,-1,-1
53537,IS1f439e57c954aec7e0a26,-1,-1
53538,Terror man,-1,-1
53539,IS1fdb551b12e17449f67bc,-1,-1
53540,AuHuSviDuD,-1,-1
53541,FuzzyMatty,-1,-1
53542,IS1925824cb00f8a443abff,-1,-1
53543,Kiat,-1,-1
53544,IS128eb2770dabf88c02105,-1,-1
53545,IS18895b85d114c88eb6638,-1,-1
53546,JisSizb201,-1,-1
53547,IS103011b066d6372068b36,-1,-1
53548,HIsS7TgwNW,-1,-1
53549,vv2,-1,-1
53550,45128989,-1,-1
53551,IS1f6a6e0e8731c72a0021d,-1,-1
53552,IS12ec13e8d5d9526fe15a3,-1,-1
53553,IS1105d4232a17e8c1248db,-1,-1
53554,brainrotator,-1,-1
53555,IS1c5331d72443a8597e991,-1,-1
53556,IS1628c7e556aa22cdbdd40,-1,-1
53557,enZy7OBF1F,-1,-1
53558,IS18d2ac79a613bc71209e2,-1,-1
53559,IS17f65e8f3321caaee6ec3,-1,-1
53560,IS1712bc4683a6848d7b69d,-1,-1
53561,z4BpNY4fhw,-1,-1
53562,MyEveningWood,-1,-1
53563,AsianDan,-1,-1
53564,Studio,-1,-1
53565,IS19c5853aa3a3fbcbc7ea6,-1,-1
53566,IS1cf5309a1c496e9eb8e94,-1,-1
53567,YaHa,-1,-1
53568,3pD1VGFCSX,-1,-1
53569,IS16ef318d53ecd59b53dfb,-1,-1
53570,Daakon,-1,-1
53571,Z3 Zar,-1,-1
53572,ChiefSpecialK,-1,-1
53573,IS1f23a4287dcd5d0d2e5f7,-1,-1
53574,Noctera,-1,-1
53575,9IQS4LE6g5,-1,-1
53576,IS1f775d267fd910480d14a,-1,-1
53577,Wiggity Womp,-1,-1
53578,IS17cdf62324ba7d74e1c43,-1,-1
53579,nav148,-1,-1
53580,IS138139dabb8d50d1e1de7,-1,-1
53581,IS186b850844e4197706453,-1,-1
53582,IS102c2676352793b59bebd,-1,-1
53583,Athanasius,-1,-1
53584,DreyDen,-1,-1
53585,tombking,-1,-1
53586,IS1b0f08fbeb001f87e77a5,-1,-1
53587,IsraelLucas,-1,-1
53588,IS17de3f9348936bfbdc345,-1,-1
53589,IS1e37e448342836120b733,-1,-1
53590,Diceclip,-1,-1
53591,tempname4566,-1,-1
53592,GrandWar,-1,-1
53593,StormX,-1,-1
53594,IS1092c2c74d224aac6e141,-1,-1
53595,Arcadin,-1,-1
53596,i aint smurfin,-1,-1
53597,IS1de93a0dc38fe90e063bb,-1,-1
53598,IS19e433e22851b8251a3e5,-1,-1
53599,IS157cf8b2b24e4608bda14,-1,-1
53600,IS1fd939a71f0d2c99dd8a8,-1,-1
53601,IS11a8ac407499a2cc9f073,-1,-1
53602,IS1ba7ef1d2d7e48aa94b39,-1,-1
53603,Malcan,-1,-1
53604,IS13e646d09179b2face0ee,-1,-1
53605,Grimula,-1,-1
53606,IS1e4e1ba4b680f4f66ab32,-1,-1
53607,IS1e5a227b37a636a044051,-1,-1
53608,IS1a4b502560a84162b333d,-1,-1
53609,IS1f4fbf8b5c59054a96cc1,-1,-1
53610,IS1d2fe4e706dc4bcfe7a50,-1,-1
53611,DatBlade,-1,-1
53612,IS173827bd69e5403531ff4,-1,-1
53613,Wiz1974,-1,-1
53614,BoopKnight,-1,-1
53615,IS113dc0c320b2894fd000b,-1,-1
53616,Doombringr,-1,-1
53617,IS11831d30d5f712fcdfda3,-1,-1
53618,LickaMahBooty,-1,-1
53619,IS13903d1d1137a66048c4b,-1,-1
53620,IS18ed8b63d4c2ab881ea07,-1,-1
53621,IS174bebbe9454a6c1a49e1,-1,-1
53622,IS13da9a5e208471fe9fc4e,-1,-1
53623,IS19c4e000ccb177076f1a0,-1,-1
53624,Tewfik,-1,-1
53625,Nihao,-1,-1
53626,Nooblet0023,-1,-1
53627,Willah,-1,-1
53628,IS137ca7216f87c7fd7deb0,-1,-1
53629,Yokuho,-1,-1
53630,MoonCrush,-1,-1
53631,Despotellis,-1,-1
53632,IS1afbcdc329202e5ce54f4,-1,-1
53633,IS1380d2ee406d6d9cb64ad,-1,-1
53634,westopher,-1,-1
53635,IS1f4e93ad31061c47686c7,-1,-1
53636,PsYmOnSeZ,-1,-1
53637,Dekus,-1,-1
53638,IS10e741a4618810a252f1c,-1,-1
53639,IS1f75a521fd7ce1086d818,-1,-1
53640,IS1ec65e38c949a2aea6258,-1,-1
53641,TioFuMLK,-1,-1
53642,IS1b173084a4b254fd28f89,-1,-1
53643,IS137e7b3435b7b2061444b,-1,-1
53644,IS149d8a5d1ec681a91e378,-1,-1
53645,IS1294d26cdeb046b221347,-1,-1
53646,Haveplant,-1,-1
53647,IS17571132c382c1ec4175b,-1,-1
53648,IS173ab445ac5f735efb92b,-1,-1
53649,Shendo,-1,-1
53650,IS1be407ead358dbd0355a3,-1,-1
53651,shadingaling,-1,-1
53652,IS162d9f639cf2ec608f8c4,-1,-1
53653,e8fIbILulM,-1,-1
53654,IS152e36b40237cf2fcdad8,-1,-1
53655,IS1c62364974ff94af60090,-1,-1
53656,IS1c3a15254f37a22f6e5d6,-1,-1
53657,Kelthuzad,-1,-1
53658,IS17c392732830c8d6e1f5d,-1,-1
53659,IS1310a5c45179494e6d3e2,-1,-1
53660,CosmicWarbear,-1,-1
53661,IS1d3fec3e3dcd87d7447e5,-1,-1
53662,IS1856dee8a111c1eb04847,-1,-1
53663,Nusteyr,-1,-1
53664,Geekcheck,-1,-1
53665,IS195d3d47c0ad3663ad717,-1,-1
53666,IS1a3fd72fa043691402f2f,-1,-1
53667,IS162b9589f91933598bcb2,-1,-1
53668,therealkylo,-1,-1
53669,Deadiam,-1,-1
53670,IS15aca603b3075e8390738,-1,-1
53671,IS190741b4bb6e2d48476ce,-1,-1
53672,IS125979ba3ebd0c0d7aa68,-1,-1
53673,IS1e83efd2d566258f8ac76,-1,-1
53674,Superbruce,-1,-1
53675,IS1c194be3a29bf7113ff35,-1,-1
53676,IdriveaBimm3r,-1,-1
53677,IS1eb48e04d0f546b8d0cf6,-1,-1
53678,IS1e387549fe2782207fac8,-1,-1
53679,Meetwad,-1,-1
53680,1pSuYZXafx,-1,-1
53681,IS1c30611fca03b05071693,-1,-1
53682,IS157d8f6c4762984b15cdf,-1,-1
53683,3x6pRXh4tu,-1,-1
53684,IS128a61e45b2e5b4e100fc,-1,-1
53685,Musicy,-1,-1
53686,malistroi,-1,-1
53687,IS1f9b261d97d4f72bd8cf1,-1,-1
53688,Frozar,-1,-1
53689,jXk5tCZaq8,-1,-1
53690,Stizzit,-1,-1
53691,balmung135,-1,-1
53692,krizard,-1,-1
53693,LISTERofSMEG42,-1,-1
53694,IS14fe70634ef1d30b1fff1,-1,-1
53695,jammastaj,-1,-1
53696,Midnyter,-1,-1
53697,Tinkertrain,-1,-1
53698,Alzrech,-1,-1
53699,Glovebox,-1,-1
53700,TheRiver,-1,-1
53701,AbLege,-1,-1
53702,IS1d54743bba11e4ec9a116,-1,-1
53703,IS1ba09e7f6cf8b33eca257,-1,-1
53704,Distract,-1,-1
53705,IS15950be6f24402a1440e6,-1,-1
53706,sumiface,-1,-1
53707,IS10a09edf738196fa2e49a,-1,-1
53708,Drackolee,-1,-1
53709,shortiepants,-1,-1
53710,Ranezu,-1,-1
53711,Dedu,-1,-1
53712,Pyrok,-1,-1
53713,ghote,-1,-1
53714,Cronomaru,-1,-1
53715,IS17f156773c8a4551bad47,-1,-1
53716,MrIDDQD,-1,-1
53717,DarkWHITE,-1,-1
53718,Barrymore,-1,-1
53719,Pindarus,-1,-1
53720,IS11cfbac4352b1ea6a9470,-1,-1
53721,MattSeiz,-1,-1
53722,IS136028c401d296f48a66a,-1,-1
53723,RitoPlz10,-1,-1
53724,zobby,-1,-1
53725,Squ33k,-1,-1
53726,IS1a4dda93d6a2bfc3a6b7d,-1,-1
53727,IS1c1c7bebe7aff543e448a,-1,-1
53728,IS1a28ddb93c7ac380a6184,-1,-1
53729,IS13072923820fdb989abf1,-1,-1
53730,5itWtVv5Q0,-1,-1
53731,Ninneo,-1,-1
53732,QWDlPlCDfU,-1,-1
53733,IS1eb610705af68ca6b245f,-1,-1
53734,IS143ed9edd74474543b3a6,-1,-1
53735,IS191e9cac62b394750f8bf,-1,-1
53736,IS19961e473e22ce4505215,-1,-1
53737,IS15745c0af55bd2c17f806,-1,-1
53738,IS1f7bd41546833f470602f,-1,-1
53739,IS12dcbd818fd7b24c23062,-1,-1
53740,IS105faf65b2e6a8acda575,-1,-1
53741,sinizuh,-1,-1
53742,Violus,-1,-1
53743,Liebesvb,-1,-1
53744,Neji,-1,-1
53745,IS1b147dd4c4f6804994230,-1,-1
53746,IS1b3e6f36abb5d7addee43,-1,-1
53747,IS13ae02bd47c6822866c69,-1,-1
53748,IS13a6818312ed203044759,-1,-1
53749,IS1d70703395223617c0b1a,-1,-1
53750,Jyn Ersø,-1,-1
53751,IS127a7ce3ed7de9881a60c,-1,-1
53752,IS1edd8de57f376576d9287,-1,-1
53753,IS110016a946a1f2b6d1f3f,-1,-1
53754,IS158c8c9d3a2cf0ff03541,-1,-1
53755,IS16400d5cac29f6bd6e442,-1,-1
53756,IS19fb3cdcf1284d3e29ad0,-1,-1
53757,itnoj,-1,-1
53758,IS17c7365a4fa51e431e2b7,-1,-1
53759,tmtrebor,-1,-1
53760,Skythe,-1,-1
53761,IS107dc5335413b767ff0cc,-1,-1
53762,IS1ca843473971b91a6fb99,-1,-1
53763,majinle,-1,-1
53764,IS14a750094d66cde12f9cd,-1,-1
53765,IS162c576202e7bac802916,-1,-1
53766,IS155afafaed694abf05a06,-1,-1
53767,IS1e215f31e20a5c4e7a768,-1,-1
53768,IS1a499df7a85133f5a69d9,-1,-1
53769,IS1e664f31705422e730136,-1,-1
53770,CameronAero,-1,-1
53771,IS115230897ea8b75c7500a,-1,-1
53772,IS1f4ac2c17776b1c2d3556,-1,-1
53773,IS19a09d6fe73e39fd6e967,-1,-1
53774,Psyco,-1,-1
53775,IS127066cdca0dd1b8d8d35,-1,-1
53776,crysnamtodshire,-1,-1
53777,IS130ff3eee0b930c42cc3e,-1,-1
53778,Point6,-1,-1
53779,4nic8,-1,-1
53780,AlphaPrime,-1,-1
53781,IS1b05be30a2e61f67f9945,-1,-1
53782,IS16e80d08f8956c6c1841d,-1,-1
53783,IS13096f39b02c95a202999,-1,-1
53784,IS153946c7338376446d337,-1,-1
53785,pennitent,-1,-1
53786,EagleEye007,-1,-1
53787,nd51p3p0mu122,-1,-1
53788,IS120efbd3c3e8186c04938,-1,-1
53789,IS18748d62b0ef3ded1f7f3,-1,-1
53790,6EGzqkBGDD,-1,-1
53791,IS147fb2a0bfa16d60d4608,-1,-1
53792,IS1eda700eee12aba312805,-1,-1
53793,IS16119ecdf1860dd9c6489,-1,-1
53794,Orber,-1,-1
53795,IS1b46bf36e2339df338d87,-1,-1
53796,Sevastien,-1,-1
53797,Osmundus,-1,-1
53798,IS17c36b960d63f28c8ac0b,-1,-1
53799,IS167b66e336a1862f9b3f3,-1,-1
53800,IS18cece01469aa88d26fb5,-1,-1
53801,fgaf,-1,-1
53802,Senatorcrafty,-1,-1
53803,IS1afffe060ac4a06f0969e,-1,-1
53804,IS1d3a093da2f3858e003ec,-1,-1
53805,IcyTorment,-1,-1
53806,PNgJvpsBZn,-1,-1
53807,DDevourer,-1,-1
53808,IS1eadaf70891544294f0bd,-1,-1
53809,hypnic,-1,-1
53810,CjoJisqsNq,-1,-1
53811,Doge must die,-1,-1
53812,Marshallis Lodgium,-1,-1
53813,IS124aec0ae9a190725bc0a,-1,-1
53814,SucraM BR,-1,-1
53815,IS170c9694dd71df296a978,-1,-1
53816,IS14db51af71447dfd96d23,-1,-1
53817,IS1a98bdb51209b9dabcfb4,-1,-1
53818,IS12cfd47218e8b966b7888,-1,-1
53819,Lime Fiasco,-1,-1
53820,IS1080936543a85cc1784d8,-1,-1
53821,IS132faab0d7c744c648ed3,-1,-1
53822,IS19f4573f346bf5acd8e88,-1,-1
53823,The7thLegion,-1,-1
53824,thedudeman,-1,-1
53825,Molex,-1,-1
53826,ALth0r,-1,-1
53827,IS10466e9ffbde7e64c9871,-1,-1
53828,metaleckz,-1,-1
53829,IS19d3d5435f844db910271,-1,-1
53830,IS1b4ae83da0abbbf9ae313,-1,-1
53831,IS19fab1af38bc25e84e0bf,-1,-1
53832,Hawk of Oran,-1,-1
53833,IS1ef6f1f411321caecdf43,-1,-1
53834,IS1812a40696eb2f3dc06a0,-1,-1
53835,IS1d51d4f7003dccaa4044e,-1,-1
53836,IS148828258e6aea6506129,-1,-1
53837,kallango,-1,-1
53838,Hatsuo,-1,-1
53839,js7ozhecUc,-1,-1
53840,vttp253BeY,-1,-1
53841,IS19f8ab6e4b3e224be3c02,-1,-1
53842,Barharroth,-1,-1
53843,IS11f131b40d64990775898,-1,-1
53844,IS1eaf36e67d2fa2531bb75,-1,-1
53845,IS1af0b391c7b912c844dba,-1,-1
53846,IS1cb08170b328543f0d0ee,-1,-1
53847,jFWrQT8KgM,-1,-1
53848,Gethyss,-1,-1
53849,IS19e568ac6c954e49bdce6,-1,-1
53850,PrudenSe,-1,-1
53851,IS1b080173ae07dc8b9f810,-1,-1
53852,IS1527cdb6a0df3c49e6097,-1,-1
53853,Shevanel,-1,-1
53854,IS11bc7c852f65f791692ff,-1,-1
53855,IS1708d5d5031425cd0fe5a,-1,-1
53856,IS174f31b5a6c666d2608cc,-1,-1
53857,IS1b0b55c4ea3befa9701c1,-1,-1
53858,Daiterne,-1,-1
53859,IS156df516519029bb904af,-1,-1
53860,Epic Reject,-1,-1
53861,IS1048420b583ec1ca7040f,-1,-1
53862,eheh,-1,-1
53863,IS1b3a5516ad733073083d5,-1,-1
53864,IS1b38c33bed29b6f57d2e8,-1,-1
53865,partyeverynighte,-1,-1
53866,IS1884e1a50ad352b272730,-1,-1
53867,IS1c07eba4821be9881cf91,-1,-1
53868,Seanzy,-1,-1
53869,IS138d8ce205ce39220bcb7,-1,-1
53870,B800SVZvfk,-1,-1
53871,Lavalon,-1,-1
53872,IS1bb77b648227b53083662,-1,-1
53873,IS19bf019e7f685596efcd6,-1,-1
53874,IS1db6e1a79c2417787a0e0,-1,-1
53875,IS15504238b83e35457c3d5,-1,-1
53876,LadyGuardian,-1,-1
53877,Sol Kyoshiro,-1,-1
53878,Sagara,-1,-1
53879,Eaphx,-1,-1
53880,Kupikimijumjum,-1,-1
53881,Satanobot,-1,-1
53882,kpL6CsurPz,-1,-1
53883,IS170e4bbde0dd27807aea4,-1,-1
53884,IS10fcd0fb4da3b8c808f91,-1,-1
53885,IS1f047e1f2d6259bacf94d,-1,-1
53886,IS110b2b3af685ceebcf696,-1,-1
53887,IS1ca6ee67129d6db9a35bc,-1,-1
53888,IS1f50b7ad0e11b487ad9e6,-1,-1
53889,VLcOPSU3AV,-1,-1
53890,IS12acccea5a7fb0a4000e3,-1,-1
53891,IS1687aec9917c1bb53a5df,-1,-1
53892,IS1114696d47aec0fb50c2f,-1,-1
53893,IS1b07f74660a6359471336,-1,-1
53894,IS1b7bd92930c1526a0386e,-1,-1
53895,IS11207dbec7ee3cf81f0e5,-1,-1
53896,IS1b6948ed0000ac67313fc,-1,-1
53897,Shadewolfe,-1,-1
53898,IS147e1f0868933984978f1,-1,-1
53899,IS141cde6329cc28e79c627,-1,-1
53900,IgnisPhase1,-1,-1
53901,IS128d192ea33b2e3d081ef,-1,-1
53902,Minivan,-1,-1
53903,Nothus,-1,-1
53904,IS1f8919fcee3b91a3552fe,-1,-1
53905,Tankzo,-1,-1
53906,dodadoodoo,-1,-1
53907,IS17eea275873110b9cad4e,-1,-1
53908,Swifta,-1,-1
53909,IS140b22130c27be4516b49,-1,-1
53910,Vaen,-1,-1
53911,Jaybent,-1,-1
53912,Seriphim,-1,-1
53913,Chaosbreed,-1,-1
53914,IS1ef5b410b6962def2e263,-1,-1
53915,wazzupi,-1,-1
53916,Evil Lean,-1,-1
53917,IS181718c8a00ec89cbc71d,-1,-1
53918,Polokins,-1,-1
53919,IS1bb7f689e6a5e0c4ab2a2,-1,-1
53920,IS18e91e048a40a0280246b,-1,-1
53921,IS1f630bd63e8ee5d1cf002,-1,-1
53922,IS1f456b315d40f7e4ece32,-1,-1
53923,mukaking,-1,-1
53924,IS15a635df3e0d98ea514a4,-1,-1
53925,Sefius,-1,-1
53926,IS128b8a8925d2045dfc1e6,-1,-1
53927,Tastedissbalut,-1,-1
53928,IS19b218a323fe10da3a3ef,-1,-1
53929,melacine,-1,-1
53930,Scotty2hotty,-1,-1
53931,IS1892197c5fc1743f2d3b1,-1,-1
53932,ShrektDude,-1,-1
53933,IS1d12cc7a11cbb152b1dfa,-1,-1
53934,Ryu Akechi,-1,-1
53935,mpotter,-1,-1
53936,IS17e6d43cd1216dcf0e3e6,-1,-1
53937,Dethloc,-1,-1
53938,Vedymin,-1,-1
53939,MaelstromCraft,-1,-1
53940,jimmypower,-1,-1
53941,IS1778a52789d13d8a1a00f,-1,-1
53942,IS12aaa6713f4faa33f4763,-1,-1
53943,Hargam,-1,-1
53944,Duplezee,-1,-1
53945,cristhiam david,-1,-1
53946,IS1f2496e1c103d51dabceb,-1,-1
53947,dimz0n,-1,-1
53948,IS1e39b958715ce6f873388,-1,-1
53949,IS134dba4fd8ec23986949d,-1,-1
53950,IS19c4d9f8554e6cdaa578c,-1,-1
53951,IS16ac9f40181024d2dfd09,-1,-1
53952,IS15f5d2839e5fcc7b89812,-1,-1
53953,IS104ec7d1e9f4f407734ef,-1,-1
53954,Yotee,-1,-1
53955,Rengleif,-1,-1
53956,derekp,-1,-1
53957,Marshmeloow,-1,-1
53958,IS158434eea6b8e822d003d,-1,-1
53959,IS140c30d0c7ffec4ba41c7,-1,-1
53960,MANonCRACK,-1,-1
53961,Hakmar,-1,-1
53962,IS1e6268d6d36094707c21d,-1,-1
53963,IS1ee06f522edce4eec60ea,-1,-1
53964,IS1c5011bb0923a8a391979,-1,-1
53965,IS1b424056808b793bef04f,-1,-1
53966,IS1fd8c7e5c81653ce4c2fd,-1,-1
53967,Doomknight,-1,-1
53968,deviantintegral,-1,-1
53969,Spanky55,-1,-1
53970,Nider,-1,-1
53971,IS1613ed16ab2a1cdb2cf35,-1,-1
53972,IS162737fa785a78c7c2380,-1,-1
53973,Infinitis,-1,-1
53974,Cholador,-1,-1
53975,IS1c2ea3318c601f13beb0d,-1,-1
53976,IS1770d06ea7e87b5dcb820,-1,-1
53977,IS1646a6e7d53e8c2f2aa35,-1,-1
53978,thelawkim,-1,-1
53979,IS1e2b226066184d0e0216b,-1,-1
53980,Oakum,-1,-1
53981,TheSmartOne,-1,-1
53982,IS1dd0d3edb3d3829366744,-1,-1
53983,Unoluv,-1,-1
53984,IS1b8667beac932d7a1d457,-1,-1
53985,PatDoHere,-1,-1
53986,Count Of Balboa,-1,-1
53987,IS146ee3eb76dd21205e00b,-1,-1
53988,Demgel,-1,-1
53989,NTCrayons,-1,-1
53990,Amaymon,-1,-1
53991,TheLoneGeek,-1,-1
53992,IS14d25e020acdba4c23e04,-1,-1
53993,IS19464422f3d8300713d10,-1,-1
53994,IS1e3a7f4c921ccfdcecabd,-1,-1
53995,IS13e6aece6a5e13902212f,-1,-1
53996,IS1721e38ed2e417ac7aa79,-1,-1
53997,Zyluss,-1,-1
53998,IS1f090063f36d64268dd97,-1,-1
53999,IS19d4921de4db30894c47c,-1,-1
