54000,IS1c93112f7e028504f4411,-1,-1
54001,Yehitsmikem,-1,-1
54002,Toxor,-1,-1
54003,Tuer,-1,-1
54004,IS13a16a88ddc3883b32f49,-1,-1
54005,Swine Flu Shmu,-1,-1
54006,Zetsurin,-1,-1
54007,IS10eb81b32ad893dcdbba6,-1,-1
54008,IS1a472ddc838bdddb099f8,-1,-1
54009,IS1e25092de624c38a95691,-1,-1
54010,Jyser,-1,-1
54011,MtPPX20AHX,-1,-1
54012,Achmed the Snake,-1,-1
54013,BlackBankai,-1,-1
54014,IS16abfa1797c0eb12e41ba,-1,-1
54015,IS18d1c2b401480d89180d8,-1,-1
54016,IS136a8ab2e71cc6c86cdbe,-1,-1
54017,IS1de7e62c9ada6c0550a8b,-1,-1
54018,2UXxKCOfM8,-1,-1
54019,IS173bcd7b5a2f97fdaacd3,-1,-1
54020,IS1bb5c6325b119b3189d21,-1,-1
54021,A Dope Potato,-1,-1
54022,malsd2,-1,-1
54023,Pooton,-1,-1
54024,IS1c66d87f80d1de9ebd899,-1,-1
54025,IS1659a50266e85255bae68,-1,-1
54026,IS1dba80018c99c8efe7d48,-1,-1
54027,IS1b760d4d7c5d5568f02a0,-1,-1
54028,Blooddimond,-1,-1
54029,Saar,-1,-1
54030,Haylstrom,-1,-1
54031,IS16b526989b9a1b9e0d736,-1,-1
54032,IS133d54fa17a66f83823b9,-1,-1
54033,thisisandy,-1,-1
54034,Heavens Voice,-1,-1
54035,Jethah,-1,-1
54036,Xrayted,-1,-1
54037,Captain Solo,-1,-1
54038,jHF6DtWC3z,-1,-1
54039,IS1c3df903455a15e9c9bbe,-1,-1
54040,IS1875232823d5d7aa63e70,-1,-1
54041,IS1857dd6d7422f0391a587,-1,-1
54042,Kuroyan,-1,-1
54043,IS18b31ac3f249fdcdf949e,-1,-1
54044,LeeSeungHun,-1,-1
54045,IS1032529068c82377fddae,-1,-1
54046,Simplicity Lost,-1,-1
54047,MastrFett,-1,-1
54048,Queen Rammus,-1,-1
54049,IS101e09de3dac606f6872c,-1,-1
54050,IS110ce0f3de8944c37f384,-1,-1
54051,Acolyte,-1,-1
54052,IS19aaf1ec9563bbac40582,-1,-1
54053,meef,-1,-1
54054,IS122bc4da88aee5744627c,-1,-1
54055,IS16e18356333cf47923e09,-1,-1
54056,IS13cf73e9219af28a5a5c7,-1,-1
54057,AzoriusII,-1,-1
54058,Rexxigar,-1,-1
54059,IS1616bed37abe0b6eea581,-1,-1
54060,JordoCoo,-1,-1
54061,IS174d053a279e8e2eac3a0,-1,-1
54062,ConBad,-1,-1
54063,IS119aebcea783d1eacab44,-1,-1
54064,IS18ffaf46cc4ad10ec22a9,-1,-1
54065,Atroi,-1,-1
54066,IS1d4f84e435a5f9ee240a0,-1,-1
54067,IS11225cd026929c439dd5e,-1,-1
54068,IS18093c49a2f896d5e22d7,-1,-1
54069,IS1b31022590600ed433116,-1,-1
54070,Sapphyre,-1,-1
54071,IS1632970ab194d94844eff,-1,-1
54072,IS169e890a07b83a1439008,-1,-1
54073,Jiirce,-1,-1
54074,BORN IN 1948,-1,-1
54075,Magepad,-1,-1
54076,Crimen,-1,-1
54077,Enraiya,-1,-1
54078,tqPrO67ncs,-1,-1
54079,IS1ea9e7ea607273139288e,-1,-1
54080,IS1eff91959225490b96e68,-1,-1
54081,IS18eb94bb678334b8a8d46,-1,-1
54082,IS114eb2d32d6925d7c7332,-1,-1
54083,kKei,-1,-1
54084,IS192e8892fd40b8968daf6,-1,-1
54085,IS1a2f86a34cb4361895b78,-1,-1
54086,IS16ead8bc175dd25fb98d9,-1,-1
54087,IS18bb2a7994ac9789588df,-1,-1
54088,IS135a74640cf784b94e5d2,-1,-1
54089,IS1a438c938386a2cba309d,-1,-1
54090,Picii0RBit,-1,-1
54091,Wazzabi,-1,-1
54092,IS146e615d78c0f6cf0a277,-1,-1
54093,Eccentrikit,-1,-1
54094,IS13462cf1be9be349d02df,-1,-1
54095,Catastrophelol,-1,-1
54096,Dravis,-1,-1
54097,grazzlebog186,-1,-1
54098,BaronVonDiggler,-1,-1
54099,Reuga,-1,-1
54100,Overated,-1,-1
54101,IS1c3b788af763f8353ff1f,-1,-1
54102,Forlan,-1,-1
54103,IS1eb1dc604efcdd6a4013f,-1,-1
54104,IS1fbf757b0eede4951d224,-1,-1
54105,IS1d25701dc8ddb10eb3980,-1,-1
54106,IS171f61fec9d108e57dbbb,-1,-1
54107,IS11f0bd3cd05d8c2f701c6,-1,-1
54108,IS1545591721c64b5c69963,-1,-1
54109,Lansan1ty,-1,-1
54110,KuroOniichan,-1,-1
54111,ervinpnoy,-1,-1
54112,VanPalt,-1,-1
54113,X Trip,-1,-1
54114,IS1964728e96bc8c8720e5d,-1,-1
54115,Pyromartyr,-1,-1
54116,DMT Trip,-1,-1
54117,IS1c98b78d704732972df63,-1,-1
54118,IS115796b3cddf2a9a20aea,-1,-1
54119,IS1b3561d351a5b3f7ed5c4,-1,-1
54120,lordkiles,-1,-1
54121,nieley,-1,-1
54122,CheLCheL,-1,-1
54123,IS189d14352ff3593172447,-1,-1
54124,Arcade Harambe,-1,-1
54125,Splaingy,-1,-1
54126,Heobitbay,-1,-1
54127,IS1ed892f4790b8b1a2cd53,-1,-1
54128,Gamelo X,-1,-1
54129,IS1a1f48c0938ab8098b9e2,-1,-1
54130,IS14230aba783d1a3acc847,-1,-1
54131,dbdbLl,-1,-1
54132,Benzadrine,-1,-1
54133,Abenaki,-1,-1
54134,Tenrosei,-1,-1
54135,Ome1I6TEtF,-1,-1
54136,IS101cc13bb63c93c0d8076,-1,-1
54137,TABLE AND CHAIRS,-1,-1
54138,IS10b5b8f6cdc638,-1,-1
54139,Wiet,-1,-1
54140,pyrochickin,-1,-1
54141,TonyTheTiger,-1,-1
54142,Elminster67,-1,-1
54143,IaYoCiH98m,-1,-1
54144,IS12d355c5f21327066a2da,-1,-1
54145,IS1b422b9dbfc3e74772a03,-1,-1
54146,IS14f7508097af0d97429ca,-1,-1
54147,IS1e2e3a1a90dfbfc27fd86,-1,-1
54148,IS153cc18e54514e01a978f,-1,-1
54149,IS1e1e39299babb651a2c56,-1,-1
54150,Bubz,-1,-1
54151,KilEcs Strike,-1,-1
54152,PKTdropbox,-1,-1
54153,IS19a6745aaad55ae4d5ed4,-1,-1
54154,IS1e8a5f5881b8a467c809c,-1,-1
54155,BloodfuryTyr4nt,-1,-1
54156,IS1dd1602b147082632c9a2,-1,-1
54157,IS1e104b7e183f89d765b9f,-1,-1
54158,IS120eb04c6b6c21b7746bf,-1,-1
54159,Seansy,-1,-1
54160,IS167553177ebf450915443,-1,-1
54161,IS13f3648de408b96cc4a6b,-1,-1
54162,IS1c3e787524ba2289dc643,-1,-1
54163,RZSaiTfDWl,-1,-1
54164,8v1ak8ORhA,-1,-1
54165,IS1dce1ef66eb6c5a5c7db9,-1,-1
54166,IS1a6c2673c09c1769799cb,-1,-1
54167,IS16e113c2c1bae5658870f,-1,-1
54168,IS1dbd570174ed214e77d9c,-1,-1
54169,e241qdwVGS,-1,-1
54170,IS1596311d7299b734e97ef,-1,-1
54171,IS14a0ada118e6d70fc7a71,-1,-1
54172,XiaoShow,-1,-1
54173,IS131dbd9c2e70b9d042495,-1,-1
54174,IS1b71f77b9c9df9927ed5a,-1,-1
54175,IS175adfcacc149fe886c75,-1,-1
54176,IS1935a92ef1f5e332ff63d,-1,-1
54177,IS17f9cc6400d051e46ec8a,-1,-1
54178,PrinceBoo,-1,-1
54179,Chrioldem,-1,-1
54180,Aztam,-1,-1
54181,i7jyg,-1,-1
54182,TMethodHManE,-1,-1
54183,IS114c542a53f93951e71a1,-1,-1
54184,IS1778ef507650bccb2c2b7,-1,-1
54185,IS146b1e2df0332ea14fb54,-1,-1
54186,AyeBrotha,-1,-1
54187,IS1f309007edd6c22dd3339,-1,-1
54188,Fazdogg,-1,-1
54189,Kivek,-1,-1
54190,FalconPAWNCH,-1,-1
54191,IS1c09cebc242eb9b010619,-1,-1
54192,Wolflike,-1,-1
54193,Draxis,-1,-1
54194,IS159d698f99bf46ded6625,-1,-1
54195,IS15c1901212804e296019c,-1,-1
54196,IS19a335dc0c0192632f466,-1,-1
54197,Kantali,-1,-1
54198,IS13b88e796f17e9be79799,-1,-1
54199,Battlepeon,-1,-1
54200,IS166e974200022a3ccd17d,-1,-1
54201,IS1064fb98067e35a009250,-1,-1
54202,IS1f1c5931c0bed93d13252,-1,-1
54203,zLlg96DXaS,-1,-1
54204,IS163568117c29b78bd5250,-1,-1
54205,IS1c80a610670c0187b0153,-1,-1
54206,jRabphAbZ5,-1,-1
54207,IS1fa825483bd1c750a4a9c,-1,-1
54208,IS1e7a0d30517eb57998209,-1,-1
54209,Shepherd,-1,-1
54210,br4k3,-1,-1
54211,IS18ab245e07e0cfe954662,-1,-1
54212,Arcanian Wolf,-1,-1
54213,IS1266e3d18ac9fdbd82f6a,-1,-1
54214,IS1fc50886fb6106eb352c0,-1,-1
54215,IS1efd0c1fa3ca61e1c8f0a,-1,-1
54216,7zHp0eIz15,-1,-1
54217,IS1c4b79193aa9d95a64b77,-1,-1
54218,PYkUUIYFqc,-1,-1
54219,ho4lG0bLqR,-1,-1
54220,IllaDelph,-1,-1
54221,IS1c5b0577adc856eb45a69,-1,-1
54222,IS121bdb0e89ae0904b2695,-1,-1
54223,IS15c70286a42e3a50c0f7b,-1,-1
54224,IS1815e35557d444712cb8c,-1,-1
54225,Tipp,-1,-1
54226,IS179b3a631a7ac1db599bb,-1,-1
54227,YurikaStar,-1,-1
54228,IS1f38ebd99b6b3ee4a2d93,-1,-1
54229,Redkasquirrel,-1,-1
54230,IS1d949fc0c9b6e0b4295a2,-1,-1
54231,Pharofus,-1,-1
54232,ej6Q1h3I8T,-1,-1
54233,IS17d8f2460777b0910d431,-1,-1
54234,IS1be8a9919a613b4bd4fa4,-1,-1
54235,MindReign,-1,-1
54236,IS134df726237ceaa51f8c7,-1,-1
54237,ricerx,-1,-1
54238,IS11c53b2e3c143a80f9884,-1,-1
54239,IS1f8b0b86d6332e2cdbe7d,-1,-1
54240,IS123a038f787ddbb6f243e,-1,-1
54241,Dougity,-1,-1
54242,IS156f7f60b41e70a9b55c6,-1,-1
54243,IS1b1b1b44d642af8d8e3a6,-1,-1
54244,IS1b3803231c583a764909a,-1,-1
54245,IS1980ac6ad390eaf48fb3f,-1,-1
54246,IS1c5286dd22f5faf91dc50,-1,-1
54247,H0dPFaMGwR,-1,-1
54248,IS178f548e19fbfb43bcd92,-1,-1
54249,diddymao,-1,-1
54250,BoondockSF,-1,-1
54251,Sir Thinh,-1,-1
54252,IS1a3d009b0d97db89815fa,-1,-1
54253,IS1ac0595f3985110c1392f,-1,-1
54254,Deathlocke,-1,-1
54255,Trollade,-1,-1
54256,Dragon Slayer 23,-1,-1
54257,IS102109123382333c17cac,-1,-1
54258,wbS3DvHMaC,-1,-1
54259,ShadowStalker,-1,-1
54260,vet ikke,-1,-1
54261,IS1043ee32e5fb56bed8bad,-1,-1
54262,Mult1mac,-1,-1
54263,IS1d299ae35e636744ac132,-1,-1
54264,Moltage,-1,-1
54265,GutRipper,-1,-1
54266,Xanhast,-1,-1
54267,IS15c0d496ed52b24f23f9e,-1,-1
54268,Bearnaise,-1,-1
54269,FreeZey,-1,-1
54270,Z3 Justom,-1,-1
54271,Fezzik,-1,-1
54272,shakeaugust,-1,-1
54273,IS1fc2d5377a713c2ea5cec,-1,-1
54274,Q Dert,-1,-1
54275,IS1c02ebff597e6c6142c2e,-1,-1
54276,6tQn4a0gft,-1,-1
54277,IS148e71800ad5bff6325e9,-1,-1
54278,IS16d821b489b71a,-1,-1
54279,mahala,-1,-1
54280,rXwIWJhHJt,-1,-1
54281,IS1cfa561b7d71527f055a2,-1,-1
54282,IS1dc6aec6f299eb6dc8cf4,-1,-1
54283,ElectorCount,-1,-1
54284,louk,-1,-1
54285,voidoid,-1,-1
54286,Dr Mold,-1,-1
54287,IS192de0bd90e374cf7d963,-1,-1
54288,sakiio,-1,-1
54289,IS1ff3088c3e2325745080c,-1,-1
54290,IS1318f1b091e6b4fa0fa7b,-1,-1
54291,IS17d498cb7fc6f72be1517,-1,-1
54292,ButlerAldrich,-1,-1
54293,IS167ef2a19d8f14bf5f969,-1,-1
54294,B0na,-1,-1
54295,R42t6asu7V,-1,-1
54296,IS1935f04c8267ac5b69f26,-1,-1
54297,IS10a431a457dce30c90763,-1,-1
54298,IS1cbce55e02b7fd0f801b7,-1,-1
54299,IS15a00ca1574c98280afbf,-1,-1
54300,Javahulk,-1,-1
54301,IS1a001473894f416917cf3,-1,-1
54302,IS1d930d37f91b9b5fb5786,-1,-1
54303,scrubious,-1,-1
54304,IS105a36007fe6567ee8e6e,-1,-1
54305,Pureehm,-1,-1
54306,IS1d046d69f44bb3cb5fb34,-1,-1
54307,IS159feb9ed6db6058f07cf,-1,-1
54308,Kono Tyran,-1,-1
54309,Ch33b,-1,-1
54310,IS1ec7ca7d1ebcfeca73236,-1,-1
54311,IS1f1b9b6d935db470c852e,-1,-1
54312,IS1ad11b2d4d535718b2ae6,-1,-1
54313,Mahk,-1,-1
54314,IS169d7db5d71a90194436f,-1,-1
54315,Its In The Clock,-1,-1
54316,IS1a8475747b52ab1ccf194,-1,-1
54317,IS1c3119d5401089185c7cc,-1,-1
54318,IS12e0bb95ca2fe5002c889,-1,-1
54319,KryptoLover,-1,-1
54320,Dubey,-1,-1
54321,IS170febfb40cb906715822,-1,-1
54322,IS1f38ff89b5ad7bbdcc651,-1,-1
54323,IS1ac6a451f1dd4bc90483e,-1,-1
54324,IS182c0b90a5ab62a55678a,-1,-1
54325,kevinLL,-1,-1
54326,IS16aefbc4e815a381e308a,-1,-1
54327,IS12d676c3ca3a52737fb35,-1,-1
54328,IS14a552eb7b2926464d961,-1,-1
54329,Maccattack,-1,-1
54330,Frankank,-1,-1
54331,RoCkNny,-1,-1
54332,IS187d3de66d8227f3f7f08,-1,-1
54333,IS1e0d28d3dbe5edfbb5ecf,-1,-1
54334,IS1d4a05600474e55772248,-1,-1
54335,Dacrimoss,-1,-1
54336,IS18e605374532c761f3c3a,-1,-1
54337,Runewar,-1,-1
54338,ZRoE,-1,-1
54339,Devil3ustar,-1,-1
54340,IS19b4bbc9b1b5d4e687f1d,-1,-1
54341,IS10781194e37be2a94b3d5,-1,-1
54342,IS12450b1227f4c1f0c45d9,-1,-1
54343,BbuufvWrf1,-1,-1
54344,IS12d8988c9e164f895232d,-1,-1
54345,IS195d234dbb32fc8b782a2,-1,-1
54346,IS1ca2b5bcf051267742dfc,-1,-1
54347,IS19545629d241591ccca0d,-1,-1
54348,acarr,-1,-1
54349,Radiant,-1,-1
54350,IS1b71ad6e6bc3fe3e49c4f,-1,-1
54351,IS1d07f7bb5c9afb3080ffd,-1,-1
54352,SideSwiped,-1,-1
54353,Xalvius,-1,-1
54354,Pocketboi,-1,-1
54355,IS1bb8351cdb998b5ac2a65,-1,-1
54356,FoeHammerZ,-1,-1
54357,IS12ca7c2d45dc77623511e,-1,-1
54358,Guli,-1,-1
54359,EaSeBaCk,-1,-1
54360,Grinning Monster,-1,-1
54361,nubuu,-1,-1
54362,Bestpanda,-1,-1
54363,IS1dd0faa485483252398df,-1,-1
54364,IS13d97c4900c5ea0b11144,-1,-1
54365,Darksmite,-1,-1
54366,IS1fdf8581777e1c954a072,-1,-1
54367,Smoofano,-1,-1
54368,IS160293babe192aa243016,-1,-1
54369,IS1456c09ea1455af2b21e5,-1,-1
54370,IS114507a29ffe70cd1bca1,-1,-1
54371,74ThWmsbHm,-1,-1
54372,IS1c3e4f7d85343a4a70350,-1,-1
54373,12345ss,-1,-1
54374,IS1d2c9e148719b54a2272c,-1,-1
54375,R7bM92bq1N,-1,-1
54376,swifde,-1,-1
54377,IS113402ce99a6de23430e2,-1,-1
54378,IS1c707a0ca5eb502226533,-1,-1
54379,IS11e1bbdcf1b4adecd4d22,-1,-1
54380,DrTruth,-1,-1
54381,IS1995104fcc1cf6bf64121,-1,-1
54382,Z3 Oatmeal,-1,-1
54383,Brockalock,-1,-1
54384,No I in Teemocil,-1,-1
54385,Nozarf,-1,-1
54386,IS1b66c99a16827307fc263,-1,-1
54387,IS186acf35e5f5f966ab4d6,-1,-1
54388,Extinguish,-1,-1
54389,GameBoyBob,-1,-1
54390,Seaba,-1,-1
54391,eternalsplitter,-1,-1
54392,Bukssna,-1,-1
54393,Spottedtigers,-1,-1
54394,IS1ec4f0e1d0a46a4af2ff9,-1,-1
54395,unltd,-1,-1
54396,IS12db4c2f7f5c0044e9692,-1,-1
54397,Zzzerg,-1,-1
54398,The Ballercaust,-1,-1
54399,Gnomecop,-1,-1
54400,IS1f23f49a6f920433f07eb,-1,-1
54401,IS103eb3fbba47a3e70240d,-1,-1
54402,Ahirra,-1,-1
54403,IS15511512151a3b86bf772,-1,-1
54404,Reydan Solari,-1,-1
54405,IS14d0e92be6e9090781d2e,-1,-1
54406,HatchetJak,-1,-1
54407,SaZZles,-1,-1
54408,IS1eb1819e4d85984bbb1a1,-1,-1
54409,IS1642ba113cde820882e86,-1,-1
54410,x68DuZHKOy,-1,-1
54411,GromIceCream,-1,-1
54412,BloodAngel1337,-1,-1
54413,Strid,-1,-1
54414,Llokki,-1,-1
54415,IS1d20552e956dc6b1dde56,-1,-1
54416,IS1ba267053da1341fc5ffd,-1,-1
54417,untiemyshoe,-1,-1
54418,Khal Cthulhu,-1,-1
54419,IS14c8915ef1886d46d9d38,-1,-1
54420,siddu,-1,-1
54421,Spear of Odin,-1,-1
54422,IS106e988060e799946360c,-1,-1
54423,IS1b24bce25505515fb80fb,-1,-1
54424,IS1ad9c945bd38ee7ec929e,-1,-1
54425,zertec,-1,-1
54426,eksff2CoM5,-1,-1
54427,IS1d3a4b5e2dd309a337705,-1,-1
54428,IS1f0cd84d3fb51d33d2ca2,-1,-1
54429,sW18eNoqoL,-1,-1
54430,Syth123,-1,-1
54431,IS16b4136abee05ace0fd94,-1,-1
54432,IS1b70eb2fa4da3214583c0,-1,-1
54433,The Last Swebs,-1,-1
54434,IS1ce1e9117afaef349177f,-1,-1
54435,IS105cac12cd99550295e91,-1,-1
54436,SolidRed,-1,-1
54437,IS1e29acff242cae3b82a96,-1,-1
54438,Inca Llama,-1,-1
54439,IS10aec5e173cfe18c75111,-1,-1
54440,IS10095070e33129af98985,-1,-1
54441,IS163cee20e82494a0a887f,-1,-1
54442,IS1f461a99293c89c08d822,-1,-1
54443,IS1f85acecd6b1fb98ee679,-1,-1
54444,Sentras,-1,-1
54445,IS142fd2cc0a018daf9da6f,-1,-1
54446,5E0CtlEsFX,-1,-1
54447,IS1bb1780810091bb6cabe3,-1,-1
54448,IS175dcde3048963894c2c3,-1,-1
54449,IS12befa6fd80386bdf4fe3,-1,-1
54450,IS1d34914bb114758d626a5,-1,-1
54451,MyZigga MyZigga,-1,-1
54452,IS111ed28dfc6a1a7128060,-1,-1
54453,Criš,-1,-1
54454,IS1d7c1ea4846bfb442c72f,-1,-1
54455,Fignuticus,-1,-1
54456,IS17eafb2937b06b46635ab,-1,-1
54457,IS1da0407608eb8e278cbce,-1,-1
54458,IS137a63e1c64d007a9bd9e,-1,-1
54459,IS13605d5238bb4479a7a0c,-1,-1
54460,IS11da4025c2152c03aa83e,-1,-1
54461,IS1b64b9e7ec0e4e5c6d0e4,-1,-1
54462,IS19a789189c4e6cfe490a5,-1,-1
54463,IS129ca796c4f2115d66548,-1,-1
54464,MrHokage,-1,-1
54465,IS15fe152074b3726c2f609,-1,-1
54466,IS159ca5cc8e807c70a09ec,-1,-1
54467,IS10c09e04cc6be7e3da0e9,-1,-1
54468,IS1f4a3082e133e72f5cf39,-1,-1
54469,IS1605b97a769d6fb7ddcb1,-1,-1
54470,Concussive,-1,-1
54471,Dimpy,-1,-1
54472,Minifilo,-1,-1
54473,IS1e9781c3b2371c31d2bec,-1,-1
54474,IS1a7e41223a7aac0e2e65c,-1,-1
54475,IS1ab27e18091dc01340e3a,-1,-1
54476,dasd11a,-1,-1
54477,cuzisteez,-1,-1
54478,IS18935d4635748ac810365,-1,-1
54479,LazyRussian,-1,-1
54480,dosaz,-1,-1
54481,IS1acc71a03765cab4e1e77,-1,-1
54482,IS10710fee18fb3ec6993b9,-1,-1
54483,IS1dd785eb773a14b9f17c5,-1,-1
54484,IS1e4199e8b8e448ac37d8f,-1,-1
54485,Diblys,-1,-1
54486,IS1802a4434c5e9eb8f39da,-1,-1
54487,IS14a95718c5382632908f6,-1,-1
54488,IS130b204134f3cd29adbdf,-1,-1
54489,WinningFormula,-1,-1
54490,end0rphine,-1,-1
54491,XT01,-1,-1
54492,IS16fe0ec4122363d0e46cc,-1,-1
54493,IS150192f0b3d8f866cf157,-1,-1
54494,IS1c982fc3c3f3560bd4fcd,-1,-1
54495,IS1763c4ae7871e4050c718,-1,-1
54496,Dribbler,-1,-1
54497,TheAnyKey,-1,-1
54498,IS1831ff7b51bf47c64ab5d,-1,-1
54499,IS1838be4145abe4a952a08,-1,-1
54500,IS13143ced6cf1511098e5b,-1,-1
54501,IS1c6e3bf2c8ec6c07aff5c,-1,-1
54502,tenten,-1,-1
54503,IS1b3b6e679127315a05d5a,-1,-1
54504,9ZCcCpnSxq,-1,-1
54505,gutssl100,-1,-1
54506,MXiy2tbzqE,-1,-1
54507,Papa Ghede,-1,-1
54508,Blazeriscool,-1,-1
54509,WesleyC,-1,-1
54510,IS136e2e42838b9ac58ca38,-1,-1
54511,IS16ab1787486b774b1528c,-1,-1
54512,IS15550ca121c20d03da483,-1,-1
54513,IS18deb53f7004c6d7cd132,-1,-1
54514,JeongSM,-1,-1
54515,tsKuNhmsBL,-1,-1
54516,Skrizo,-1,-1
54517,binarybob,-1,-1
54518,IS1ff4741b1b637b93d5bdf,-1,-1
54519,IS148fb2374d0b150649ffa,-1,-1
54520,IS1deb62ff8fd70537bde3c,-1,-1
54521,IS15ee2852e5d6c188a08a2,-1,-1
54522,IS1a222ad8a11f83600893b,-1,-1
54523,IS1839fc0bbda82aea5cd31,-1,-1
54524,IS1e8e67bb1baefaab4837b,-1,-1
54525,StrygwyrT,-1,-1
54526,IS149925b50ea1e262ea795,-1,-1
54527,IS10e65661d7c759900149a,-1,-1
54528,IS12ff8c81d4be861645aab,-1,-1
54529,IS195fb6ca92d7fd9630cbe,-1,-1
54530,IS1a2b9f0a7ce8256f3f152,-1,-1
54531,IS13913f19bddd27e0acffc,-1,-1
54532,ForzaIND,-1,-1
54533,IS1da9b4f98c0681956baff,-1,-1
54534,IS159dc9834ccdda1b4ca1f,-1,-1
54535,Swisscheese Damn,-1,-1
54536,IS120f5dafd1a7e37fa1f8a,-1,-1
54537,Drahtin Vim,-1,-1
54538,Apoclypse17,-1,-1
54539,IS157a94cf81141192707bd,-1,-1
54540,IS16efc9f8a836d2609bbc9,-1,-1
54541,Gelectrode,-1,-1
54542,Z2 Ravek,-1,-1
54543,IS11b0d2c29ce1d4050d633,-1,-1
54544,IS1a0e67f5ed188143799b5,-1,-1
54545,laxidaisy,-1,-1
54546,IS177be8d5bb188d981c91b,-1,-1
54547,IS1abb37f8cf9fbcdc382b0,-1,-1
54548,Lghscdlswsrgghs,-1,-1
54549,IS11e7451c40c097993b164,-1,-1
54550,IS1f262d577131e175a70a1,-1,-1
54551,JdssghssLswberg,-1,-1
54552,IS14ddc6325e444d6519500,-1,-1
54553,IS1e4db24143c8a2af603b2,-1,-1
54554,IS16927aa1873660ff1df94,-1,-1
54555,IS1505b11289bab529c7e22,-1,-1
54556,Itachi Sensei,-1,-1
54557,IS1d7307a34e6f1860dba47,-1,-1
54558,RUBtiCQMIq,-1,-1
54559,IS1d0aee301e9487256b576,-1,-1
54560,Zenobeus,-1,-1
54561,IS1e68e8f5edb1033a3d279,-1,-1
54562,IS1f97f394f4b2b5fdca17d,-1,-1
54563,Sidonai,-1,-1
54564,Moochero,-1,-1
54565,qVJoUMgbS1,-1,-1
54566,IS1ca10aaf17c457496413b,-1,-1
54567,IS1373d653d7c1fdf5dd632,-1,-1
54568,IS117849a16e9f71874e91c,-1,-1
54569,dumpstering,-1,-1
54570,Mkku,-1,-1
54571,PresidentComacho,-1,-1
54572,IS1d10f689ca0cb0a5aed63,-1,-1
54573,WireDawg,-1,-1
54574,IS168c098f92980c6da0a3b,-1,-1
54575,Smileycake,-1,-1
54576,IS15fdc50b810927bfbd02d,-1,-1
54577,PoopsThompson,-1,-1
54578,IS1a1ff85a9f729d21bf97b,-1,-1
54579,IS1a2e2233863b3a844eb66,-1,-1
54580,IS1a34af7f284e4cbcba4b8,-1,-1
54581,wtfcook,-1,-1
54582,IS1c9c85ceb9644a78a5b34,-1,-1
54583,RaBbitSuN,-1,-1
54584,IS1981d0abaeeac8eda76f2,-1,-1
54585,IS173a58392de57da7b4dff,-1,-1
54586,Dathron,-1,-1
54587,IS14f42bde1ad47c9a84045,-1,-1
54588,Grassy,-1,-1
54589,IS12a44a7637cf6ad21faae,-1,-1
54590,PapaSmurf63,-1,-1
54591,IS143193b370f95c25c4668,-1,-1
54592,4nVnqEDnXG,-1,-1
54593,IS131bfcae50a785d47b805,-1,-1
54594,IS1598a589fe001e3372ffa,-1,-1
54595,Skeptical,-1,-1
54596,IS1028b6f96a1312ee7cec1,-1,-1
54597,IS10e1e060404694f891566,-1,-1
54598,IS15295bb82448c0c75dbac,-1,-1
54599,megalash,-1,-1
54600,Valarm,-1,-1
54601,Noobism,-1,-1
54602,IS1e3e1b35f8a1e33522825,-1,-1
54603,Pozzai,-1,-1
54604,IS10fa00919f3d378816010,-1,-1
54605,IS1f4dd2a9e89e3fec6efb4,-1,-1
54606,IS18e7f368760b6501461e6,-1,-1
54607,IS1311bf9bf49de7d6f7453,-1,-1
54608,IS1b00b943b2af4d7d8aa44,-1,-1
54609,IS1fd570536803d7413fc13,-1,-1
54610,IS1767a5b4179700aa46936,-1,-1
54611,IS102705400ceddbf88a7d3,-1,-1
54612,SadYear,-1,-1
54613,IS118c54d09bd55abdfaa45,-1,-1
54614,IS1720c0ea61931238833a0,-1,-1
54615,N2NTtgezDB,-1,-1
54616,IS14623c52849b0320533a7,-1,-1
54617,IS1341fd92c5739647210d8,-1,-1
54618,IS11b7a4ed2346333d175d7,-1,-1
54619,Snorlocks,-1,-1
54620,IS1e5c976c26bfeffed282e,-1,-1
54621,IS16899c41cf55612874364,-1,-1
54622,worldedit,-1,-1
54623,IS1b503c4cfec97747754f6,-1,-1
54624,IS13601f8d66d7b4d6e7227,-1,-1
54625,IS1b6fff87967f898785c8b,-1,-1
54626,IS1d79ab70eca71b4817f7e,-1,-1
54627,aA8BqFHf1N,-1,-1
54628,Hiroke,-1,-1
54629,IS1c58039e94acd803e9482,-1,-1
54630,Leomagnus,-1,-1
54631,noobster,-1,-1
54632,IS1727a939aa6f77529fbbc,-1,-1
54633,IS13a405a33fee3f7b79826,-1,-1
54634,IS1fdd5d1ba5b468647af76,-1,-1
54635,gayder123,-1,-1
54636,IS196dd929ad2734fc9ba65,-1,-1
54637,IS116ba0e751d7e637739d7,-1,-1
54638,IS13b23d83d9fd6865081aa,-1,-1
54639,Ostralyan,-1,-1
54640,IS1a14c414dee5379442662,-1,-1
54641,IS1c31272cccd3960aae300,-1,-1
54642,kissing owwies,-1,-1
54643,IS17a687e24b9c2c3c03e9a,-1,-1
54644,IS1f7149afd18ed6d5602e3,-1,-1
54645,RagNbone,-1,-1
54646,dAggDbTcOk,-1,-1
54647,IS165574c971761ea8c1edb,-1,-1
54648,CapyDug,-1,-1
54649,indrajith,-1,-1
54650,IS1e07b20df9c3c6dff6ae4,-1,-1
54651,Hangers,-1,-1
54652,7AjOomRUCm,-1,-1
54653,IS17dc674309421121d8857,-1,-1
54654,IS166a1118bd9eda89ebc07,-1,-1
54655,IS18d3c11d1583167b1d1ad,-1,-1
54656,IS1b7c52a706f1df8283e44,-1,-1
54657,TiKc,-1,-1
54658,IS12b43ff838bca1f6cdc57,-1,-1
54659,IS128c47cd6d9b23fb04e17,-1,-1
54660,IS1932172e61a7310ca9cc9,-1,-1
54661,IS1f98a65ce3c387c4d5139,-1,-1
54662,IS12449548923d5d324bb3f,-1,-1
54663,tripledingus,-1,-1
54664,IS1e3063d50ba53fddc419b,-1,-1
54665,IS1cabef7b11c723a599b38,-1,-1
54666,Album,-1,-1
54667,IS19efb40482f1562dbf56c,-1,-1
54668,IS16fd0bd3a3fb5b1e47b93,-1,-1
54669,Nezzog,-1,-1
54670,IS1f8509c271c6e4d554044,-1,-1
54671,9ZxZ0BLnWC,-1,-1
54672,IS1d29b6b0c6b4b3bec5db4,-1,-1
54673,IS1c02ab691306525f18cbc,-1,-1
54674,WaNgTaCuLaR,-1,-1
54675,IS1200f8f65c5ac46021cd3,-1,-1
54676,xVQJCxZnMV,-1,-1
54677,Savage Alien,-1,-1
54678,JesusHadTheAegis,-1,-1
54679,IS1673236d833505566c36d,-1,-1
54680,Taliesin,-1,-1
54681,IS1acfcdb3329c3efe1f034,-1,-1
54682,IS11e79190de6b59ea8c2ce,-1,-1
54683,SomeSkills,-1,-1
54684,Shizuku,-1,-1
54685,IS1498e00fcf5750fd9334d,-1,-1
54686,SgtSocks,-1,-1
54687,IS177f195cb3792a1ce983d,-1,-1
54688,IS1f93beff2c43e3f685077,-1,-1
54689,IS1117838f10cf77686a74f,-1,-1
54690,IS153d2c801346cf704f66c,-1,-1
54691,IS11d13cc6a092c36a73e08,-1,-1
54692,IS1fd5c529274c90bfe5f8e,-1,-1
54693,IS171e83da6ec2c5a04e1b6,-1,-1
54694,KennedyWreck,-1,-1
54695,IS19546bc3a3d5fe051d908,-1,-1
54696,IS1a8a7797f72c5219301bd,-1,-1
54697,Zac86,-1,-1
54698,IS16932b89e01fb43fbd23d,-1,-1
54699,Rocxx,-1,-1
54700,canar,-1,-1
54701,Pilliy,-1,-1
54702,IS194f0378c0f26279b3eba,-1,-1
54703,IS1723dbecd58fec2fd881e,-1,-1
54704,ADL7,-1,-1
54705,wOSWLCyJri,-1,-1
54706,IS16fc18e61fcfe27ce7186,-1,-1
54707,LawBlade,-1,-1
54708,Valkan,-1,-1
54709,IS1b160145ad4e48b128149,-1,-1
54710,IS1334e7cc0804d56a0f9f6,-1,-1
54711,IS17c649d36916147b9c5bb,-1,-1
54712,IS18edfef5e211249a38ab5,-1,-1
54713,IS1b4fc046fe7a12f30c4f5,-1,-1
54714,IS196b2a5523b5115210adc,-1,-1
54715,IS17498fce5f807e64e2577,-1,-1
54716,IS1bbbf26f4ed4c73623589,-1,-1
54717,IS10cea4632fc1c32f97443,-1,-1
54718,IS149b6076ffe870481b1b0,-1,-1
54719,IS192b2c5bb7af2c8c598d1,-1,-1
54720,IS16ebffc2e94ca70a9ad49,-1,-1
54721,convirtue,-1,-1
54722,IS1d2c8a8f0809ea2beeceb,-1,-1
54723,IS1c365bc9b9e64474d5b5e,-1,-1
54724,MorboTheVoluminous,-1,-1
54725,IS12c4b413dc580c9eeedcb,-1,-1
54726,IS1b1675c3dde8b65fdf659,-1,-1
54727,donald,-1,-1
54728,IS1153b946acfe6cf79c23a,-1,-1
54729,KYSsoJGCGJ,-1,-1
54730,IS12f79eff460ae76894d50,-1,-1
54731,Xyceres,-1,-1
54732,IS14e5080f8175f53335539,-1,-1
54733,IS1895703b595ad4ac5c9c2,-1,-1
54734,Feandaris,-1,-1
54735,Kukr,-1,-1
54736,IS1598ef6879c6612ae9695,-1,-1
54737,IS1b229dbbe82d8e342d22a,-1,-1
54738,Wernstrum,-1,-1
54739,PhreZen,-1,-1
54740,IS1c9402729f0dfe197904a,-1,-1
54741,grabi,-1,-1
54742,EiHUjfP3iT,-1,-1
54743,IS1a460155685a47ad70b4f,-1,-1
54744,IS1f2b73e4027ba4cb94aa8,-1,-1
54745,Ghostraider,-1,-1
54746,IS15fc4ed8dcea6872bf7bf,-1,-1
54747,IS1ee6965344290706c986c,-1,-1
54748,Spaghetti Monsta,-1,-1
54749,IS1868cbc9f8b77475b1332,-1,-1
54750,IS1d1dca0f626e3a1605594,-1,-1
54751,MooseShroom,-1,-1
54752,Powa,-1,-1
54753,KqKk0BqjTV,-1,-1
54754,Eckthelion,-1,-1
54755,IS158267098982a4fccc4b6,-1,-1
54756,IS17557dbfdcf86173a1c34,-1,-1
54757,Vaya Con Tioz,-1,-1
54758,Darelfiel,-1,-1
54759,IS1afe2d23580ac40398c78,-1,-1
54760,IS16a9f2c099cc11186fa44,-1,-1
54761,IS156110390b23ec17c49c2,-1,-1
54762,Bleeenkeeey,-1,-1
54763,Ghost327,-1,-1
54764,IS1e740340eb2070bea65c9,-1,-1
54765,Ralconn,-1,-1
54766,IS115a39aed9ee3a37cda87,-1,-1
54767,IS1edbf8e1a02e41b29716c,-1,-1
54768,IS14e10efcf87235cfb02b3,-1,-1
54769,Jutenga,-1,-1
54770,IS156848e193122dbce4e59,-1,-1
54771,tofujello,-1,-1
54772,IS134c0a9efa9fc98fbe5f5,-1,-1
54773,IS10916487d7d569023b537,-1,-1
54774,3RhZWbNoGx,-1,-1
54775,IS1742e0213922bbe25dcb6,-1,-1
54776,Muz Dingo,-1,-1
54777,IS1371cf8c958a4ea7e0235,-1,-1
54778,IS1e8dd95063336b927b373,-1,-1
54779,IS1159717562583ebcf3c60,-1,-1
54780,IS1db08ab0d6608d8bdabf3,-1,-1
54781,Exadra,-1,-1
54782,Jubei2,-1,-1
54783,MutantSheepdog,-1,-1
54784,FaZe Censor,-1,-1
54785,IS1ba6b03d8d3258f747e59,-1,-1
54786,hi im snoop,-1,-1
54787,IS1a335c1751a794e57e8c8,-1,-1
54788,IS1c0f804fca52bf05c1ddb,-1,-1
54789,WoozyB,-1,-1
54790,IS1b779ceed417cda192e0c,-1,-1
54791,thoruss4567,-1,-1
54792,IS1e80a93a730cafb97d723,-1,-1
54793,IS1e889faddb81e7c4c2351,-1,-1
54794,IS1dc25f3d2b240e27cdfcb,-1,-1
54795,IS1573e86fcda72fd1f5352,-1,-1
54796,IS1d40dbf3cd69cf3c178a6,-1,-1
54797,IS1d1a384b73959e1f7089d,-1,-1
54798,IS1ec92fc74293c917a5abb,-1,-1
54799,IS10480440a37ef4a225494,-1,-1
54800,IS109aeece6f91dad396510,-1,-1
54801,IS199d9612c2696b072d01a,-1,-1
54802,MarcoZilla,-1,-1
54803,IS1db431b04a2f2ff9bd89c,-1,-1
54804,Lord Piro,-1,-1
54805,GameEasy,-1,-1
54806,IS13167fbd447c0fedf75ba,-1,-1
54807,IS121c4227e9e1d3c823e83,-1,-1
54808,IS11b385b0e6faa09042843,-1,-1
54809,IS1a5eb2b8f36368ef5fcd6,-1,-1
54810,IS12f38b6d5464e176d8e90,-1,-1
54811,Xyruss,-1,-1
54812,IS11694f4d0bd5f6c9e1681,-1,-1
54813,skitlets,-1,-1
54814,John Lee Five Guys,-1,-1
54815,IS1a650b52b5b4fc8bbac0a,-1,-1
54816,nm8Bq3qQDY,-1,-1
54817,freekaekz,-1,-1
54818,m3xZdaRTZP,-1,-1
54819,IS1cc467fd3087579f166a3,-1,-1
54820,cttr25O2BA,-1,-1
54821,IS1e2304d2817138474a1e2,-1,-1
54822,freestylejoker,-1,-1
54823,IS10db1f284a4c1beda7f60,-1,-1
54824,IS1fb6e0214b071feb09590,-1,-1
54825,Alec Baldwin,-1,-1
54826,IS1beb4d272d3836ccca896,-1,-1
54827,IS114cf92b83275100700b1,-1,-1
54828,IS102dbf5141affdbfa6898,-1,-1
54829,IS1bfe216ec0184e66a66f4,-1,-1
54830,DrKatzerich,-1,-1
54831,IS1b2e4e26480b54f8e7c2a,-1,-1
54832,Michelangelo,-1,-1
54833,IS13c28bd92a9254d9b098e,-1,-1
54834,IS17fa12955dac7f13615f8,-1,-1
54835,IS1cdd19206e04312215b96,-1,-1
54836,IS1daea4af2b80df4303b4a,-1,-1
54837,IS113a81ab982b2cecb015e,-1,-1
54838,WaxierGunmetal,-1,-1
54839,MDxfLaJSp7,-1,-1
54840,IS1f48a9d630c3195dedff8,-1,-1
54841,IS1ef293798c8bbafe73ed4,-1,-1
54842,IS1bac55ed78b404789c628,-1,-1
54843,IS112691287ba91981613fd,-1,-1
54844,Dango Fam,-1,-1
54845,IS1ff989765b2a5111d6dae,-1,-1
54846,IS1c3fe278349c87d304728,-1,-1
54847,IS1d8acc736d3cb33774a68,-1,-1
54848,vZLvHlCgm5,-1,-1
54849,IS18aa8031c3e8cae039066,-1,-1
54850,Acidfeir,-1,-1
54851,IS193f2af88f31a5e95f1dd,-1,-1
54852,Boogy444,-1,-1
54853,IS1bc253f3f5d5076a777aa,-1,-1
54854,GosuWalks,-1,-1
54855,SirRose,-1,-1
54856,Houmoller,-1,-1
54857,IS1f8f620a08724825694d5,-1,-1
54858,IS143bd8c02a1f6ac7d1043,-1,-1
54859,IS1ee5ef0586d08d3530709,-1,-1
54860,IS11f022ceff8e98a6b5c89,-1,-1
54861,IS12ed76d6c5aeec8619aa2,-1,-1
54862,AdroflHitlol,-1,-1
54863,New Year,-1,-1
54864,Large McBigHuge,-1,-1
54865,IS161401ceb032f82069fe8,-1,-1
54866,IS1af0efdf48a05108dbfe7,-1,-1
54867,IS19eecfe66d40006775632,-1,-1
54868,IS16a891d87c2cb25b822ea,-1,-1
54869,IS17e12a631304255c7c62e,-1,-1
54870,Jester Dreams,-1,-1
54871,IS103bdddcc1ecf539b2904,-1,-1
54872,IS126a47ac6ccd9cedc0cd1,-1,-1
54873,Belandrew,-1,-1
54874,IS1b3af78323c054a2ee76f,-1,-1
54875,IS1acfdc8c704b0faab6fee,-1,-1
54876,IS1cfd60a019c7a00f7abac,-1,-1
54877,IS163f976d7a6e853be7388,-1,-1
54878,DiRGeZA,-1,-1
54879,IS14556ff064e8fda5fa059,-1,-1
54880,Vishy,-1,-1
54881,IS1ca4cddf6d38fc5d0a2e7,-1,-1
54882,Ub1aLnIgh5,-1,-1
54883,Shiranui,-1,-1
54884,IS1a5565851969c2cb234a7,-1,-1
54885,CountBobula,-1,-1
54886,wsdvzsdvs,-1,-1
54887,IS1bbfd8be4541aefc98bad,-1,-1
54888,IS1c673114e6c8a16b135b2,-1,-1
54889,IS1db16c883d0732a1daeae,-1,-1
54890,IS1475f211429b90c4fb8db,-1,-1
54891,IS15cbdf11c474fe884f2d6,-1,-1
54892,IS1041c302aab68bb1dd71c,-1,-1
54893,IS1eb884e1ca6b280a2447f,-1,-1
54894,IS11ee42a47f0633973d568,-1,-1
54895,IS1d3606c1a254721a46681,-1,-1
54896,Sunarutae,-1,-1
54897,BennyPotter,-1,-1
54898,IS10f25d3a12c68aaea72b3,-1,-1
54899,zikuu,-1,-1
54900,IS14c25c35a65cd3d439c21,-1,-1
54901,IS1a7601f6263d120c40b11,-1,-1
54902,k4tjjfjtdZ,-1,-1
54903,IS137753326e8f6487ea2dc,-1,-1
54904,MAGA2016MAGA,-1,-1
54905,IS169621a1b1135c3be3617,-1,-1
54906,The Jocker,-1,-1
54907,IS1065a6277c06ff339b3ac,-1,-1
54908,IS1630d47c6d4543686935e,-1,-1
54909,IS1d17d4d63774d15c3a0ac,-1,-1
54910,IS19a7bbe59f45f6600c504,-1,-1
54911,IS18837e6da2c1fb9b17493,-1,-1
54912,IS1c82653d0175c4cc553c5,-1,-1
54913,IS17e0516b50659cf0a3760,-1,-1
54914,IS16afdd915d777401128a9,-1,-1
54915,IS1c58e3ea2f335d211f38f,-1,-1
54916,IS1c7f7273804dd2a067f15,-1,-1
54917,IS1a848a6356e0d34a1efaf,-1,-1
54918,Illbean,-1,-1
54919,b3CRUrcz7W,-1,-1
54920,IS17c76e59d8a6b172374a1,-1,-1
54921,IS1c8f8a4c54abc3dfac5ac,-1,-1
54922,Yarsal,-1,-1
54923,Velard,-1,-1
54924,IS19793dae53a1215f1ebc1,-1,-1
54925,IS12e4a49ed6c3704c0350c,-1,-1
54926,IS1f8a19982cd0a03fe5c56,-1,-1
54927,IS1c95a32b3628a762cf41f,-1,-1
54928,GoForthAnDie,-1,-1
54929,IS12060a6d2d8783be9cc68,-1,-1
54930,IS12ba0b8effa4ecac8da7e,-1,-1
54931,IS11d3885e835d12b574dee,-1,-1
54932,IS1d75cc1ad699862126724,-1,-1
54933,IS129f5e5f16e01ac8525ec,-1,-1
54934,IS144071e69e6255b859cec,-1,-1
54935,IS1b7f352fb0e7d6560d8c7,-1,-1
54936,IS17099f87ef1a3bb969070,-1,-1
54937,IS19d8accb2f8771b5d21bc,-1,-1
54938,IS1697be1d13654b1b9ef38,-1,-1
54939,Truth Bearer,-1,-1
54940,Blahzor,-1,-1
54941,Mesgalis,-1,-1
54942,IS113a9c7968f328fa1283d,-1,-1
54943,Marximus,-1,-1
54944,IS1f1ca7ea6907479a7e95c,-1,-1
54945,IS1f7c1779f287d7968d363,-1,-1
54946,IS1f4576f4683231b8890f2,-1,-1
54947,ARlA,-1,-1
54948,IS1d8d5daf0071e7725e5fd,-1,-1
54949,IS1ff4c3dc2a799c6495ffe,-1,-1
54950,IS19d209e523523230e3aec,-1,-1
54951,IS16d6912e8fe6dee76927b,-1,-1
54952,IS1d98242d6205eeff29cb4,-1,-1
54953,IS1454ab8ef81ae3599e008,-1,-1
54954,IS17b3a58d2f9e1828c1a02,-1,-1
54955,IS17610081f185a5c8b683c,-1,-1
54956,CINI0QGcQh,-1,-1
54957,IS10ade7471195e5afd43f1,-1,-1
54958,sPKNVzyUlX,-1,-1
54959,4iIzBuRgErA,-1,-1
54960,IS12d78ebcda40e91fc9fbf,-1,-1
54961,IS1cb98b334f1fc13f9302d,-1,-1
54962,IS1ac493cf30862c2b977ef,-1,-1
54963,IS1c4f9e5843eb098fc8e6d,-1,-1
54964,IS191337699672f4fda0dc4,-1,-1
54965,IS19133004bfa9bac4630da,-1,-1
54966,MomoGom,-1,-1
54967,IS10b267eafa8afc0c25fcd,-1,-1
54968,InsanityOfTwins,-1,-1
54969,IS178e38ebd5018b8a4ddca,-1,-1
54970,IS1f09fa6f32f9f69c842b5,-1,-1
54971,Lazybazy,-1,-1
54972,IS1466090b194772b59a4ae,-1,-1
54973,IS19569280883067b922625,-1,-1
54974,IS1cd272b583eed4fb82337,-1,-1
54975,IS1edaca5e1ad77a6181ae9,-1,-1
54976,IS1edb37dae4deca8d62625,-1,-1
54977,RedPill17,-1,-1
54978,IS19b2eeaac692d49a58e14,-1,-1
54979,Cemzar,-1,-1
54980,ego168,-1,-1
54981,Xelael,-1,-1
54982,IS146ca348726886d5c243a,-1,-1
54983,IS16a8b1d32d3f1121b34f2,-1,-1
54984,duikie,-1,-1
54985,IS1cd865bf035eb840f5b65,-1,-1
54986,IS13966fda2f76219587d70,-1,-1
54987,NoobZealand,-1,-1
54988,Insomnium,-1,-1
54989,Truhls,-1,-1
54990,IS1d204cf22dee5906307d1,-1,-1
54991,IS1a4444a2811d2d529b243,-1,-1
54992,Xellos420,-1,-1
54993,IS14b8ac5e7717da7e25efa,-1,-1
54994,bsexe,-1,-1
54995,IS1aab74ca9f368dc9da524,-1,-1
54996,Wererabbit,-1,-1
54997,IS1bff3a396c21a4d6f9d20,-1,-1
54998,IS1d1971f8e5dfffdd49e89,-1,-1
54999,IS1ca7d7653afc9d7fd21e4,-1,-1
