12000,Clipsahoy,-1,-1
12001,IS188f3cd4e77de3c78ff51,-1,-1
12002,IS1517ae89db46f368c09c4,-1,-1
12003,IS116c7be11e07856c29e2a,-1,-1
12004,IS102fe671cf56c94fe758b,-1,-1
12005,oreopizza47,-1,-1
12006,IS198d1c33933783e52eafc,-1,-1
12007,SifuBR,-1,-1
12008,IS12ead0c08955ee6e2502b,-1,-1
12009,Minsky,-1,-1
12010,LVL 3 Llama,-1,-1
12011,White Sage,-1,-1
12012,jsjaxgYOjW,-1,-1
12013,IS1e706134c3a5874c6384e,-1,-1
12014,IS13ec63d1777a88676b0c2,-1,-1
12015,dyingsole,-1,-1
12016,YHBT,-1,-1
12017,Beastmango,-1,-1
12018,Three12,-1,-1
12019,IS1487075bdc0c9afd757b2,-1,-1
12020,IS1dcc7bd2c9a8326afc9ac,-1,-1
12021,IS1d26a3943d5084ed59130,-1,-1
12022,IS1bf589e0cc318e3abf3c9,-1,-1
12023,IS1975c06778418ba30dc0a,-1,-1
12024,IS19576f7341dc9aa5a53ae,-1,-1
12025,DaddyU,-1,-1
12026,gggffgffdf,-1,-1
12027,IS17c6cf93f139e12d62022,-1,-1
12028,IS1695aad8fbfe59e1ba869,-1,-1
12029,IS1fba7a5ff5b9a7180c007,-1,-1
12030,tRens,-1,-1
12031,Staffler,-1,-1
12032,IS1be03fecf10f5bceff8a6,-1,-1
12033,7LVfqXUGVi,-1,-1
12034,IS1528881ffe7a63b547e79,-1,-1
12035,lfeDV,-1,-1
12036,Dedalus,-1,-1
12037,KnusperZergling,-1,-1
12038,IS1037118d2011a68444823,-1,-1
12039,RmsOsq8CIK,-1,-1
12040,ActRaiser,-1,-1
12041,Doomy,-1,-1
12042,IS10d11d37aa63cdeaecdf8,-1,-1
12043,IS16ae9511d3e04a6d0d186,-1,-1
12044,IS1803aaa6ab6860f14b84d,-1,-1
12045,Zarko,-1,-1
12046,SSJ Goku,-1,-1
12047,VideoVillain,-1,-1
12048,IS158e5990f70848d933758,-1,-1
12049,IS1a2ba86ca7a9870aa6730,-1,-1
12050,sJKdUML21O,-1,-1
12051,IS125365a74d585a2734062,-1,-1
12052,IS13acf2b3dd3b71c858614,-1,-1
12053,IS1c3ad5d1031a5721f0753,-1,-1
12054,IS15e90637fd0d498958c41,-1,-1
12055,IS15f7a8d5ff8d558ea3f16,-1,-1
12056,IS18ad15df9a76f18179fc5,-1,-1
12057,e3Jeb,-1,-1
12058,IS19673fab1b93be2210df7,-1,-1
12059,IS1e4895b69f61eaebfc247,-1,-1
12060,IS12420c9a1cbc088035e31,-1,-1
12061,IS133b6b1ef8760801b6841,-1,-1
12062,IS18ff7b8a692a752d92cf8,-1,-1
12063,IS1cf5b169ac8d63806bd13,-1,-1
12064,IS1cb7bf0e92eb43fe27bdd,-1,-1
12065,IS111b37c51f5c76fcaff79,-1,-1
12066,IS1117d87eb79c61bdd656e,-1,-1
12067,IS16d39a0c21edb8fdc9caf,-1,-1
12068,IS1736612686f397a294fa4,-1,-1
12069,IS1dd4f17b85c426b019a0d,-1,-1
12070,IS151ccf35408683be9055c,-1,-1
12071,IS15d3c30902945bd98f699,-1,-1
12072,IS10caf7c9d6fbbf57999f7,-1,-1
12073,IS1f04c39a65a97418bb529,-1,-1
12074,IS140ef83bff8bdfd61b9aa,-1,-1
12075,IS1defae0b795cb11c19e13,-1,-1
12076,Dirty,-1,-1
12077,IS1597d8ba9718c4d7d6643,-1,-1
12078,IS116b5fd306761bb865d23,-1,-1
12079,IS1bf051713cd8db0961616,-1,-1
12080,IS1fbac9fcf22ed243127e3,-1,-1
12081,doornob,-1,-1
12082,IS131cfd25f0df9d4c8724f,-1,-1
12083,IS15fdee2a326ef8de8a3a0,-1,-1
12084,IS154b9cc35641a1044b3ca,-1,-1
12085,IS19fcf39e893ff1fd5b5bd,-1,-1
12086,swishy,-1,-1
12087,IS126672810e8afd6575408,-1,-1
12088,IS1475579da8af971f7ca6c,-1,-1
12089,Noobie,-1,-1
12090,IS19b14171efa16647d7170,-1,-1
12091,IS1d2e14ecb17d48dcc65a4,-1,-1
12092,IS11021fe928a8c4220386b,-1,-1
12093,IS1651e51dbd14fde0e361e,-1,-1
12094,IS1e17696ff654508efd86a,-1,-1
12095,IS1e2078d74593a0a16951e,-1,-1
12096,IS18bb928f7633a41db56d5,-1,-1
12097,good,-1,-1
12098,IS1327c3e7ab819ea778560,-1,-1
12099,IS13495046ef916957c7238,-1,-1
12100,IS1d89b93f14dee9add8a0b,-1,-1
12101,IS158ab871d3fd682bbf613,-1,-1
12102,IS16f73ec481b345cac1e84,-1,-1
12103,IS1105e969d31617d31fbf5,-1,-1
12104,IS194965adb965397c96dcf,-1,-1
12105,IS130bd43469423ce703e66,-1,-1
12106,IS10c665518961273af6b05,-1,-1
12107,IS13c81bb456b82791a198c,-1,-1
12108,IS15422b5324cb6e57b701c,-1,-1
12109,IS1ad25234484e38615c570,-1,-1
12110,IS15b54f30f55d8820a2f8b,-1,-1
12111,IS1337f2511cdf8b4bf907e,-1,-1
12112,IS154cbec77cc9709996dd1,-1,-1
12113,IS15eff69e6eb7f32cf1e77,-1,-1
12114,thepope,-1,-1
12115,Jetstorm,-1,-1
12116,IS18dbe0db7a49e509403c9,-1,-1
12117,Alphie,-1,-1
12118,Judge Holden,-1,-1
12119,GreatWhiteBeast,-1,-1
12120,VuthTheGreat,-1,-1
12121,IS191a5dcc0e539dd2d5106,-1,-1
12122,IS1be69bea4a1c795f49026,-1,-1
12123,IS10ea0dcba786d300620db,-1,-1
12124,IS1eff11b8ecd9e9ed5bd9e,-1,-1
12125,IS171416cddc3e42a76102c,-1,-1
12126,IS196e518bd72e62d3bf5c1,-1,-1
12127,IS1b904f41ccd406ac8f4ba,-1,-1
12128,YodaGoneMad,-1,-1
12129,IS17234ac9bf1ea9e99ae58,-1,-1
12130,IS199c88006a6956bc284e9,-1,-1
12131,IS12986abfc17e6f73ef4ab,-1,-1
12132,IS1a6bd1dca95624748e712,-1,-1
12133,TheWackyWombat,-1,-1
12134,killswitch1968,-1,-1
12135,vizionx,-1,-1
12136,xeDxJ9JIXX,-1,-1
12137,Azrock,-1,-1
12138,ChuckDaddy,-1,-1
12139,IS13499be7e59ff9f3d8e40,-1,-1
12140,KuraM,-1,-1
12141,VIaH1mfbkq,-1,-1
12142,marshmallowman,-1,-1
12143,IS1910dbfca717fc02096e7,-1,-1
12144,Listonosh,-1,-1
12145,Wisers,-1,-1
12146,mwCmRy3alZ,-1,-1
12147,qqGreyGoose,-1,-1
12148,IS1d2f2c932c8d279ddb529,-1,-1
12149,IS151206a8c4f0d6472fcf0,-1,-1
12150,IS1b820efd42dbf18eb28e1,-1,-1
12151,Ciel Bleu,-1,-1
12152,IS10ef99d777d729c423382,-1,-1
12153,IS1a9ab6556a31639190622,-1,-1
12154,IS1e40eeff5a9b07a63d953,-1,-1
12155,Chamel,-1,-1
12156,Blarfles,-1,-1
12157,Jewverine,-1,-1
12158,IS162e2d15498c3b9418630,-1,-1
12159,iimthomas,-1,-1
12160,IS18177051c3c8741dac037,-1,-1
12161,Sicom,-1,-1
12162,IS11058432c2c0ddf1f3c9a,-1,-1
12163,Cronos,-1,-1
12164,Gospel of Taric,-1,-1
12165,Eggbeater,-1,-1
12166,Hiyori,-1,-1
12167,wakawakax2,-1,-1
12168,Epoch,-1,-1
12169,Cidwin,-1,-1
12170,IS15bcb3429af70c8fd7a8b,-1,-1
12171,Damarius,-1,-1
12172,t3hgame331,-1,-1
12173,StuffandStuff17,-1,-1
12174,Rockpyle,-1,-1
12175,IS11b545688ccef17b8cfed,-1,-1
12176,DarthNinja,-1,-1
12177,thefullhalf,-1,-1
12178,Running Pebble,-1,-1
12179,Nedry,-1,-1
12180,IS169e3da1a8d72f1e5af23,-1,-1
12181,Managgia,-1,-1
12182,Husbane,-1,-1
12183,CO2Freek,-1,-1
12184,Stud Mangler,-1,-1
12185,RiotParticleMan,-1,-1
12186,Zagg,-1,-1
12187,Xevius,-1,-1
12188,Fibus,-1,-1
12189,Turkey Feathers,-1,-1
12190,Denchfeng,-1,-1
12191,IS1df88993ad475dedf6b77,-1,-1
12192,IS15a618c769110e712745b,-1,-1
12193,IS17a68442ddab7a28f5608,-1,-1
12194,JeeJax,-1,-1
12195,IS19619df8c8a5a6c2717a2,-1,-1
12196,Machinat,-1,-1
12197,IS1ac76ff3f69975cb3e7ae,-1,-1
12198,Haraam21062,-1,-1
12199,FedorIsBest,-1,-1
12200,Deminis,-1,-1
12201,HerkermerHomolka,-1,-1
12202,CaducityX,-1,-1
12203,Oz Ozzie,-1,-1
12204,IS129b9e6dea71c8c247959,-1,-1
12205,IS1439b68c4a4945a27daf2,-1,-1
12206,IS12c2e6fca7b77741de3a6,-1,-1
12207,Sintarow,-1,-1
12208,ehumps,-1,-1
12209,Belpaw,-1,-1
12210,IS1b596c080297d6903cf39,-1,-1
12211,IS1c2ddd3b611099436037a,-1,-1
12212,IS11874abca57cefbd59200,-1,-1
12213,IS1af408180b5abfa83ae87,-1,-1
12214,IS1c1e8e902094e0a0d97a2,-1,-1
12215,Uruviel,-1,-1
12216,Anang,-1,-1
12217,Boot to the head,-1,-1
12218,Godslayer Rion,-1,-1
12219,taggerung88,-1,-1
12220,badpun,-1,-1
12221,TeddyMchuggin,-1,-1
12222,IS11309ea6a36453190b70e,-1,-1
12223,slowtreme,-1,-1
12224,Shmii,-1,-1
12225,MOO MOO MOFO,-1,-1
12226,Oddiz,-1,-1
12227,IS192f023613b276edf4293,-1,-1
12228,Lilchunz,-1,-1
12229,Shamus,-1,-1
12230,TreyMendus,-1,-1
12231,IS13a9185457daa22f95c96,-1,-1
12232,Minaxter,-1,-1
12233,IS1127993271e8c504ded45,-1,-1
12234,Kyuketsuki,-1,-1
12235,Zeero,-1,-1
12236,Dudeman Actual,-1,-1
12237,n3tt0,-1,-1
12238,Zergling Bot,-1,-1
12239,Ukrops,-1,-1
12240,Aryx,-1,-1
12241,Catloaf,-1,-1
12242,IS1fcb8447a9a1b3a78ee73,-1,-1
12243,Anduiril,-1,-1
12244,e7uwqattM7,-1,-1
12245,IS1a1551f47198cfccae577,-1,-1
12246,Rcool63,-1,-1
12247,Hughman,-1,-1
12248,BigChuckle,-1,-1
12249,The Poj,-1,-1
12250,IS1d6a36df817992d2a2ef3,-1,-1
12251,Crippl3,-1,-1
12252,Amani,-1,-1
12253,IS1274235c7ccdb2541b540,-1,-1
12254,IS13c719bb351eefcf1669f,-1,-1
12255,WilliamCoe,-1,-1
12256,MikeBusto,-1,-1
12257,89mph,-1,-1
12258,IS1f7f0857260404eab4d41,-1,-1
12259,Sizu,-1,-1
12260,Tolbrius,-1,-1
12261,Dreconus,-1,-1
12262,Intrepid Pickle,-1,-1
12263,Trenan,-1,-1
12264,merlik,-1,-1
12265,Ryoman141,-1,-1
12266,Quadrillion,-1,-1
12267,IS1dfaab4c97764f8bb27d7,-1,-1
12268,ForeverBrainless,-1,-1
12269,IS142d075a466c19efcb9da,-1,-1
12270,IS1ce0a575ae0a35c06c79c,-1,-1
12271,Dibbler,-1,-1
12272,IS11296214afd7cc3670450,-1,-1
12273,IS18ad14d48c3ebe9cf76bf,-1,-1
12274,IS123ac74ebc110948bb693,-1,-1
12275,qkus2S0TEq,-1,-1
12276,IS11c3ab209a0ed1b9abeb6,-1,-1
12277,Genivieve,-1,-1
12278,jzilla,-1,-1
12279,Astitious,-1,-1
12280,WeeZeL79,-1,-1
12281,IS18fbdfe50a5cd69ff8e50,-1,-1
12282,Le PampIemousse,-1,-1
12283,def4ce,-1,-1
12284,somewhere,-1,-1
12285,IS1751d7a407a8cdb2b1111,-1,-1
12286,Serphim,-1,-1
12287,h3adrush,-1,-1
12288,SpikedPunchVictim,-1,-1
12289,Akhtal,-1,-1
12290,IS16ae9b22cbb3cb4d88179,-1,-1
12291,IS1d6e54f01504e3aa92f96,-1,-1
12292,IS16fa3a6ec7c196,-1,-1
12293,Mords,-1,-1
12294,Patience,-1,-1
12295,IS1bd6bc2cf358dbcb7ed00,-1,-1
12296,Jorund,-1,-1
12297,IS12b77e94c0c09a10690c8,-1,-1
12298,IS1c0ecf70741a846c34d1d,-1,-1
12299,IS1d0a5b027e13e62fc6943,-1,-1
12300,Orlidan,-1,-1
12301,IS1cb38d5f12178452125eb,-1,-1
12302,IS145e1de64114c04afdaf5,-1,-1
12303,Yushiamo,-1,-1
12304,adzig8,-1,-1
12305,bluecadet3,-1,-1
12306,JustTrolling,-1,-1
12307,IS155b48cbc839e095326a4,-1,-1
12308,PauSiopao,-1,-1
12309,IS18d91afd49026dd3b1062,-1,-1
12310,IS131b17b6156e8fcdc6e3c,-1,-1
12311,ESF Lore Card,-1,-1
12312,IS17665f346cbd6e52cc10d,-1,-1
12313,Darude Danstorm,-1,-1
12314,IS19bfe4ca64599f0e661df,-1,-1
12315,IS1ae16dea2f3104d7f9439,-1,-1
12316,IS1a1c7c73c73e4d27aeba4,-1,-1
12317,IS1b42dfe121affba356822,-1,-1
12318,IS134142c8a88e7a3796cd5,-1,-1
12319,IS1f6378e1fd7917aa05b5f,-1,-1
12320,VHQVZJAdAF,-1,-1
12321,inabysskit,-1,-1
12322,Zampanò,-1,-1
12323,Thromm,-1,-1
12324,Trezzi,-1,-1
12325,danhoy,-1,-1
12326,Pwnernaut,-1,-1
12327,jteezy805,-1,-1
12328,jgpz5V3jkw,-1,-1
12329,IS17a733c661fa9bfbe89ec,-1,-1
12330,IS1568a7724296d431785f0,-1,-1
12331,Eviscera,-1,-1
12332,namn1985,-1,-1
12333,jahbronee,-1,-1
12334,IS1c5b322ad798b8ef225a7,-1,-1
12335,mtug,-1,-1
12336,JTUtlJSuiD,-1,-1
12337,IS15b9b7f8cb36dc1fa35f0,-1,-1
12338,MiddZzY,-1,-1
12339,k0ster,-1,-1
12340,AbyssionX,-1,-1
12341,IS15d249747cab7be43f7d5,-1,-1
12342,IS131f5a1d24e1e19a78539,-1,-1
12343,teej1,-1,-1
12344,kc7KaKH2uo,-1,-1
12345,Koukouvaie,-1,-1
12346,FFtr8Zgs2J,-1,-1
12347,CrosbyStillsNash,-1,-1
12348,BooMaster,-1,-1
12349,s4X9HCSRTb,-1,-1
12350,Fl9Mx0KM6b,-1,-1
12351,Nexussix,-1,-1
12352,IS1ae85aededcc798f22c4a,-1,-1
12353,SenuiG,-1,-1
12354,IS19dcdcb6f6e22bc51eac9,-1,-1
12355,Leksu,-1,-1
12356,IS1840dad40251576e5b757,-1,-1
12357,Tiny Sky Dancer,-1,-1
12358,IS18d4637d60c86c2a2f5b6,-1,-1
12359,IS1921589adf460c85cd824,-1,-1
12360,spliffingtoN,-1,-1
12361,SilentDemise,-1,-1
12362,nhBIGSWOLL,-1,-1
12363,tehk,-1,-1
12364,DirtySouthBoss,-1,-1
12365,IS12353f399953579424997,-1,-1
12366,IS1ed51d1e9459a0edb5934,-1,-1
12367,chronicDANK,-1,-1
12368,IS136bedf12b75d723abc1d,-1,-1
12369,Spectre727,-1,-1
12370,IS1b91def7fac026ead455c,-1,-1
12371,IS17e60c393f84d196425a7,-1,-1
12372,IS149ba1c51f38d8781c525,-1,-1
12373,Princess Stacey,-1,-1
12374,TeXgg4Iqem,-1,-1
12375,HHBarygAeS,-1,-1
12376,BelgaNoob,-1,-1
12377,kg89,-1,-1
12378,d0grent,-1,-1
12379,IS111ed4cb65ed437f0855b,-1,-1
12380,IS1f50204a1fe6dbf2e1d0a,-1,-1
12381,IS156942e0e62c30953bd85,-1,-1
12382,IS1c4fd0e9806ea87e3105f,-1,-1
12383,IS13f03563daa7f1373fb09,-1,-1
12384,Cb4ss,-1,-1
12385,Zeyk,-1,-1
12386,FIeW09J3qf,-1,-1
12387,IS1a8705e9c75ca5720f3b5,-1,-1
12388,Level5Pidgey,-1,-1
12389,iamstonedx1000,-1,-1
12390,2eDdL6uG5n,-1,-1
12391,IS1c5389dfc3100ebb4b7a0,-1,-1
12392,IS1de7657e6680444ceff62,-1,-1
12393,IceFyre,-1,-1
12394,Leaf Runner,-1,-1
12395,IS1deccee9063a381e71ac5,-1,-1
12396,IS12859e28e9f78dd886f06,-1,-1
12397,IS11a0780b49d66523427ed,-1,-1
12398,IS1ebaaca22dd182b6f2a1c,-1,-1
12399,IS1d2c2481fe1252019266e,-1,-1
12400,3XlsNcpSzW,-1,-1
12401,Ramzi,-1,-1
12402,IS1070beaf455c2cabb782b,-1,-1
12403,Insidious,-1,-1
12404,Foct,-1,-1
12405,IS10b58051bda2c11721e56,-1,-1
12406,IS11fb58934b7745d71e8ad,-1,-1
12407,IS13c9ba8ba0e00b,-1,-1
12408,zimbie,-1,-1
12409,IS181e6128aa6f2979a7944,-1,-1
12410,IS1bb335ef4c917657362b9,-1,-1
12411,Celentra,-1,-1
12412,IS11b6e4a31d9d668849979,-1,-1
12413,war32,-1,-1
12414,IS1c69ba3f517e68,-1,-1
12415,IS16e3b5a3024da5,-1,-1
12416,DarK LyzeN,-1,-1
12417,Lazarus,-1,-1
12418,FRctZeHAZZ,-1,-1
12419,iceiceiceFraud,-1,-1
12420,IS13d872116d3c2840fd37c,-1,-1
12421,DeVall187,-1,-1
12422,Valrath,-1,-1
12423,Nark0Punk,-1,-1
12424,IS132cdce40f2da0c437ee4,-1,-1
12425,icyjfrog,-1,-1
12426,sweatshopking,-1,-1
12427,IS167f3a81aa326160128c7,-1,-1
12428,IS1b4c577d169d3343a5452,-1,-1
12429,IS1f1499c2dc64b7072e735,-1,-1
12430,Pidpad,-1,-1
12431,IS1e03911b48b876ecf448e,-1,-1
12432,IS18db4d1045d3538e69c50,-1,-1
12433,IS1578e5e627cd93ab0938a,-1,-1
12434,Arpeggio23,-1,-1
12435,IS14e5972cee1cf00382445,-1,-1
12436,Lucrin,-1,-1
12437,IS1743f5636110435721adb,-1,-1
12438,seresibyl,-1,-1
12439,IS1f4e7f6a97bb3b406c7b8,-1,-1
12440,TehChozenJUAN,-1,-1
12441,Zxypher,-1,-1
12442,IS13f084237a48a1c2b7ea4,-1,-1
12443,T6UtzxRNBf,-1,-1
12444,IS1750d65d42a3a6,-1,-1
12445,IS1fecf9796cb9706c75eec,-1,-1
12446,T7o3JeFa7j,-1,-1
12447,Severed,-1,-1
12448,Enchaladito,-1,-1
12449,IS10e28c61e029120c518c9,-1,-1
12450,fSxhSCqA3p,-1,-1
12451,IS1f55a3f9e7ddd3694f546,-1,-1
12452,iamwooooo,-1,-1
12453,IS1b970f96f706e4b12617b,-1,-1
12454,Gambit,-1,-1
12455,IS119523264f6552,-1,-1
12456,Gaaaooooo,-1,-1
12457,Khuma,-1,-1
12458,Madrigal,-1,-1
12459,IS1a243ffddf161ca712757,-1,-1
12460,Miles Long,-1,-1
12461,IS1b16eb8fc5cec2690beb9,-1,-1
12462,Usucko,-1,-1
12463,Facemelter,-1,-1
12464,BumbleBui,-1,-1
12465,MageMaster,-1,-1
12466,Runits,-1,-1
12467,vzbcrPZGb9,-1,-1
12468,OranGe,-1,-1
12469,IS191bf2bbe1721ed65f225,-1,-1
12470,ghdwscwssrghel,-1,-1
12471,IS1b0738e22c3b8745f937d,-1,-1
12472,IS1e12ed2cab9bcb9ec0ba0,-1,-1
12473,IS1f05cad800f50b14875e6,-1,-1
12474,IS1043b664c121bd22f853c,-1,-1
12475,blitz or feed,-1,-1
12476,Militiades,-1,-1
12477,IS16610e192bd156d58c4e3,-1,-1
12478,KingOfTown,-1,-1
12479,IS1769429463d62d8212877,-1,-1
12480,Jczie,-1,-1
12481,Michael Dean,-1,-1
12482,Switch,-1,-1
12483,IS16141ff60a9845c9964b4,-1,-1
12484,IS13ed65a2ebba0c7d3a96e,-1,-1
12485,YQ4dlVHaMH,-1,-1
12486,Ardane,-1,-1
12487,IS1e621437a73c326840a20,-1,-1
12488,ds8lKQ4YwY,-1,-1
12489,Wh0re1sland,-1,-1
12490,IS142f6cccce46bf3fa53e8,-1,-1
12491,IS158dd76149a68e579d4f3,-1,-1
12492,Zignoia,-1,-1
12493,IS162084373f54a217a9162,-1,-1
12494,CaD7Cfl6Aj,-1,-1
12495,sgm88,-1,-1
12496,Negronos,-1,-1
12497,GatsbyK,-1,-1
12498,ch405theory,-1,-1
12499,Frio,-1,-1
12500,wcatdoor,-1,-1
12501,jBtdI8NQZ4,-1,-1
12502,IS192585b7e90e8708143f1,-1,-1
12503,Thrar,-1,-1
12504,Cold,-1,-1
12505,So Sexy,-1,-1
12506,Soni5,-1,-1
12507,IS11d3a4c6790fa159876ba,-1,-1
12508,IS110896dce21303a8e7fda,-1,-1
12509,OG Rynos,-1,-1
12510,BagMD,-1,-1
12511,IS1b6489e0340b2292ebd5e,-1,-1
12512,7mpY60xY3j,-1,-1
12513,Wa7xyMaRow,-1,-1
12514,tBmIvY8XHo,-1,-1
12515,IS14bf0678e0b029f3e8c3b,-1,-1
12516,Omnifreeze,-1,-1
12517,disabledmuffin,-1,-1
12518,DWqXVtVKqv,-1,-1
12519,Mango,-1,-1
12520,IS181eba7b2fc4a11bf0cb8,-1,-1
12521,IS1f050c636cc507a59f5a3,-1,-1
12522,Phyxion,-1,-1
12523,IS192bbf2996bb4d8ff7657,-1,-1
12524,Jucrado,-1,-1
12525,IS1c8439ab3de83b480ccf6,-1,-1
12526,Evil Lincoln,-1,-1
12527,wOSGv71iTv,-1,-1
12528,IS1b5b464805d6e554dd0d4,-1,-1
12529,Geoff,-1,-1
12530,IS1bf566ea7ec757f3325c4,-1,-1
12531,IS14e297f0030cf08887426,-1,-1
12532,Kristopher,-1,-1
12533,IS1b25fe94fded970aa057e,-1,-1
12534,Target2,-1,-1
12535,Loo Kazoo,-1,-1
12536,GamingCthulhu,-1,-1
12537,vlhx,-1,-1
12538,IS142af334933e9261e53be,-1,-1
12539,ph3onix,-1,-1
12540,IS1458b881ee5a1a2404281,-1,-1
12541,sasilverman,-1,-1
12542,X RazorBlade X,-1,-1
12543,Xalot,-1,-1
12544,Jyos,-1,-1
12545,IS104cfa7787dbbffe246cf,-1,-1
12546,wKarrde,-1,-1
12547,anjuna,-1,-1
12548,IS1ea447389c5fefca09c61,-1,-1
12549,Strell,-1,-1
12550,Domoe,-1,-1
12551,IS14efddf34a0e90b21fcb4,-1,-1
12552,Gemiash,-1,-1
12553,geckoagua,-1,-1
12554,IS12ca55c284344a9750c2e,-1,-1
12555,oxalic,-1,-1
12556,IS16c0fd437286a1ff6f1f0,-1,-1
12557,Boombaztik,-1,-1
12558,mikelantel,-1,-1
12559,Xarteck,-1,-1
12560,IS168a7c35d109bec48aebf,-1,-1
12561,IS172575629709336826443,-1,-1
12562,IS150f59ffcac4f2dda83f1,-1,-1
12563,High99,-1,-1
12564,Echoedoblivion,-1,-1
12565,IS1ece0dae5d302675f1609,-1,-1
12566,IS106538cd9be5fd3ba51c1,-1,-1
12567,IS1bbbc10cfce7ffb67162e,-1,-1
12568,eulogy,-1,-1
12569,IS1fec8567a3769263d1c5c,-1,-1
12570,KingKoopa2g,-1,-1
12571,IS1d8446fc3bf227c1e4b83,-1,-1
12572,kta,-1,-1
12573,IS18cef7c0f22de9c3461e3,-1,-1
12574,Croxot,-1,-1
12575,IS1e20e91db1fe61221228f,-1,-1
12576,IS1a451cdd72d6289caff1c,-1,-1
12577,xypher816,-1,-1
12578,TRAPCARD,-1,-1
12579,Midgetclaws,-1,-1
12580,IS16d2ded133e891995dc9e,-1,-1
12581,Deaths Envoy,-1,-1
12582,IS138fe8dcc73f58cae9530,-1,-1
12583,IS17a041322410bbbbb2c30,-1,-1
12584,IS1a4b1d7534b6bdc8ee5f6,-1,-1
12585,Prometheus,-1,-1
12586,InFaMOUS331,-1,-1
12587,Dustcloud,-1,-1
12588,soupy,-1,-1
12589,IS1ed4024a901c57e811167,-1,-1
12590,adas01,-1,-1
12591,IS17115408f4fd8a8557751,-1,-1
12592,Sn0rlax,-1,-1
12593,kayos90,-1,-1
12594,IS15d8953c42e4a49978e38,-1,-1
12595,Roflpotamus,-1,-1
12596,aWJwtPfQAZ,-1,-1
12597,Loominal,-1,-1
12598,IS10e0cf18f745a1,-1,-1
12599,entc,-1,-1
12600,Lonesnipa,-1,-1
12601,Grogui Lee,-1,-1
12602,Loresong,-1,-1
12603,IS11c1fe8769d705207f040,-1,-1
12604,IS158f30cbc80ea8b9e794a,-1,-1
12605,Bruce,-1,-1
12606,bt2PhWdxr5,-1,-1
12607,GaDr,-1,-1
12608,IS13bf935e94036b41979b2,-1,-1
12609,IS1cda4237de18e9126b2d2,-1,-1
12610,IS138a2a24eebe5ecbad410,-1,-1
12611,Longino,-1,-1
12612,Luynu,-1,-1
12613,Axsynth,-1,-1
12614,Rangerbob,-1,-1
12615,IS1093c8bbf499ae9966cfc,-1,-1
12616,TheFUNgineer,-1,-1
12617,IS1f1a8bd1437eb1b79c040,-1,-1
12618,Seando182,-1,-1
12619,IS104b3472e226327b0b52f,-1,-1
12620,IS1ff9ea5925bbd8975b203,-1,-1
12621,0ldDirtyBastard,-1,-1
12622,Krakatoa,-1,-1
12623,Aaronax,-1,-1
12624,PetrickSter,-1,-1
12625,Ingonyama,-1,-1
12626,Raspberyl,-1,-1
12627,Archark,-1,-1
12628,IS103a0f619db7032e9d279,-1,-1
12629,IS1f294f5b593c4c071500e,-1,-1
12630,Claudio,-1,-1
12631,Tnans,-1,-1
12632,SuperGeon,-1,-1
12633,IS1d148d136259a089d354a,-1,-1
12634,Florburz,-1,-1
12635,IS1bf35afc623218eaefe13,-1,-1
12636,IS1149351d36fb06a31828f,-1,-1
12637,IS1bb50a210ba4a8db4ce8c,-1,-1
12638,Mr Krebs,-1,-1
12639,IS162366a02003089ab9894,-1,-1
12640,Seedot,-1,-1
12641,OnNAd14JH5,-1,-1
12642,f ger er tare,-1,-1
12643,TheDJ,-1,-1
12644,Stonn,-1,-1
12645,AClassyLady,-1,-1
12646,samus911,-1,-1
12647,KTeSef9y2y,-1,-1
12648,Ruel,-1,-1
12649,IS139eff4effce7901714bc,-1,-1
12650,IS1f705123f3183a081ce28,-1,-1
12651,Aselus,-1,-1
12652,IS165ac4408effd7ce41fb7,-1,-1
12653,ANGaQC5CBA,-1,-1
12654,Kizmet,-1,-1
12655,Alconok,-1,-1
12656,GaoZiXiang,-1,-1
12657,QqjLNttzw7,-1,-1
12658,why2kay,-1,-1
12659,Stealer,-1,-1
12660,xro1zaBiEr,-1,-1
12661,IS176ba9d38a3cccd33a79a,-1,-1
12662,MrChinkHoi,-1,-1
12663,IS11948560c79080eda548f,-1,-1
12664,aK13,-1,-1
12665,IS1b4f1a7a6c1e2d24eda9e,-1,-1
12666,IS1dee91aa0cc03c0b97bdd,-1,-1
12667,IS13939fca9916a27115445,-1,-1
12668,IS1a7e2b7057a5ac2c489f8,-1,-1
12669,eggulocity,-1,-1
12670,The Minotaur,-1,-1
12671,IS113e12fc5fe070e40ee7e,-1,-1
12672,nIWr3kdXZ1,-1,-1
12673,Koma,-1,-1
12674,IS17a44bf340fc11d93e8ab,-1,-1
12675,IS114a9cef5305b85a28273,-1,-1
12676,IS14631a8418e4d246e55fa,-1,-1
12677,IS10044bcb756fd2ab2370f,-1,-1
12678,IS16110c2497ea4f5ead1f1,-1,-1
12679,IS1642eca4c21bd3fa5e9e3,-1,-1
12680,IS10ea41999e0d9290ce7d1,-1,-1
12681,Hammith,-1,-1
12682,Nevets973,-1,-1
12683,IS111ace641794f89c19e1c,-1,-1
12684,IS1ca8c22616cadac7b6b84,-1,-1
12685,The Niger Smurf,-1,-1
12686,IS14ef51f0542d4ae60e281,-1,-1
12687,IS17df6e79b0be391f720e4,-1,-1
12688,Phyrax,-1,-1
12689,wg9p7ZXsd4,-1,-1
12690,IS12796100bbd67eca81450,-1,-1
12691,IS196fae76c68bc2268c128,-1,-1
12692,Tresrosas,-1,-1
12693,3ClhWPfdd1,-1,-1
12694,524ms,-1,-1
12695,Menester,-1,-1
12696,AOG1,-1,-1
12697,Fhqwhgads,-1,-1
12698,Burtus,-1,-1
12699,IS12b0b23d4473a72373a0a,-1,-1
12700,IS18f88ab4effb397c59f92,-1,-1
12701,IS152aca6381ff6df0f6cec,-1,-1
12702,IS15b7c38f29416dfd0ba69,-1,-1
12703,IS10edda0c648e455bc5bc1,-1,-1
12704,IS1a2b16ec4a40af48d7c69,-1,-1
12705,IS10c219dcafae6e0f35043,-1,-1
12706,IS168ebd5be9064105f0705,-1,-1
12707,Rebirth90,-1,-1
12708,IS16b1d28115a1f92ab8bb6,-1,-1
12709,IS1e48a10c5b2dce99a3cfc,-1,-1
12710,IS1e46fd2e688f76e3f3928,-1,-1
12711,BIack AIistar,-1,-1
12712,Shabazza,-1,-1
12713,IS1b5aee3ad8eec65a4a70f,-1,-1
12714,IS11cef75ffbe159c1f322e,-1,-1
12715,selowan,-1,-1
12716,AetherPrime,-1,-1
12717,IS15de8d1e52c4c49baac06,-1,-1
12718,IS12b5249daaa73cec0189b,-1,-1
12719,IS1336221a695e83618b69d,-1,-1
12720,grscysesbrghede,-1,-1
12721,IS1c16823077bd874693e9c,-1,-1
12722,IS1f152d8a0c574872251aa,-1,-1
12723,IS1bebca4f47216650521ed,-1,-1
12724,IS1d3c70e5bacdfbf9714e1,-1,-1
12725,IS10758856e71a272601ac5,-1,-1
12726,PQNECcfcN3,-1,-1
12727,IS14bc4a1c1e70bce477b46,-1,-1
12728,IS1ce6841dd9a5035da2def,-1,-1
12729,IS17d230d709259df335c48,-1,-1
12730,Bghrredwghldred,-1,-1
12731,Ralkarin,-1,-1
12732,SxDILwq1LO,-1,-1
12733,IS12ceecb455c33c21ef32a,-1,-1
12734,IS13250ae5649ea19e5c381,-1,-1
12735,IS1c38c7ba636380151daca,-1,-1
12736,IS154a60d33ca59499913ca,-1,-1
12737,IS168e1643b5ec310cd5d8c,-1,-1
12738,IS1aab7d224bba4306971fb,-1,-1
12739,IS1faa6bdf39ca6b399c28c,-1,-1
12740,IS128d79233c34ffe4ccf8b,-1,-1
12741,Envious,-1,-1
12742,Keldon95,-1,-1
12743,IS12574acfaa8058063dc58,-1,-1
12744,IS15041f87d209b458fcdf3,-1,-1
12745,Saferide,-1,-1
12746,wOobr,-1,-1
12747,IS15fd5606e7d710a0763eb,-1,-1
12748,IS10b4f1c17b7b296f07cdb,-1,-1
12749,IS1fc5586c0939b38c12127,-1,-1
12750,IS1c25cf5ed131317fe88de,-1,-1
12751,Warchamp7,-1,-1
12752,IS1433419cb104eeab915c2,-1,-1
12753,LiquidMK2,-1,-1
12754,IS1c232d4d284754e19d9cf,-1,-1
12755,IS1ca51dbadb7cbd02471ae,-1,-1
12756,IS1eb4df8e7b4cfbeb234b7,-1,-1
12757,IS196dfa7c219db523f73a6,-1,-1
12758,Edweezy,-1,-1
12759,ryani,-1,-1
12760,IS1c72274c8ad819f688c21,-1,-1
12761,IS19bee5b36f3d413c51842,-1,-1
12762,TdUX3PqkXM,-1,-1
12763,IS1f987685b6eddca072d4f,-1,-1
12764,Liquid,-1,-1
12765,IS17564c07c0559808294fa,-1,-1
12766,IS1465086c9752e6508e0ec,-1,-1
12767,IS13e2548d12dfbc3d5a0c8,-1,-1
12768,hnJOA6Nrqw,-1,-1
12769,IS13053f02bdfb2c3066c1d,-1,-1
12770,IS1dd1199828ea005928f85,-1,-1
12771,wZc6sf8pWl,-1,-1
12772,IS1a243e300638262f9242d,-1,-1
12773,maruchan noodle,-1,-1
12774,GameYardPC11,-1,-1
12775,IS16ad873f38e9d4292528d,-1,-1
12776,GameYardPC10,-1,-1
12777,andpancakes,-1,-1
12778,Alyosha,-1,-1
12779,ValveDidItBetter,-1,-1
12780,Z2 Fuga,-1,-1
12781,IS1ea6f39b9419877dfc81f,-1,-1
12782,IS11391820b462874c05e16,-1,-1
12783,IS15c970603fbe7b70364f9,-1,-1
12784,GameYardPC09,-1,-1
12785,GameyardPC08,-1,-1
12786,nH9AwsaZtd,-1,-1
12787,GameYardPC07,-1,-1
12788,Hyugga,-1,-1
12789,GameYardPC06,-1,-1
12790,IS1252b47eb4a486d4f7f38,-1,-1
12791,GameYardPC05,-1,-1
12792,GameYardPC04,-1,-1
12793,D4vpZIHEV4,-1,-1
12794,RoseOfSharyn,-1,-1
12795,IS10c7b21788231308caeab,-1,-1
12796,IS1fe0baefd3839d1529a4f,-1,-1
12797,GameYardPC02,-1,-1
12798,GameYardPC03,-1,-1
12799,Beared,-1,-1
12800,IS18908a4d317d6ef44a4d0,-1,-1
12801,IS1c8c5c3e3d9d1b9ba3ec0,-1,-1
12802,rinso,-1,-1
12803,IS1cba73809fd0b7e262436,-1,-1
12804,Kremitt,-1,-1
12805,IS1e75101bd223fe6319dec,-1,-1
12806,theguyoncouch,-1,-1
12807,IS14b68398e14af4be0bdc3,-1,-1
12808,Leizar,-1,-1
12809,IS119eba2239c13c19bead4,-1,-1
12810,IS13317695f2f619988ef41,-1,-1
12811,PerfectSin11,-1,-1
12812,SirBaked,-1,-1
12813,comradeHac,-1,-1
12814,IS109d436f89c57efa23735,-1,-1
12815,oR BlueWizard,-1,-1
12816,IS14f39d85fd87a2414a300,-1,-1
12817,IS1038cfa92723d64c52900,-1,-1
12818,IS1b3d614d140f9cd43c242,-1,-1
12819,IS11a4284fe7ed5a8b79496,-1,-1
12820,IS1b479f173f387595d79e5,-1,-1
12821,IS17added79518f0e850026,-1,-1
12822,F9yRJ5H9vu,-1,-1
12823,Konrad,-1,-1
12824,Chainsmoker,-1,-1
12825,Q5Qxk2U299,-1,-1
12826,hMbhBMsPXJ,-1,-1
12827,Mathius,-1,-1
12828,IS18441c4cbc6058277c844,-1,-1
12829,IS1ea0c4d365ad4f973fe67,-1,-1
12830,IS1866af372589e011d4242,-1,-1
12831,Illbill,-1,-1
12832,IS1cc749ac0a3bdcd98fca0,-1,-1
12833,Abiectus,-1,-1
12834,JohanCC,-1,-1
12835,White Dæmon,-1,-1
12836,IS1df12cfc4e8f6d60b7147,-1,-1
12837,IS112b272d5251f6a31489c,-1,-1
12838,IS1c54c0ebc2696c0f55fdd,-1,-1
12839,Azryal,-1,-1
12840,IS13e54fdf15aff3da8a918,-1,-1
12841,Chip King,-1,-1
12842,IS1a0fe1189f8bc13af1f99,-1,-1
12843,IS13dc4231e4cc3a718362c,-1,-1
12844,IS10f287e5329d840975bcb,-1,-1
12845,ohkaykaykay,-1,-1
12846,IS1b8fe55d8c3f6d8b0484d,-1,-1
12847,IS1fa13c4a035fa16bb99ed,-1,-1
12848,Nethros,-1,-1
12849,IS170ae9830d7f73fad61ab,-1,-1
12850,IS1e986ac5c1cd65cef13ff,-1,-1
12851,Raisin,-1,-1
12852,Primewave,-1,-1
12853,IS1b0cc85519a2ad3fec050,-1,-1
12854,Poxo,-1,-1
12855,Gumballcrash,-1,-1
12856,Neodymium Man,-1,-1
12857,Ghetto Chocolate Milk,-1,-1
12858,IS189b0da0c67a0713f80bb,-1,-1
12859,IS18b57b30f64b549b688f8,-1,-1
12860,JusS0MEguy,-1,-1
12861,IS16e9fe5de743f134186ab,-1,-1
12862,Vergewaltige,-1,-1
12863,WpWJhGKqBk,-1,-1
12864,Pøkey,-1,-1
12865,Devroe,-1,-1
12866,Theonetoast,-1,-1
12867,IS1dfe9049d4b2177bb932d,-1,-1
12868,Phranx,-1,-1
12869,IS116a3f8daf637f4a7a6b4,-1,-1
12870,deathmace,-1,-1
12871,Johnnymac,-1,-1
12872,IS124f5b4c47bb30798b770,-1,-1
12873,IS15d7f46176eb7c05af0ea,-1,-1
12874,hsdfh,-1,-1
12875,IS1298f64353d6f3e25ffac,-1,-1
12876,Hucko,-1,-1
12877,IS1a3747200e0e617cb73d5,-1,-1
12878,IS1e567747155f54a000542,-1,-1
12879,IS18c2909a8669d78a338cb,-1,-1
12880,ZlsQI2VGzx,-1,-1
12881,IS17fffd582cad93,-1,-1
12882,IS1f669180eed60be305c42,-1,-1
12883,Vinny,-1,-1
12884,Verzanize,-1,-1
12885,Zindaras,-1,-1
12886,Indalamar,-1,-1
12887,7fv8wp9kmk,-1,-1
12888,DREADNARR,-1,-1
12889,zQDLXARVTt,-1,-1
12890,MingLi,-1,-1
12891,Bosko,-1,-1
12892,Kharnal,-1,-1
12893,IS112c8a6da7c426bbc7e69,-1,-1
12894,Bloodquist,-1,-1
12895,IS1c2341eb5957a1e9c2f5f,-1,-1
12896,IS1d204a9c3a92e55e4aeab,-1,-1
12897,IS1e27ff88b8de694fee22e,-1,-1
12898,IS1c6046d12de9cb4033d5d,-1,-1
12899,DJUnratedKilla,-1,-1
12900,IS11df1f369094ffb4bda7c,-1,-1
12901,Dravicus,-1,-1
12902,IS16bc8d2eb3a0b9717d326,-1,-1
12903,Pyrocro,-1,-1
12904,IS173583a680da7f20ef5e9,-1,-1
12905,IS1ca2aa09823ebbfd3d5ed,-1,-1
12906,IS1462884f5c510426474ff,-1,-1
12907,Drock,-1,-1
12908,eWmDClhD7T,-1,-1
12909,IS1aaa26558b309fa044e01,-1,-1
12910,TaterNutts,-1,-1
12911,IS145073fec3fb4ef67e3b9,-1,-1
12912,IS1eee6060129d6f8c76ecb,-1,-1
12913,IS126a410c5af6b22b7b80b,-1,-1
12914,IS14bf803f45ac3f9a8fabb,-1,-1
12915,R1fts,-1,-1
12916,IS1656d1dc0d8f008f566c5,-1,-1
12917,Mushikhan,-1,-1
12918,IS1a03f30f57246f9c3d4f9,-1,-1
12919,honor3us2,-1,-1
12920,50 Shades of Sun,-1,-1
12921,IS1482463da696285a4def0,-1,-1
12922,IS16babcf557b982eee50b4,-1,-1
12923,Vykin,-1,-1
12924,IS10184e93c2c5594a934c4,-1,-1
12925,Löwè,-1,-1
12926,vinyldubb,-1,-1
12927,Dj Phylactery,-1,-1
12928,IS14e16256d0c3e74edf1b5,-1,-1
12929,IS1e7a46d37c8070285c9ef,-1,-1
12930,KingNikon,-1,-1
12931,CrackerNaper,-1,-1
12932,BlackCircle,-1,-1
12933,IS1462fd6eb5956da8876f2,-1,-1
12934,IS184b636381084d6932695,-1,-1
12935,WinterAyars,-1,-1
12936,IS1d4aa84acc071d563df92,-1,-1
12937,IS174034730d06aa6ab049c,-1,-1
12938,miewk,-1,-1
12939,Rexx,-1,-1
12940,Nonpareil,-1,-1
12941,Excalibur,-1,-1
12942,IS11bd4962cec8605c5676a,-1,-1
12943,Pvt Doggins,-1,-1
12944,8llllllllllD,-1,-1
12945,IS15f9867708bf71782cda6,-1,-1
12946,BeeyuwOOP,-1,-1
12947,IS1eda19f34e2f6197e2236,-1,-1
12948,IS199df38e74ee891f86f77,-1,-1
12949,Snucka,-1,-1
12950,IS1bcce60261950230e734b,-1,-1
12951,IS14ff421d335f15170775e,-1,-1
12952,IS134407e339c29b71fa727,-1,-1
12953,whattheeff,-1,-1
12954,AlexPB,-1,-1
12955,GOODdaySIR,-1,-1
12956,IS1bd434f20ad5ec4dd6b48,-1,-1
12957,IS1d86e04c9049a1eeda4a3,-1,-1
12958,IS1e469f915ffdbc55f6e2e,-1,-1
12959,Hailblade,-1,-1
12960,IS186a7b345fb515d41e14b,-1,-1
12961,LiDazrQ9M9,-1,-1
12962,IS1ab55bfaa89e9c524c9f0,-1,-1
12963,Itchypeepee1025,-1,-1
12964,Andycapped,-1,-1
12965,IS1d525550e95c900d6b644,-1,-1
12966,IS1ecb871a3f0fb44e1a4d0,-1,-1
12967,IS1e1e2a6985974062b664c,-1,-1
12968,IS160d2c590de5146e67b4c,-1,-1
12969,IS1bb7304ea43cd687929f0,-1,-1
12970,NyHeartless,-1,-1
12971,IS15603158ed65149db7dd6,-1,-1
12972,IS19f51f1ed3ce20120bbd9,-1,-1
12973,poppajoel,-1,-1
12974,Knuckle,-1,-1
12975,IS1f499eadb49b53aa90964,-1,-1
12976,Mojotroll,-1,-1
12977,Ackis,-1,-1
12978,Roshea23,-1,-1
12979,Tekknight,-1,-1
12980,IS1fbee2352941dd1b94320,-1,-1
12981,IS123f4c54c4d90d24b1373,-1,-1
12982,Mittens McKitten,-1,-1
12983,Kunieda,-1,-1
12984,ViraLink,-1,-1
12985,rQRXguNeIq,-1,-1
12986,babymash,-1,-1
12987,IS17514a07c47bdc5498262,-1,-1
12988,IS152d6c0d4335f537707ca,-1,-1
12989,Option,-1,-1
12990,RageCow,-1,-1
12991,IS1b58cb7609cc50e0dc1c8,-1,-1
12992,Reakt00r,-1,-1
12993,IS10b1c6a655f019a68b878,-1,-1
12994,IS18a34b4db2ac85fbc1ed0,-1,-1
12995,Dimethyltryptamine,-1,-1
12996,IS11c2fb628a3706bcbc991,-1,-1
12997,IS12e2fb875e94ba0c5b4b4,-1,-1
12998,IS1d7bec369ecdfdd6f7cbf,-1,-1
12999,iYZbLGSeHP,-1,-1
