18000,Frankable,-1,-1
18001,Alondite,-1,-1
18002,IS17b260a306c25393a4181,-1,-1
18003,IS1ef1ad710ad6772ea022b,-1,-1
18004,IS1f1c78681652ff1189f2b,-1,-1
18005,Scapalexis,-1,-1
18006,Agamémnon,-1,-1
18007,IS1e5fd93ff0bbb01d4f212,-1,-1
18008,IS1f1991202bb63abee5d72,-1,-1
18009,Zewper,-1,-1
18010,IS1d04cba9b134a3a77dd7d,-1,-1
18011,siam,-1,-1
18012,IS18ed8d6cac3410fcf3191,-1,-1
18013,DuffMcNasty,-1,-1
18014,IS14de6d286140eee01eb5f,-1,-1
18015,Tekaru,-1,-1
18016,Nameci,-1,-1
18017,IS1441387d4fe143fdef87f,-1,-1
18018,IS116462b975aa2c7f2b221,-1,-1
18019,IS1e3767efd3c0bef7b0779,-1,-1
18020,Drakhaon,-1,-1
18021,IS12f157590053c5c5f56c4,-1,-1
18022,IS181499e7d93dd105d9430,-1,-1
18023,Kadomony,-1,-1
18024,Falc n,-1,-1
18025,Bôxman,-1,-1
18026,Juedicus,-1,-1
18027,IS126dff92a16e99555ba5f,-1,-1
18028,killahdon353,-1,-1
18029,Barnel,-1,-1
18030,IS1dce3350df92d900c7f91,-1,-1
18031,IS1e7c988fb9a27034f0f06,-1,-1
18032,RigorMortisTortoise,-1,-1
18033,Maru,-1,-1
18034,IS1eaa1ff5b3ff03c19b13b,-1,-1
18035,Jhecht,-1,-1
18036,IS132111c3290219c0b872b,-1,-1
18037,sccr1313,-1,-1
18038,IS19711d2fa5d20cfd511e8,-1,-1
18039,IS1e13ad75560a2b41b2f95,-1,-1
18040,IS12ababc2c73a46cfef7a3,-1,-1
18041,tsuzie,-1,-1
18042,IS14fda527e88a13a3d1540,-1,-1
18043,IS11f6b8db45bd2d29a97b4,-1,-1
18044,Khelor,-1,-1
18045,IS1aa945eaf210e4df4692f,-1,-1
18046,IS12296a12cd7898b93858e,-1,-1
18047,IS1d3baab054e3c91323a77,-1,-1
18048,fuff,-1,-1
18049,IS172e0a4cbe56c479918c4,-1,-1
18050,IS14ced4ee44c4b9104e8e4,-1,-1
18051,tedsummoner,-1,-1
18052,Dumbo,-1,-1
18053,Joshers,-1,-1
18054,IS15304a118755678da4a8b,-1,-1
18055,IS11ffdb3745d4a1ad2faf7,-1,-1
18056,IS156128e7130c2973e0503,-1,-1
18057,Amethyzt,-1,-1
18058,IS14779bc19b003bec98570,-1,-1
18059,IS1d35410468b0f59eb955a,-1,-1
18060,Chrimbo,-1,-1
18061,IS1634a2e0c13b684e73a1f,-1,-1
18062,IS1386038671578e2548cdf,-1,-1
18063,IS1cdac680ed55b978ddb39,-1,-1
18064,IS1d25bdd4eb084b03d5908,-1,-1
18065,rOc3,-1,-1
18066,Altruist,-1,-1
18067,IS170f5b9093770d7085266,-1,-1
18068,Hikikomori,-1,-1
18069,Iz0gOS7gvj,-1,-1
18070,D1ckrushFTW,-1,-1
18071,wisefool,-1,-1
18072,Shiryu,-1,-1
18073,LordMilkCarton,-1,-1
18074,IS160fc8e5000d4bf513e1b,-1,-1
18075,LordoftheMorning,-1,-1
18076,IS15e25fb4fbf1545fddce0,-1,-1
18077,IS1ec453babb8f014aa93d1,-1,-1
18078,Wilding138,-1,-1
18079,rawhemp,-1,-1
18080,aegies,-1,-1
18081,IS1eae9784d99c398f86f1f,-1,-1
18082,Raath Catarn,-1,-1
18083,vinegarfighter,-1,-1
18084,CrossfireX,-1,-1
18085,tsuzenfro,-1,-1
18086,5HGF7GOsIP,-1,-1
18087,Prelate79,-1,-1
18088,IS165592a3e0c0831ed82bd,-1,-1
18089,IS1feae7fe153b1ff238c35,-1,-1
18090,Raiju,-1,-1
18091,IS103326292becd8a961dc9,-1,-1
18092,IS1dd25e4f75cb60d0e3bc4,-1,-1
18093,BiLLC,-1,-1
18094,IS10b48fba52d4d93a5b2ed,-1,-1
18095,IS198fe4c4c61177afffac2,-1,-1
18096,IS119de542eff79365e3529,-1,-1
18097,IS17d3582edf0b6402ff848,-1,-1
18098,LlamaPower,-1,-1
18099,Acras,-1,-1
18100,IS106f9f59d23fe8e4ba0f2,-1,-1
18101,IS1bb9990d7d0ad5808678e,-1,-1
18102,IS14bf931fbe577ee4f94f7,-1,-1
18103,BetaMuncher,-1,-1
18104,JKibbles,-1,-1
18105,undefinedream,-1,-1
18106,epPmcJrn6a,-1,-1
18107,Momo,-1,-1
18108,Buiimasta,-1,-1
18109,MadMacx,-1,-1
18110,Froggystyle,-1,-1
18111,BurningBlade,-1,-1
18112,IS1d4898161e0aaf700d9c7,-1,-1
18113,x0R19ilu1r,-1,-1
18114,IS1dd2c8cf2f573e68f8b13,-1,-1
18115,Archtos,-1,-1
18116,IS1f1da580cbfd9b0fecd33,-1,-1
18117,IS158d1dde205a3c5d29495,-1,-1
18118,IS1c08866a1149ac8451043,-1,-1
18119,IS16fba9016468c5964b05a,-1,-1
18120,Rest in Protein,-1,-1
18121,IS18cb5bacf0cbf68305d08,-1,-1
18122,IS19566dec78d1dbf08a8dc,-1,-1
18123,Ganjamus,-1,-1
18124,IS13441bb22120ecc62ac7d,-1,-1
18125,IS1df8a70c4ca081fc81119,-1,-1
18126,IS1347dcb335d47f0c075e7,-1,-1
18127,IS14af6bf2f9279ef9d145c,-1,-1
18128,Trademark,-1,-1
18129,IS1c0340d5120dba27c3bb0,-1,-1
18130,MilfHunterX,-1,-1
18131,NuclearLove,-1,-1
18132,Mono,-1,-1
18133,IS1a22590d2e9b5392007a4,-1,-1
18134,IS1213d75a7c471116a3378,-1,-1
18135,IS131f38dfd7c65e0f3d2eb,-1,-1
18136,ThumpTime,-1,-1
18137,Fantastinet DdyG,-1,-1
18138,IS1fac91de2fbfee4b91503,-1,-1
18139,Gangrene,-1,-1
18140,IS1810f396c315b9577ffd0,-1,-1
18141,Lucasmembrane,-1,-1
18142,MikeD7775,-1,-1
18143,drakk,-1,-1
18144,Fagroso,-1,-1
18145,Woodeaths,-1,-1
18146,IS11dade28af2b8d897536a,-1,-1
18147,Pingpongballer,-1,-1
18148,IS1c16df6befcd8447cea0d,-1,-1
18149,IS13d0d1ddd5f82b0385bae,-1,-1
18150,IS1aff9159f31e5c5997089,-1,-1
18151,IS11ef758a1f76011b7ceb8,-1,-1
18152,IS106851ba0448f43b1fdc1,-1,-1
18153,IS102d2797a91e395909240,-1,-1
18154,IS14bb6b970b151fbc0ec59,-1,-1
18155,ProHoe,-1,-1
18156,Destord,-1,-1
18157,Hyperziz,-1,-1
18158,IS1c2a52a34e7b373a4a9eb,-1,-1
18159,iamgreat341,-1,-1
18160,richardxchen,-1,-1
18161,HumpyBumpyCamel,-1,-1
18162,IS187d0df12a23e4ce7bb4e,-1,-1
18163,Hilin McBarbillian,-1,-1
18164,IS1261d4ae66276556fbd55,-1,-1
18165,evillic,-1,-1
18166,IS174ceb036a5196ef6f735,-1,-1
18167,IS1d1b95d54608ca2c60009,-1,-1
18168,IS1fcd3385ffac099a1280c,-1,-1
18169,IS1266cb50942fcaac40fe8,-1,-1
18170,Tankball,-1,-1
18171,IS1497f6d7b38ed84745895,-1,-1
18172,IS19ddd3d3fdd90c2d2d8bb,-1,-1
18173,trolldingo,-1,-1
18174,K2I0kopYD2,-1,-1
18175,IS1bedfa62053bb8210da20,-1,-1
18176,IS158dbb01c6723f6a3a560,-1,-1
18177,IS1418e70a393d245a984ce,-1,-1
18178,IS108b266028c1955cf8ab7,-1,-1
18179,TUNOCOCEHT,-1,-1
18180,IS1bb28c46e204c6f1b499d,-1,-1
18181,IS14baf6eefcf64304fa638,-1,-1
18182,IS13e4e6aaf81a7ca635c62,-1,-1
18183,IS1d7d5981327098590b413,-1,-1
18184,Whoriannä,-1,-1
18185,IS188350c31d2dcd21275d4,-1,-1
18186,Noodley Appendage,-1,-1
18187,Furling,-1,-1
18188,Rizzo,-1,-1
18189,Burtgang,-1,-1
18190,SpiCynOOdlEs,-1,-1
18191,Reeezy,-1,-1
18192,Soliden,-1,-1
18193,Torpa,-1,-1
18194,IS182a0de59e102b5bb89a0,-1,-1
18195,IS15595438e55d05ee4f273,-1,-1
18196,IS1bf2a1bc89961929ab3e0,-1,-1
18197,IS1a028bfa54af07d6f79ce,-1,-1
18198,octhunder,-1,-1
18199,IS1aaefee1a0c3b31be5fc1,-1,-1
18200,My Lil Pony,-1,-1
18201,Browser Daimo,-1,-1
18202,IS18ec3c12ceacaa97bb699,-1,-1
18203,IS1a57ceb27b76903d7564f,-1,-1
18204,IS1d346b689404badc3ec3b,-1,-1
18205,KillingGame,-1,-1
18206,swatz,-1,-1
18207,IS172ba4283eb1917b2220f,-1,-1
18208,IS15ea8994b6d0256b1b97f,-1,-1
18209,IS1697137cadb77b6aee9f8,-1,-1
18210,IS1bdf20e7b87062c015792,-1,-1
18211,Arbitor,-1,-1
18212,IS1869c59413708e4acdb01,-1,-1
18213,Incubuz,-1,-1
18214,Twigg,-1,-1
18215,Kreels,-1,-1
18216,Proctorjoey,-1,-1
18217,IS15332853e848655a1d28f,-1,-1
18218,VeY08XyCke,-1,-1
18219,IS11ce96cc0e291320e7149,-1,-1
18220,Mr Darkside,-1,-1
18221,TurtleBoats,-1,-1
18222,IS19834f9ad2aefe342eb62,-1,-1
18223,PsydFX,-1,-1
18224,Deathsquall,-1,-1
18225,LeBlitz James,-1,-1
18226,IS17a37592bca4068165e0e,-1,-1
18227,IS1b25a39074b03409e2994,-1,-1
18228,zveral,-1,-1
18229,IS16493a80f62c60439fce2,-1,-1
18230,thoby123,-1,-1
18231,IS1d0ae685a6a72ef66e4d8,-1,-1
18232,musikah,-1,-1
18233,IS1a5b18049a36bdf1974d8,-1,-1
18234,Corruptusx,-1,-1
18235,IS11efda0047bcbfbe67783,-1,-1
18236,IS10a78cc97068102507570,-1,-1
18237,IS15509ded460e6a0c4e38d,-1,-1
18238,Gery,-1,-1
18239,Z3 Fan,-1,-1
18240,BeatMyGuest,-1,-1
18241,Ins3ine,-1,-1
18242,IS14f5a55812335ad13f2b3,-1,-1
18243,IS1e402c4bf9c2297caaec2,-1,-1
18244,Joker420,-1,-1
18245,IS1eef3eb4e94f9beb869b4,-1,-1
18246,IS1968ab89957d008952474,-1,-1
18247,IS1e5fa07208abbbe46083f,-1,-1
18248,IS1168d0d29c6c9a146db50,-1,-1
18249,IS184909e62fdb62d701810,-1,-1
18250,IS1a36bbe7f46b2375446e6,-1,-1
18251,SnowGawd,-1,-1
18252,Gemoron,-1,-1
18253,Norton the Human,-1,-1
18254,IS14ada7be71108cffe3651,-1,-1
18255,Danathar,-1,-1
18256,SoulKnight,-1,-1
18257,IS150b4860af9c19f5ddc70,-1,-1
18258,IS140d38aeabfc690361271,-1,-1
18259,IS1df95081c9e5273cae6c9,-1,-1
18260,IS115d49dad1c3a3b356531,-1,-1
18261,IS16ac4a01b4946fc94ad77,-1,-1
18262,nyqj6OeWNk,-1,-1
18263,IS1b83c04b5ffb104bdbcd0,-1,-1
18264,IS1373c4e0f1784388a52b7,-1,-1
18265,IS14f8fa356e4863b32735e,-1,-1
18266,IS1548e1c4a3c02b2752a51,-1,-1
18267,IS193c79ff4c6b17dd8d9fb,-1,-1
18268,IS1727fa1f68d0f48649be8,-1,-1
18269,IS1cc4826f3e4b105508805,-1,-1
18270,0CsMEKWkFH,-1,-1
18271,IS1c33334bc3ba033bddab8,-1,-1
18272,IS1e8a5080919cac82eb78a,-1,-1
18273,IS19b692e5225702830df04,-1,-1
18274,IS115db7b795826ad0a967b,-1,-1
18275,Yatsumi,-1,-1
18276,lolsalad,-1,-1
18277,Drashi,-1,-1
18278,IS1665d679c5e8372568a31,-1,-1
18279,IS19a373b68fbff4f6fdf49,-1,-1
18280,IS1974bbdc5ca567c08c19a,-1,-1
18281,IS1b4c2bbb2566f476d3157,-1,-1
18282,IS1778f7dc54733dc57be25,-1,-1
18283,lightsentry,-1,-1
18284,IS13fea751813e0991d5bf6,-1,-1
18285,IS10ed18742f0193cd31af4,-1,-1
18286,IS1e008745896110ba2804a,-1,-1
18287,IS173687db537f0488cc1be,-1,-1
18288,RiBZe,-1,-1
18289,Llaenis,-1,-1
18290,IS19270e0745934c304d173,-1,-1
18291,IS192ee693d12fd549e7745,-1,-1
18292,IS18bceaf116526fad1609c,-1,-1
18293,IS11a80e7d99b7aee97a920,-1,-1
18294,IS1e6a5528fb4c90ae85143,-1,-1
18295,IS1d2cc861b8dbff12de05e,-1,-1
18296,IS1b9e02e5351478ee99f49,-1,-1
18297,IS1004e43fe0e1b18086f3a,-1,-1
18298,IS1e60225d3de3c647a52b9,-1,-1
18299,Garen T It,-1,-1
18300,MacModes,-1,-1
18301,IS14d1df17bf19f0da5c100,-1,-1
18302,IS14f0b9b4534405e5badfd,-1,-1
18303,exDreamDuck,-1,-1
18304,IS17aa1f8be6d3fd558812b,-1,-1
18305,IS1430b6e2d17c9536ff9fd,-1,-1
18306,Gamorin,-1,-1
18307,IS1333dafc5705b5b29039a,-1,-1
18308,IS145528974bdaa079a4746,-1,-1
18309,IS161a823a8f4081a5d8c08,-1,-1
18310,IS19483a113f471c2f98acf,-1,-1
18311,Z3 Jay,-1,-1
18312,IS17ed487160747496fc207,-1,-1
18313,SonOfFiery,-1,-1
18314,IS16adce38796051a5cc7ff,-1,-1
18315,IS1d55d0d280db02d87412c,-1,-1
18316,IS11d89e0dd7dce037432cc,-1,-1
18317,Thalanos,-1,-1
18318,IS10235aaec1743673316ce,-1,-1
18319,IS130df67ed49f1deee94d9,-1,-1
18320,xZICDF9xnP,-1,-1
18321,IS14e77d81ea064be12e2ee,-1,-1
18322,IS11218f8a23d56c21fbea2,-1,-1
18323,IS120abb0ec1e22a4319840,-1,-1
18324,IS1d07061d3e882475b049b,-1,-1
18325,Plainsdrifter,-1,-1
18326,Skombie,-1,-1
18327,L0rd0fL0L,-1,-1
18328,Palador,-1,-1
18329,IS14aaf5597b973a6fcb6df,-1,-1
18330,IS1b472a7027f5acc679538,-1,-1
18331,IS167be959e5b44addc880f,-1,-1
18332,Mokushi,-1,-1
18333,XcdnsG7322,-1,-1
18334,IS14093ec143f9ecd86712a,-1,-1
18335,Xeekik,-1,-1
18336,OvalED,-1,-1
18337,IS1f5ccd819e0d96f017447,-1,-1
18338,tHBZ1a8pG2,-1,-1
18339,IS1cba0035c7d675fdd9c7c,-1,-1
18340,IS112bbfe65ad09509c5a7b,-1,-1
18341,cuYve5K5dw,-1,-1
18342,jYBfmE1CDW,-1,-1
18343,GCGravius,-1,-1
18344,IS12006c810855b4a053e1c,-1,-1
18345,IS1b5452fe8c1baf48e8032,-1,-1
18346,Kpwn,-1,-1
18347,IS1254b897930884985195b,-1,-1
18348,IS1d611e2f8349ab3b38264,-1,-1
18349,Strapt,-1,-1
18350,Nayon,-1,-1
18351,IS1c28406ee88e3ac525aae,-1,-1
18352,IS148b53d3a30c784eb338d,-1,-1
18353,IS18d39a7b823f94ddea28a,-1,-1
18354,IS15ac9ca087f0233cf678b,-1,-1
18355,IS1fd25f1c0d243cdd357d6,-1,-1
18356,IS1e64da2a129ebba5d27d8,-1,-1
18357,SyWill,-1,-1
18358,SmashNgrab,-1,-1
18359,jarf,-1,-1
18360,IS1622e9f3a3c986efde8f2,-1,-1
18361,IS11436d5c5de2709482ced,-1,-1
18362,Asphixation,-1,-1
18363,Im So Damn Big,-1,-1
18364,jtVxlKk9V6,-1,-1
18365,Octavia2369,-1,-1
18366,IS198c1859e0b7118dad925,-1,-1
18367,IS1f3db3e44bb55cae8d492,-1,-1
18368,IS1212d6809420dc83023e8,-1,-1
18369,IS140cce8b7ef650650a599,-1,-1
18370,IS1bee04d8a083204858880,-1,-1
18371,IS17e8b854ebdd7eda80b96,-1,-1
18372,IS11e294b80953cfca0cf55,-1,-1
18373,IS18e13c6431c71abc7216f,-1,-1
18374,IS1caa798d311dceab39cc9,-1,-1
18375,IS1c0cdec27a76906693b3e,-1,-1
18376,IS162d72c61018f03aba757,-1,-1
18377,IS13a330876e9a606ac81d4,-1,-1
18378,IS1590f6212d7d7833bddf4,-1,-1
18379,IS1222d48e8c1521f8d4e3b,-1,-1
18380,IS1a1b1d5c255711e816b8b,-1,-1
18381,Trollrollen,-1,-1
18382,PremonitionofWar,-1,-1
18383,metadept,-1,-1
18384,RedReaper,-1,-1
18385,IS1b6a382ca7aa9f13319b3,-1,-1
18386,Squee9,-1,-1
18387,2344,-1,-1
18388,Old Man Eyebrows,-1,-1
18389,appaz,-1,-1
18390,IS15ce401cadc130ebff061,-1,-1
18391,IS11d23bf39c2b2a9f0b685,-1,-1
18392,Honoka,-1,-1
18393,IS18fa3534b851b41340cb4,-1,-1
18394,Little Cabbage,-1,-1
18395,Midnighthowlx,-1,-1
18396,poodenutt,-1,-1
18397,IS1bdb7c752d6d8867781a8,-1,-1
18398,Lesty,-1,-1
18399,Spraynpray62,-1,-1
18400,IS1b8a4736c4e9ad00f7362,-1,-1
18401,IS1c5f359c01de122c510ba,-1,-1
18402,Deth23,-1,-1
18403,IS1cfd5294697afe5cbcd91,-1,-1
18404,IS16388f875c40709de9fc2,-1,-1
18405,IS14f90942732788cdb9652,-1,-1
18406,IS13b178530244c7a0ed8b0,-1,-1
18407,IS14b847660a8c1c2f80170,-1,-1
18408,darksentinel13,-1,-1
18409,Glitter Pony,-1,-1
18410,Akira Kid41,-1,-1
18411,IS1941f097cbe30648a588d,-1,-1
18412,Dragon Paul Z,-1,-1
18413,Seip,-1,-1
18414,Fazon,-1,-1
18415,8dMfsL6fpE,-1,-1
18416,IS17a4ea34c6a6a556f7058,-1,-1
18417,IS11c35bac5aa963d0ce292,-1,-1
18418,IS16a35c9a62ed8c0dadabe,-1,-1
18419,IS10043a3c30641f9d38685,-1,-1
18420,IS1bb8ac957507ed31ec51f,-1,-1
18421,KarnoffeL,-1,-1
18422,IS1ef5e20c6887a8d9af139,-1,-1
18423,SpiffyJr,-1,-1
18424,IS1ced184df825121b9a698,-1,-1
18425,d3f1anc3,-1,-1
18426,NickPham,-1,-1
18427,uthas,-1,-1
18428,IS1f3c97a1207a55a38e6bd,-1,-1
18429,Sgt Custom,-1,-1
18430,MagoPad,-1,-1
18431,IS1860c07fbe66f3d10eac6,-1,-1
18432,Redman061,-1,-1
18433,IS16fe2fcc18a8682c1ec7e,-1,-1
18434,IS197e48453817706c37260,-1,-1
18435,Johnnyknocks,-1,-1
18436,IS1381e1f972c6908d3c3d0,-1,-1
18437,chupa,-1,-1
18438,IS1d091659fb06a0700b8b4,-1,-1
18439,Zainea,-1,-1
18440,IS1565e1554959779ce2aad,-1,-1
18441,timodo,-1,-1
18442,IS128225b0158f329681aa3,-1,-1
18443,IS146bd12b516e765403906,-1,-1
18444,IS1cf993116c21c7f786856,-1,-1
18445,IS1156e01306d74490fff41,-1,-1
18446,DivineFrog,-1,-1
18447,romgo,-1,-1
18448,Anitrias,-1,-1
18449,Cprime,-1,-1
18450,IS108ebed0b0bc4c8071dce,-1,-1
18451,IS191d93cd60151bd3a8328,-1,-1
18452,SnipaShav,-1,-1
18453,PhantomsEdge,-1,-1
18454,Cyii,-1,-1
18455,IS117f3a1ce4ffaae7e3c16,-1,-1
18456,climax,-1,-1
18457,IS13c6310113c9cc420d8af,-1,-1
18458,emperorsean,-1,-1
18459,IS1d9e5b3049e1918f0c6eb,-1,-1
18460,Sharbar,-1,-1
18461,IS18577fa1d90ede340beda,-1,-1
18462,IS1e14e76283df2772bba5c,-1,-1
18463,IS1b4963c2ecf95a44b2d38,-1,-1
18464,amiariel,-1,-1
18465,IS1a5cfc919de3e41411d38,-1,-1
18466,IS162264963adc280161aa7,-1,-1
18467,IS124b9c37c127d50ec4d26,-1,-1
18468,General Beavis,-1,-1
18469,Runeys,-1,-1
18470,IS16046cc81731ac8bec58f,-1,-1
18471,IS1a98e23149cf8e1bee575,-1,-1
18472,ApL1fgDzbI,-1,-1
18473,lulle17,-1,-1
18474,Noodoez,-1,-1
18475,IS16ece22ee145f322a9c6a,-1,-1
18476,IS16a78886b230886197d9b,-1,-1
18477,IS1e6023fac42ec39312a51,-1,-1
18478,IS1237cbfa36230613c683f,-1,-1
18479,IS1d61ce0c94a3db285df5a,-1,-1
18480,Luisin,-1,-1
18481,IS1a80f49b949532df637c4,-1,-1
18482,IS1ac34e7b56feb9f7be2c5,-1,-1
18483,Deakul,-1,-1
18484,IS1a6a4e0876f7d5f12f0c2,-1,-1
18485,IS136bff626386a006be59a,-1,-1
18486,IS171d465671618daf191b9,-1,-1
18487,IS10ecde5454f976582b860,-1,-1
18488,Denambren,-1,-1
18489,IS1d4da94a6a78acb242ae9,-1,-1
18490,ukn69,-1,-1
18491,IS1b691735c8b4231d387a1,-1,-1
18492,Pov0DntJWu,-1,-1
18493,IS1545dffd56c4cac714b41,-1,-1
18494,IS1d3ef5a0be37be4260246,-1,-1
18495,IS1501f3da5d61279ec4146,-1,-1
18496,Dizavis,-1,-1
18497,IS10da1a9e7fbab8a0a6877,-1,-1
18498,IS123e0236b52c9cb69d514,-1,-1
18499,Mirin Gainz,-1,-1
18500,crummy,-1,-1
18501,IS1e51c1a84fca601b52cad,-1,-1
18502,Uryan,-1,-1
18503,Hedstrong,-1,-1
18504,IS1f11f7009b39ddc3bed95,-1,-1
18505,IS13fb0476c58351417849e,-1,-1
18506,BabyRibs,-1,-1
18507,IS18906b021e25e4a91a210,-1,-1
18508,IS19788ef9fb271f8ba8ac5,-1,-1
18509,X0d6y57Cwe,-1,-1
18510,IS1c8f40d1b699aaa32766b,-1,-1
18511,IS16e225dafee434a20abda,-1,-1
18512,IS190814b852f46b35d7275,-1,-1
18513,zkGg6bRKeI,-1,-1
18514,leotwizle,-1,-1
18515,Fox Nightscape,-1,-1
18516,IS13c1fd64dacf0d32f7582,-1,-1
18517,dL2fDOGiN4,-1,-1
18518,IS1637bd581854a01601159,-1,-1
18519,LokiAlpha,-1,-1
18520,IS17b07c476cf028aff9a7f,-1,-1
18521,TheKekMonstah,-1,-1
18522,IS16fa0b9192b56bf095c49,-1,-1
18523,kean0025,-1,-1
18524,omnibus,-1,-1
18525,IS1b4686b25f3ae8c0957e4,-1,-1
18526,IS128cb60cdbdd2567150ab,-1,-1
18527,Pooball,-1,-1
18528,wcx4b2suBB,-1,-1
18529,IS1e47c8d8304eb462cc3ae,-1,-1
18530,KIbie,-1,-1
18531,Stryxer,-1,-1
18532,IS1b07e68ccf0903d4806d5,-1,-1
18533,Dumienra,-1,-1
18534,IS1b2674f4e5c16e5a223eb,-1,-1
18535,Fieril,-1,-1
18536,IS17ff0179183a9d687989e,-1,-1
18537,IS14e8c1ddef177d73fd1fe,-1,-1
18538,IS1eb73fd82769c7099a71d,-1,-1
18539,IS13604806fc60d69dcf495,-1,-1
18540,IS1a5b9effdc8caffa4afcc,-1,-1
18541,Ice Princess,-1,-1
18542,IS17d94d8f4a8600bc9b44e,-1,-1
18543,Tyrius,-1,-1
18544,Rythoon,-1,-1
18545,Malkizid,-1,-1
18546,wSesyX3FJ5,-1,-1
18547,Kingp1n,-1,-1
18548,IS19f0a5d1799d902d1ce94,-1,-1
18549,Armegaddon,-1,-1
18550,Zelareth,-1,-1
18551,IS124b86f75d61c81842d4c,-1,-1
18552,SarutosZero,-1,-1
18553,sneakpeek,-1,-1
18554,tRuTrIx,-1,-1
18555,IS12e559d2cff903c91e66b,-1,-1
18556,IS189664219225840608850,-1,-1
18557,IS1da96be416403f6ccd791,-1,-1
18558,CptPXRmcEU,-1,-1
18559,xFishy,-1,-1
18560,Darkjocker1692,-1,-1
18561,Xylla,-1,-1
18562,Shalzuth,-1,-1
18563,BestADC MonowiNE,-1,-1
18564,Necrosis,-1,-1
18565,Kankles,-1,-1
18566,Akahlman,-1,-1
18567,SleeplessElite,-1,-1
18568,rosvojaska,-1,-1
18569,IS1a3b6194ad8764644721d,-1,-1
18570,T0ddzilla,-1,-1
18571,MoodyQQ,-1,-1
18572,IS19efd71556d99b39c268e,-1,-1
18573,IS1f26d45b5d37c5e68384e,-1,-1
18574,IV4WrFXtIl,-1,-1
18575,IS13562af3562a7add8685f,-1,-1
18576,IS180010b164805579ad343,-1,-1
18577,IS1efc2e5b37dd165607c0f,-1,-1
18578,IS1ea69b926c38b6e3c4772,-1,-1
18579,Team Visionary,-1,-1
18580,IS1be2f1835af2d199ea43e,-1,-1
18581,IS1860516a726646282d56a,-1,-1
18582,IS1bf4699ca1c0629805450,-1,-1
18583,IS1d1b4baf7494d10ab9c9d,-1,-1
18584,IS1ef18e1848b5407a90dd2,-1,-1
18585,IS18c0b7088ea134dd6af3f,-1,-1
18586,llEulogy,-1,-1
18587,IS1df2f53ad8571ac6078a2,-1,-1
18588,IS131102ab50d87b12ccde0,-1,-1
18589,Jultach,-1,-1
18590,IS15ab11f34386e3ae943ae,-1,-1
18591,Meegaal,-1,-1
18592,Ganner,-1,-1
18593,IS1f0faa3ba6316b5cd1b23,-1,-1
18594,treys0ngz,-1,-1
18595,MethodofMadness,-1,-1
18596,Cheesy Lemon,-1,-1
18597,IS1a1472c1d136f1cd568f6,-1,-1
18598,Leeting,-1,-1
18599,Cirno,-1,-1
18600,IS156a4889a47243fc12af8,-1,-1
18601,IS12e0ca56680ec6f103daa,-1,-1
18602,DracoMage,-1,-1
18603,IS15cf757ff3021ee5ef976,-1,-1
18604,IS15f1e001fd7b662c1dfe9,-1,-1
18605,IS1023d0960841f27224080,-1,-1
18606,ShinCup,-1,-1
18607,IS1ec5a48fb375ce4ce7bce,-1,-1
18608,kOrc,-1,-1
18609,raydeezy,-1,-1
18610,IS1bc3c6c3ec9f352469319,-1,-1
18611,Mavorith,-1,-1
18612,IS1e22c53d45bd5b9fd888b,-1,-1
18613,IS168302e0e8f97c3c005bb,-1,-1
18614,figglewot,-1,-1
18615,Raisauce,-1,-1
18616,IS184352825f9f7df2846db,-1,-1
18617,TurboTeddy,-1,-1
18618,BEEFERSON,-1,-1
18619,IS1e4839d80e3e5be1b9b09,-1,-1
18620,kusbeast,-1,-1
18621,Reioumu,-1,-1
18622,IS1be680385ddccfbe61737,-1,-1
18623,IS114f140122fd23b418b41,-1,-1
18624,IS1bc625cabf980c396c3a7,-1,-1
18625,IS13e1fbd668d869cd2ba2d,-1,-1
18626,FckingMAD,-1,-1
18627,rEPEiOE7VM,-1,-1
18628,IS120f15d0b5c18e09bcf10,-1,-1
18629,milkman1399,-1,-1
18630,IS1ce52072a27ea0b60fc6f,-1,-1
18631,IS1c56b1046b5b37be3e0bd,-1,-1
18632,xUS3FtJ3HA,-1,-1
18633,Ehragus,-1,-1
18634,HomestarChaz,-1,-1
18635,IS1bbcefc5cf5fd6fdecd45,-1,-1
18636,IS1046edc3fa2d37a254cdc,-1,-1
18637,Andlan,-1,-1
18638,IS151a565917305f8953475,-1,-1
18639,Lovecore,-1,-1
18640,IS108ef096f25a96700dfb1,-1,-1
18641,IS14f03b3b5f4611be3fd96,-1,-1
18642,EAho6eaqpS,-1,-1
18643,IS1cf4a21e6e1b9a26e72c3,-1,-1
18644,IS1412dcc36e2850627056f,-1,-1
18645,IE3TNIQaQn,-1,-1
18646,IS1bc51ead6d12738e01cba,-1,-1
18647,IS12d7c31f35cd30b15439c,-1,-1
18648,IS1141dfa0877206df38f9c,-1,-1
18649,IS1aeef3db480c1eae382eb,-1,-1
18650,Instinct AwoL,-1,-1
18651,Zemtex420,-1,-1
18652,IS1806f690692c0ca47d3cc,-1,-1
18653,Shadeban,-1,-1
18654,IS176247e7fbc7bb1314114,-1,-1
18655,waltaaa,-1,-1
18656,JohnEPorro,-1,-1
18657,Deltahalo,-1,-1
18658,IS12332e5f2b2a0e6de02b6,-1,-1
18659,IS1adcb5441fb10975a5fb4,-1,-1
18660,blogg,-1,-1
18661,Barid,-1,-1
18662,IS126fdc1e92969e4e874cc,-1,-1
18663,IS188af0aba784271eed051,-1,-1
18664,IS1ef3f36b4866a1485e1ec,-1,-1
18665,Jymox,-1,-1
18666,el3ctronica,-1,-1
18667,IS1f8fd3674206068e40684,-1,-1
18668,IS143d5f07242be74950cd1,-1,-1
18669,IS11df1272fd0856ff2bece,-1,-1
18670,YA BOY JAY,-1,-1
18671,IS1683771dee9c71e694a73,-1,-1
18672,IS16d2baa7f0a583067f25e,-1,-1
18673,IS177b152b2392b43097665,-1,-1
18674,7ofswords,-1,-1
18675,IS1a4dd8d877236543412d8,-1,-1
18676,IS1440796852f7ea802bbd5,-1,-1
18677,IS199cd774e42a274e6497c,-1,-1
18678,IS1aeed57f01609fef5d9d7,-1,-1
18679,IS16237b3247af61d18b8e2,-1,-1
18680,pdSUcK391x,-1,-1
18681,KillerCanada,-1,-1
18682,Pheryel,-1,-1
18683,B1GRY4N,-1,-1
18684,TheBanishedOne,-1,-1
18685,IS1f4130c088f48920bfdea,-1,-1
18686,AnNOmpr5Ix,-1,-1
18687,Shady,-1,-1
18688,IS158ecd8c845e3b0f4b7f7,-1,-1
18689,aayXWhNCtY,-1,-1
18690,franyes,-1,-1
18691,IS1c3bbc0c91ac64210093e,-1,-1
18692,IS1acd0dfb9218c239570b9,-1,-1
18693,mousetrap,-1,-1
18694,Silverclaw,-1,-1
18695,Moxey,-1,-1
18696,Perlperl,-1,-1
18697,IS19a20922715e85baeb433,-1,-1
18698,IS1a08bcbbf9abe676eb730,-1,-1
18699,IS11658d3eb31c17119b66e,-1,-1
18700,IS1c91fedcde80d8feb48c0,-1,-1
18701,IS1c48cd8c39d7429c47757,-1,-1
18702,IS1c2327723018e70742a39,-1,-1
18703,IS1b94453c7239558b16daf,-1,-1
18704,buugog,-1,-1
18705,AxeBeard GoldCrotch,-1,-1
18706,IS183d7e1445c852d32e724,-1,-1
18707,Z2 Kegyin,-1,-1
18708,IS1fee83d57501f9a672344,-1,-1
18709,IS195b34026e2238265e90b,-1,-1
18710,GegRosT,-1,-1
18711,IS16324f0091a4a39e3845b,-1,-1
18712,IS15f2bae146063b2218ae7,-1,-1
18713,IS1cc30ffba96419af1cf19,-1,-1
18714,NickCastle19,-1,-1
18715,IS173d7443f5b7eac02d56d,-1,-1
18716,ShimmerFade,-1,-1
18717,IS131c3deaae02f52e5505a,-1,-1
18718,IS13931b3bc41cebb003788,-1,-1
18719,IS16ca3b57aafab83ee8ef5,-1,-1
18720,IS119325ef2007b71cef88e,-1,-1
18721,IS1a32a82054e8e1433b160,-1,-1
18722,IS1c7448f6623888d85976b,-1,-1
18723,IS146cb4d122bf2f14191f8,-1,-1
18724,IS19910410cf4d6960c3f20,-1,-1
18725,Plawg,-1,-1
18726,IS1d3a3fb526644fdb27b61,-1,-1
18727,IS18d874a324dc762133c1d,-1,-1
18728,richruzz,-1,-1
18729,Marginwalker,-1,-1
18730,IS1296bad7b7b41c2b68a3b,-1,-1
18731,fJ5N3EB6uu,-1,-1
18732,IS19aa7e4fc820c07fd78fe,-1,-1
18733,IS18d9b6855535f836f146a,-1,-1
18734,IS15803c79b9bd287492312,-1,-1
18735,IS1d1d69cf2a78825516205,-1,-1
18736,IS127057751934eb852c345,-1,-1
18737,IS1dcc12b82576b0d694d18,-1,-1
18738,IS107663e6f654f467bef53,-1,-1
18739,IS1ccb166b8c25ad190f33c,-1,-1
18740,IS166a3edb2d1c3ddcbb6ff,-1,-1
18741,gershom,-1,-1
18742,TrickyTrev,-1,-1
18743,IS10d3b34ffd456ab9f665c,-1,-1
18744,Eggers,-1,-1
18745,grimfox,-1,-1
18746,IS106f032f49aca8caa4f2f,-1,-1
18747,TheHatter,-1,-1
18748,IS1a488a203763d887edb18,-1,-1
18749,IS1effadc880995a842b0d4,-1,-1
18750,IS114dce3d06d1ae4682d37,-1,-1
18751,venesta,-1,-1
18752,Raptorjeebus,-1,-1
18753,lagagg,-1,-1
18754,SD Wakka Wakka,-1,-1
18755,Rehkx,-1,-1
18756,micra,-1,-1
18757,A free 300G,-1,-1
18758,IS1e6de85b6ffa555ff59db,-1,-1
18759,IS178ae012f56a1a83dc657,-1,-1
18760,Robawtninja,-1,-1
18761,JonnyZeit,-1,-1
18762,OneTrueJesus,-1,-1
18763,IS1c2cba05c52e8b3fa7bd2,-1,-1
18764,IS13b604af609a0d4ff1e8f,-1,-1
18765,Pheredeath,-1,-1
18766,IS1452c54ea6427b18960f8,-1,-1
18767,IS1d5dc2c839da46a4aa11a,-1,-1
18768,IS1029fe0bef183aa4de288,-1,-1
18769,IS1786b7ab2ebb6bcd06e75,-1,-1
18770,Cavapoo,-1,-1
18771,IS1a24dd3e028306403697d,-1,-1
18772,IS188ae26a804e45cc8d245,-1,-1
18773,Hero557,-1,-1
18774,q74wziJhTY,-1,-1
18775,IS1867c7b3d7d6a32ea52af,-1,-1
18776,fazzxager,-1,-1
18777,IS1acce9582bb354b48e608,-1,-1
18778,IS19c75b5c2b2a28333c25f,-1,-1
18779,TheProdigy,-1,-1
18780,Talon68,-1,-1
18781,IS1c7ccc6673a3ac668799f,-1,-1
18782,IS1815cdb68a5fe928b06d1,-1,-1
18783,Seigey,-1,-1
18784,Rsquared,-1,-1
18785,IS1524bd59e9a05c929ac06,-1,-1
18786,IS150abed2b155f67fc56b3,-1,-1
18787,IS148b7e7c4bac79f5a7bd9,-1,-1
18788,TeaTime,-1,-1
18789,IS1c706bb81d01ff33df729,-1,-1
18790,IS157c9827c4bc0d0654a8e,-1,-1
18791,IS1405bd9e86ee7a510fc67,-1,-1
18792,IS199f2c4dfe1a6dbd6d98e,-1,-1
18793,IS19f14cd79ed5995aba48e,-1,-1
18794,IS15ac111616ddc18c1f74c,-1,-1
18795,IS188001159a826e92c7437,-1,-1
18796,ncb718kOJQ,-1,-1
18797,Poop squat,-1,-1
18798,IS10829ab65a6aaf28c9a96,-1,-1
18799,IS1c8898c7107605624dd11,-1,-1
18800,IS16a54a784943d765f2b3a,-1,-1
18801,IS1dcbcdfedfb12508d4f01,-1,-1
18802,Grimli,-1,-1
18803,IS1286909e8d9db51540119,-1,-1
18804,IS134c67a05b556b53e197d,-1,-1
18805,Cultis,-1,-1
18806,IS1863425e315cb50538173,-1,-1
18807,IS15bcf6e671dd2720f3002,-1,-1
18808,IS18aa49c662d7f5bec012a,-1,-1
18809,IS1b2b701040f5926b90712,-1,-1
18810,CurTas,-1,-1
18811,IS122140747d13da484ba01,-1,-1
18812,IS1c058978c6b16f895131f,-1,-1
18813,IS1f82c4348a83b527159ec,-1,-1
18814,Anomarad,-1,-1
18815,IS1cf699806261f68fc8787,-1,-1
18816,IS18cdd1cff6d175e6ed344,-1,-1
18817,Angelosidad,-1,-1
18818,IS103876097b06abc12643b,-1,-1
18819,IS1dc495bc626d6dbe7faf1,-1,-1
18820,OMGBanned,-1,-1
18821,saphaertheshaman,-1,-1
18822,IronZOGZ,-1,-1
18823,kachowcow,-1,-1
18824,Mepi,-1,-1
18825,Zomgwee,-1,-1
18826,IS16137c73121a550887aa4,-1,-1
18827,lIm2wZ7oUy,-1,-1
18828,FogOfWarSlayer,-1,-1
18829,William Free,-1,-1
18830,IS1c806f1c892156a3a9d52,-1,-1
18831,IS1a5c42602592012e43474,-1,-1
18832,svEkf4RtCe,-1,-1
18833,Eevili,-1,-1
18834,IS11dc8917f9baee649d1cf,-1,-1
18835,IS1db988be6d5ecbe74f053,-1,-1
18836,IS14a4029bead17a0940aaf,-1,-1
18837,IS1a962ed5639f247e5bcbf,-1,-1
18838,IS1565a009688a315b90a3a,-1,-1
18839,IS101afc4dae1df08630f87,-1,-1
18840,IS1ced95366df42706d0e43,-1,-1
18841,IS1804b224ffa70bce9d99c,-1,-1
18842,IS1ebba8f772a34eae096e3,-1,-1
18843,Shwaelf,-1,-1
18844,IS13542400d7e21da891b75,-1,-1
18845,lovies42,-1,-1
18846,Weatherlight,-1,-1
18847,IS1f35f9317d8fe0e28975a,-1,-1
18848,cHIV65nGu4,-1,-1
18849,Bucketoffish,-1,-1
18850,Zietes,-1,-1
18851,IS159f93257779a887d1a75,-1,-1
18852,IS1e69ea3177a5c36e9f7e4,-1,-1
18853,TheHairyTriangle,-1,-1
18854,IS1ba74e4c38fb1286d28ab,-1,-1
18855,Dave Holmes,-1,-1
18856,Chinko,-1,-1
18857,Xaenne,-1,-1
18858,IS1b2421ec29798f32a31ff,-1,-1
18859,deizel,-1,-1
18860,IS1ac734508b626a52fa255,-1,-1
18861,Bahabob,-1,-1
18862,IS12d58791b5e5cb144fc4a,-1,-1
18863,IS12b35b3c47142fbf29a02,-1,-1
18864,engrod,-1,-1
18865,tnW18bMFDa,-1,-1
18866,Kazastankas,-1,-1
18867,IS17ca287be8ce398855353,-1,-1
18868,IS1a46940f849dda4c22180,-1,-1
18869,Medab,-1,-1
18870,killakumap,-1,-1
18871,IS1e2fb4b0ea8b769027bee,-1,-1
18872,IS11239646054192c31dcf4,-1,-1
18873,IamTidy,-1,-1
18874,Baron Von Flib,-1,-1
18875,IS1869b10eb6203c61e705c,-1,-1
18876,IS1d78a37f62fcefb8bebb4,-1,-1
18877,IS1577123a57449000ec06f,-1,-1
18878,Pot of Greed,-1,-1
18879,IS1a28db64a0bf7064f7b39,-1,-1
18880,tilemover,-1,-1
18881,twist,-1,-1
18882,MazakTheDwarf,-1,-1
18883,IS19f2459f6f48cbd9e390c,-1,-1
18884,MacrosTheBlack,-1,-1
18885,IS17e02e0dfa46aad3f100c,-1,-1
18886,kmac097,-1,-1
18887,Sageterious,-1,-1
18888,malletfist,-1,-1
18889,AviatorAnson,-1,-1
18890,djefx,-1,-1
18891,Jingaling,-1,-1
18892,zSDhSdnMJE,-1,-1
18893,MasterJiggywiggy,-1,-1
18894,IS19629d904e4883eabc654,-1,-1
18895,Vynnie,-1,-1
18896,IS1babcc1e0774cec62ecd5,-1,-1
18897,jossbur,-1,-1
18898,jhtyhjygh,-1,-1
18899,IS1b71a7bceb60cf7108c25,-1,-1
18900,Redenzione,-1,-1
18901,Tidus27,-1,-1
18902,KillerFish,-1,-1
18903,IS1242dbc5d7c8dba32b526,-1,-1
18904,IS1e4dc6205bac5d616162b,-1,-1
18905,IS128ca7c5d80972fb92c63,-1,-1
18906,Orudeon,-1,-1
18907,whysodog,-1,-1
18908,snorlax15,-1,-1
18909,BudFalker,-1,-1
18910,Sottaly,-1,-1
18911,IS1bc99f9015f0953200cf1,-1,-1
18912,IS13c9de8861dd0dd2eaee5,-1,-1
18913,chechente,-1,-1
18914,Nprime,-1,-1
18915,league champ0624,-1,-1
18916,kletus,-1,-1
18917,Aprilfools411,-1,-1
18918,Ksetrat,-1,-1
18919,IS1e643477e6c2eaf8e978c,-1,-1
18920,greenstripe0,-1,-1
18921,4ZUVP7Bfiu,-1,-1
18922,IS1d4aca7b47e7d1817795c,-1,-1
18923,Bob The Builder,-1,-1
18924,GruntiIda,-1,-1
18925,IS1eb64593144a456e89b14,-1,-1
18926,IS1e9431b328585eab8971c,-1,-1
18927,Daehan93,-1,-1
18928,KDBJTQKP1,-1,-1
18929,IS17d2c5114f1c11e7c68a5,-1,-1
18930,IS1e39f06a245530a9c6424,-1,-1
18931,Helios,-1,-1
18932,Naer,-1,-1
18933,MuscleMemory,-1,-1
18934,DaHindu,-1,-1
18935,Sumadat,-1,-1
18936,Androgenes,-1,-1
18937,IS1563893e7a98826c8e17b,-1,-1
18938,IS1070db89dd3674754d695,-1,-1
18939,IS1e31d468ed053f43eb6fb,-1,-1
18940,IS17c1d8f401397ebf7d67f,-1,-1
18941,God is Chewy,-1,-1
18942,IS17fc6326a0a43d4f930c5,-1,-1
18943,DrakazCrank,-1,-1
18944,Erionn,-1,-1
18945,Wugie,-1,-1
18946,QARGQLKT1,-1,-1
18947,IS1e48323373c0fc36c4044,-1,-1
18948,Rhastaferius,-1,-1
18949,IS1b07fb24b9d1b320ccd8a,-1,-1
18950,Korsten,-1,-1
18951,Aterlay,-1,-1
18952,Harmill,-1,-1
18953,IS13f23db7249e6fc53f83c,-1,-1
18954,IS1ffba608227be898f41a8,-1,-1
18955,IS1a01cbb537a99be9ef47b,-1,-1
18956,IS15ae280576494ba862400,-1,-1
18957,frantiik,-1,-1
18958,godZILLAH,-1,-1
18959,Jeffky,-1,-1
18960,Xeromessiah,-1,-1
18961,duce,-1,-1
18962,Poly,-1,-1
18963,IS170a3f68999b606834e14,-1,-1
18964,Banjo,-1,-1
18965,beastlol27,-1,-1
18966,PunchingBabies,-1,-1
18967,IS1186b8cba2dd848c22711,-1,-1
18968,3starorion,-1,-1
18969,IS1509a007b92118aee4524,-1,-1
18970,IS109cb90cf5756b340f24c,-1,-1
18971,IS1f68251084c59030a5ad8,-1,-1
18972,Rubidus,-1,-1
18973,Darclord,-1,-1
18974,IS19626f0011c7e57a10c6d,-1,-1
18975,CaoTiCBeaST,-1,-1
18976,Shiroi Kage,-1,-1
18977,Galbinus,-1,-1
18978,p6KEE3gykl,-1,-1
18979,Fantastinet Kira,-1,-1
18980,IS149a324586ad2e2a1d2a0,-1,-1
18981,IS16a48dd05c091225634ba,-1,-1
18982,IS1b20268bf9ce70ed980e7,-1,-1
18983,IS1d535de9fb463e487a03c,-1,-1
18984,vRuYOfNMqF,-1,-1
18985,IS1ebe02e9107405d585cee,-1,-1
18986,IS154070586dd8151546e16,-1,-1
18987,IS131e6cdc5a35e2a800726,-1,-1
18988,IS10dc2f54732c1d37e09f3,-1,-1
18989,Pieceofcandy,-1,-1
18990,IS16456510413c389b740f9,-1,-1
18991,IS12e8ed263a6af965bc117,-1,-1
18992,IS17149988652bf7dff8ff8,-1,-1
18993,IS195fbb321890d3db9c32c,-1,-1
18994,lowfiber,-1,-1
18995,IS12fb08737be60887d30df,-1,-1
18996,flAre,-1,-1
18997,Daimao,-1,-1
18998,IS1ea06e9ca6d8e8e9caca0,-1,-1
18999,IS109f81eb8b9ace83ab6a1,-1,-1
