24000,IS1423c165f63f40eb3a0df,-1,-1
24001,IS1ab840251ea69bc0faea3,-1,-1
24002,IS106dd3e604763da65fe87,-1,-1
24003,IS1ba159bae4f99c9700e48,-1,-1
24004,evolart,-1,-1
24005,EhLm0,-1,-1
24006,IS14a35a3a0cdd444cd2a49,-1,-1
24007,HoldTheLine,-1,-1
24008,Trixxer,-1,-1
24009,IS112ad3b1217e43072b9dc,-1,-1
24010,IS1926e3c4f09453e018893,-1,-1
24011,ZU52yHKpXY,-1,-1
24012,Catfish,-1,-1
24013,ZALGOZALGOZALGO,-1,-1
24014,IS1254e4634b161432071c0,-1,-1
24015,hamfactorial,-1,-1
24016,IS1afdcea1bf84537bd4f24,-1,-1
24017,IS19ed78d27d31f04c06ffc,-1,-1
24018,J3diMast3rL33,-1,-1
24019,IS17a3008d593ba66e46bc2,-1,-1
24020,Zhadum,-1,-1
24021,jaylit,-1,-1
24022,xannin,-1,-1
24023,IS115cbe7a9989bb9ff07af,-1,-1
24024,IS1c8d840855109c28ad865,-1,-1
24025,IS1d9d5ee97ae053076295b,-1,-1
24026,IS163c7851eadf4f7ed6120,-1,-1
24027,a1strank,-1,-1
24028,Jeereg,-1,-1
24029,IS1e3a3a7e68c59c0da6dbe,-1,-1
24030,IS1988fe6c7db81f26a53ac,-1,-1
24031,SubGnosis,-1,-1
24032,IS1bc615c24b69845387662,-1,-1
24033,IS19e28952b11b1affb9ec9,-1,-1
24034,RolodexPropagand,-1,-1
24035,IS10d9c2c243d7d4047aa8f,-1,-1
24036,IS1797b13ec939ab7550ac6,-1,-1
24037,IS10d8143ce0beb217ed18a,-1,-1
24038,IS18cf58172d1ba745f0f7a,-1,-1
24039,IS1a896dc1ad1614a663b9b,-1,-1
24040,TheDuke,-1,-1
24041,IS16b08c10d3e25d277b682,-1,-1
24042,IS14bade185eee34ddb0aaf,-1,-1
24043,IS19568d38abb426975d91c,-1,-1
24044,AutumnBlade,-1,-1
24045,Aequitas61,-1,-1
24046,Soundwizard,-1,-1
24047,ZuluCrazy,-1,-1
24048,IS15b3966dd967f22a9a07b,-1,-1
24049,IS1737d0f6a3b1529b93b26,-1,-1
24050,Raewen,-1,-1
24051,IS1440a474eabdc326bf31a,-1,-1
24052,jackson1,-1,-1
24053,IS14b8a7e0304aff2b6f974,-1,-1
24054,IS157fe509d3de0ea08f7e1,-1,-1
24055,Spághetti,-1,-1
24056,Drakthal,-1,-1
24057,IS1fff1e76b0bd142324331,-1,-1
24058,Knight Kinetik,-1,-1
24059,Macoolin2g,-1,-1
24060,Phonomenom,-1,-1
24061,rarhrothgar,-1,-1
24062,IS1358a34de4f3e805d8469,-1,-1
24063,IS1015352cabae5d9b01b81,-1,-1
24064,cfNCCVmVjG,-1,-1
24065,IS1582d7ccd6adb5f2d4f7a,-1,-1
24066,IS13be79b5fe7e92e11087c,-1,-1
24067,kBQex6wdGT,-1,-1
24068,IS113ac300af9dde46b8aec,-1,-1
24069,IS15da9df499fd91469192d,-1,-1
24070,JaguarPirate,-1,-1
24071,nDb8YwdurK,-1,-1
24072,Drane,-1,-1
24073,Yx9H8i7cNC,-1,-1
24074,4naMFNglq8,-1,-1
24075,IS13ce911c2e4c15a0a48a7,-1,-1
24076,Ryuukotsusei,-1,-1
24077,IS1941affeb40a2029fa871,-1,-1
24078,IS1c87688e46598dd2171cc,-1,-1
24079,IS1cb8e6d8e48e00f80dfd1,-1,-1
24080,Sheitan,-1,-1
24081,raysn,-1,-1
24082,Taiki,-1,-1
24083,IS121a6b1898467b076c0d5,-1,-1
24084,dumpydump,-1,-1
24085,IS14a854dde0a3b362e32f0,-1,-1
24086,The Mindless,-1,-1
24087,ytUj1gB2Xn,-1,-1
24088,IS193f9fd1440329470e701,-1,-1
24089,fekw5mElvt,-1,-1
24090,IS107d66aff75b9fff0be36,-1,-1
24091,IS1fb0ddeffd72781d88aa6,-1,-1
24092,IS1419111b667b4a9e80467,-1,-1
24093,IS178e996b3cfd79ae2aa4c,-1,-1
24094,IS1ac306d481a872a47fb83,-1,-1
24095,IS1ef88a54661b5041006b6,-1,-1
24096,IS1fe8cb7946318389d4555,-1,-1
24097,IS167380207217d2b5c3156,-1,-1
24098,IS1ad455bc0694eb98ea14b,-1,-1
24099,BooBad,-1,-1
24100,fudgepacker3,-1,-1
24101,Z2 Brempa,-1,-1
24102,IS1cd7e4197ae1441c67a6f,-1,-1
24103,Colb,-1,-1
24104,Xobtraf,-1,-1
24105,IS198add6cc52c26495e207,-1,-1
24106,IS10cb7a0fac8c427efdd4a,-1,-1
24107,OxaD,-1,-1
24108,IS16a9d5c29bc3a093bf779,-1,-1
24109,Bratman,-1,-1
24110,Z2 Grasfer,-1,-1
24111,IS1c67d0941d632bbba2683,-1,-1
24112,switchmotiv,-1,-1
24113,Maxril,-1,-1
24114,nickthenerd,-1,-1
24115,IS1dc19f7f5d954436cd3a8,-1,-1
24116,IS1e2666db8b4798fe7c193,-1,-1
24117,IS111c47f878251d67a6ac6,-1,-1
24118,IS15af5d945c647a70995f1,-1,-1
24119,IS153706aea922873c7d2b4,-1,-1
24120,IS10d8bb56054f8f9354138,-1,-1
24121,IS164a196184290da520760,-1,-1
24122,IS112ec04e69c6569bfb189,-1,-1
24123,IS195b427b29472b1eca130,-1,-1
24124,IS1396bd0a930cafb6b1c54,-1,-1
24125,IS1973e068c3c035e52d105,-1,-1
24126,IS10a0b2bca7bf7b4d64a58,-1,-1
24127,IS1a7c2a118dc59a578d053,-1,-1
24128,Sventen,-1,-1
24129,IS124e65c6fde2ddc7dfdfc,-1,-1
24130,IS1c175e2a1ade81d393d94,-1,-1
24131,IS1fa9881f7f90ea71f0f23,-1,-1
24132,IS13f2413706c2d6cc8ee0a,-1,-1
24133,IS1dfa2dc55b19495e34fd7,-1,-1
24134,IS1780af548c8c4a9e11270,-1,-1
24135,IS13c36a2e255e3a2393a59,-1,-1
24136,EmptyPhantom,-1,-1
24137,FlyingKiwi,-1,-1
24138,IS1a5cc1a69f73a26e173dd,-1,-1
24139,Bitb,-1,-1
24140,IS1bceea136fecb513df4c3,-1,-1
24141,IS172f868f9945a5d6a7a7a,-1,-1
24142,IS13d91fc745b3d50d2bf1a,-1,-1
24143,RAGE Failtank,-1,-1
24144,IS1b11f51c99c4d667b1488,-1,-1
24145,IS11b7afc0b59475de711f7,-1,-1
24146,IS11f36e2afc3388d9dec86,-1,-1
24147,IS1d940ec33787f09b61d93,-1,-1
24148,IS1e8dc6f99b975754493e4,-1,-1
24149,IS1902f9b19a3b78d0cbdec,-1,-1
24150,Berst,-1,-1
24151,IS1a2d80ebf6d0a22b749f2,-1,-1
24152,IS101d1a5e313be097da0a6,-1,-1
24153,hydro222,-1,-1
24154,rapp187,-1,-1
24155,IS1c185c69e8984ecf61415,-1,-1
24156,Oogalooga,-1,-1
24157,Yigor,-1,-1
24158,Z2 Lordtoon,-1,-1
24159,IS11cba663d92e76d5036c9,-1,-1
24160,IS1b3799b433cf0b29a36e4,-1,-1
24161,jb0boY3Mfc,-1,-1
24162,LOLMASTER69420,-1,-1
24163,IS189d9712734aac8765677,-1,-1
24164,IS19b6783009bc4bca0162e,-1,-1
24165,IS17a8e6873ba059ea0a2c3,-1,-1
24166,IS157f1ff01e3bb5f38e88b,-1,-1
24167,IS1c5f784dd9a03ccf419ea,-1,-1
24168,IS1e27c157d955922c4e509,-1,-1
24169,IS1b5d59e91b9b630dadc05,-1,-1
24170,Sayduh,-1,-1
24171,IS1adeeb5d0352fcd92b1d2,-1,-1
24172,IS10bb3660bf73909829363,-1,-1
24173,Rawrz,-1,-1
24174,IS1bf438df20ad57112c8e0,-1,-1
24175,IS1ec782ecca7dcd94259d7,-1,-1
24176,IS127a321e4c726d00984eb,-1,-1
24177,ConeX,-1,-1
24178,IS1f0e50d1904691958f743,-1,-1
24179,IS1743fda8847722a2ce8c3,-1,-1
24180,IS13714002dd7ba30e89195,-1,-1
24181,IS1647f8aa890dab473e6b7,-1,-1
24182,IS14847105f5cc78a519d8a,-1,-1
24183,IS10400377196db6715f8f8,-1,-1
24184,jangoolie,-1,-1
24185,Truly Magical Summoner,-1,-1
24186,IS1ecd9e90f3d243203a2a4,-1,-1
24187,blckV,-1,-1
24188,HayateJun,-1,-1
24189,IS170c62a4ee6e61f33829d,-1,-1
24190,th15,-1,-1
24191,IS13ccf4a0a61b863bdd56c,-1,-1
24192,IS109dafffe35f3ca26f309,-1,-1
24193,DoctAr,-1,-1
24194,IndianaCones,-1,-1
24195,DiqLiqur,-1,-1
24196,m7coW1PJpz,-1,-1
24197,IS10156a84e8d2fc0bda8c8,-1,-1
24198,IS1f54bf3d07a18dbc409cc,-1,-1
24199,IS1bdc92af9e5df3721ed6b,-1,-1
24200,IS1b1900279e9217e38f45d,-1,-1
24201,Makoto1234,-1,-1
24202,IS172ef659f43ec66a36709,-1,-1
24203,MAMMOTHMEMBER 69,-1,-1
24204,IS16df50fd73afc752f3f89,-1,-1
24205,IS1191be293526cf052e257,-1,-1
24206,NpRgHwmMeL,-1,-1
24207,IS1a22d9c13c9aef6437832,-1,-1
24208,IS1b2496f4774b3810b2142,-1,-1
24209,Wafflepies,-1,-1
24210,IS1cdd544ce5dd30faa95db,-1,-1
24211,IS1004f02bd794d43e3c378,-1,-1
24212,IS1e8763e78deedbeaa8b01,-1,-1
24213,IS1da0635e455405200f2e8,-1,-1
24214,Synath,-1,-1
24215,IS1e02943859128347dc015,-1,-1
24216,IS10c6eb40cd187db4a865c,-1,-1
24217,IS1588c1d368b35b460e2d2,-1,-1
24218,IS10aee669d3af094e1f056,-1,-1
24219,IS1e28b425581832a4e0a09,-1,-1
24220,IS174876e12ddcba1cff0b7,-1,-1
24221,IS1da6b38dc09ef98903f5e,-1,-1
24222,IS188328e001aab08fddcd2,-1,-1
24223,IS14ce79d83c88031174b3d,-1,-1
24224,IS16b83d059f97a0fd5faa0,-1,-1
24225,IS1269b449abdfcf5c8c60a,-1,-1
24226,IS1724a483ce32818a4068a,-1,-1
24227,IS1e57f01008c4827d7fda5,-1,-1
24228,qIcDo356ZG,-1,-1
24229,IS1691dec62ef85cf89b74a,-1,-1
24230,IS1f05407704a9c89d40277,-1,-1
24231,IS1b28c802a089d183cd7a5,-1,-1
24232,IS197d114bdfbd7c5049760,-1,-1
24233,IS18a0d6345ff779bfce44d,-1,-1
24234,Bojanlges89,-1,-1
24235,IS1970c3673429f3ba1551f,-1,-1
24236,IS1448552f8dff7015d901d,-1,-1
24237,Botex,-1,-1
24238,IS1be780bcfa295e223fa37,-1,-1
24239,IS1b4cde46b9282b2d4d054,-1,-1
24240,IS179261005a11fe4b25651,-1,-1
24241,IS1353c2108751e0eeea05a,-1,-1
24242,chibikouta161,-1,-1
24243,pYaFuMbWIa,-1,-1
24244,IS16058f8379e2dc6d7412b,-1,-1
24245,Vadrigar,-1,-1
24246,IS1bc986df26bfb41045e87,-1,-1
24247,karjak,-1,-1
24248,IS14451eff7d670d9ab9c63,-1,-1
24249,IS1162db61726eb3c1ae467,-1,-1
24250,imcoolness,-1,-1
24251,IS145b3dcc9c66d92a1efb7,-1,-1
24252,IS1691d0b53d82ed1e25817,-1,-1
24253,Cayl,-1,-1
24254,IS101142accfdb75947a361,-1,-1
24255,calevenice,-1,-1
24256,IS1abefd52476b25ca29cee,-1,-1
24257,IS1e7879e9962ffdabe7502,-1,-1
24258,IS1e249281f495eb7d547ac,-1,-1
24259,IS13cf56e0a47379c26c5cf,-1,-1
24260,IS157b2f1f99d319649e74f,-1,-1
24261,jippyflip,-1,-1
24262,IS14c54ddbd013ec2564deb,-1,-1
24263,IS1bc84d9320fa2f9cf9e2a,-1,-1
24264,IS1b9e916a6a401e4e0c73e,-1,-1
24265,Vayyy,-1,-1
24266,IS1bd7c1e1b7118af88edcb,-1,-1
24267,IS1a0cce6cb31f578bbf025,-1,-1
24268,OPMWAMFV1,-1,-1
24269,antox584,-1,-1
24270,IS11b9970593a225df2d479,-1,-1
24271,Echalon,-1,-1
24272,ceolic,-1,-1
24273,4PeZvEqv6P,-1,-1
24274,IS1287973c46e5cb5346f06,-1,-1
24275,IS1a64940c20e80ca055ae5,-1,-1
24276,dadasdas,-1,-1
24277,Chatard,-1,-1
24278,ZedMAN,-1,-1
24279,IS15cbf30dc6821829cae9b,-1,-1
24280,IS1b4c2e25c79efcf188f22,-1,-1
24281,IS139b251d7743df5966118,-1,-1
24282,IS199a193818c983c2d6154,-1,-1
24283,IS1980ffc325cc243e1c0f5,-1,-1
24284,IS1faf99da5daec760de425,-1,-1
24285,infested,-1,-1
24286,IS11966672ed91687adaa03,-1,-1
24287,IS1e146423f79c9e151510d,-1,-1
24288,IS1d5bf95d40838809a7cf6,-1,-1
24289,IS1ff3ab9b34f411276995c,-1,-1
24290,IS1fd780c1ba9d144caae56,-1,-1
24291,IS14bb3a605e586094008e7,-1,-1
24292,IS1ccf2cdd85308836a28f6,-1,-1
24293,IS1582fe0ddc6b518b5d91c,-1,-1
24294,Austtheman,-1,-1
24295,IS106c14d2f4d6ca383f0cc,-1,-1
24296,IS1c474bbae40f8ea22d370,-1,-1
24297,IS1556e16b7da2430dd9b1d,-1,-1
24298,IS1c20ae4e1f79a059987c5,-1,-1
24299,Steven Dietterle,-1,-1
24300,Mikaru,-1,-1
24301,IS1d504f832ac8a0a1ebdd1,-1,-1
24302,dodger3oo0,-1,-1
24303,IS1580ea1e80650579e467b,-1,-1
24304,IS12002367f032ffa8daf61,-1,-1
24305,AjWan,-1,-1
24306,DoctorGoo,-1,-1
24307,IS1d2469f60241010ffa87c,-1,-1
24308,IS15c8ae90bbc0f39129c32,-1,-1
24309,IS12c91db0320578e50e0dd,-1,-1
24310,IS128af13d868d104e2dca5,-1,-1
24311,IS1e49ce4e725eafe97ac8a,-1,-1
24312,IS1dcae74bf01414219044b,-1,-1
24313,IS19b247cbd1227c897ef48,-1,-1
24314,IS1879905434986d67aa833,-1,-1
24315,IS1c6ef488db9a2a97b7768,-1,-1
24316,IS11c8eb7acfbba1073980c,-1,-1
24317,IS125fc24ab55f3c0122cf0,-1,-1
24318,daracan,-1,-1
24319,IS1b70314b5c1730328a936,-1,-1
24320,gcowhsu,-1,-1
24321,theodor cartman,-1,-1
24322,IS1c0afdd38ed2cb91fc498,-1,-1
24323,IS16aeff8d859ffd50c5db0,-1,-1
24324,IS15f243646d6f1e199f0ba,-1,-1
24325,IS1a7e1e9421420b2dfa049,-1,-1
24326,IS115e6e30d5f5de3f473ef,-1,-1
24327,Shaniqqa420,-1,-1
24328,IS1544c03e7d5625c37cbf0,-1,-1
24329,IS132666bf48521713980f4,-1,-1
24330,IS13029d4141c7b773c1a46,-1,-1
24331,IS14e1d35075019929d5b95,-1,-1
24332,IS1705874a309ed648806a0,-1,-1
24333,RampagerINC,-1,-1
24334,IS1a99e9df17852c6bfadca,-1,-1
24335,IS104daf500d9a35bdd01be,-1,-1
24336,IS13dc4cd12cc0e23ca5a5e,-1,-1
24337,IS19b39dd1f6cc4b680289b,-1,-1
24338,IS1c1ed26314347076d2f94,-1,-1
24339,IS1cdc18433fcbaa385d289,-1,-1
24340,IS1d1586f874c989af7b237,-1,-1
24341,Jesterunholy,-1,-1
24342,IS1547bacaa7cb94d1bd557,-1,-1
24343,Kaels,-1,-1
24344,ewqesda,-1,-1
24345,Redskizzers,-1,-1
24346,Z3 Akka,-1,-1
24347,IS19cb169a67ecfed4c63ee,-1,-1
24348,The Ellimiist,-1,-1
24349,IS14230bec1dd51f47c8b77,-1,-1
24350,IS15d36d5f4759acc5ec84a,-1,-1
24351,IS1dc75983a2448567cce20,-1,-1
24352,IS1a855aa84657882225c49,-1,-1
24353,IS173acf8cff183f3739e99,-1,-1
24354,IS106be3555e0e087a2acb8,-1,-1
24355,qRII1SLiyf,-1,-1
24356,Solowind89,-1,-1
24357,Griffkyn,-1,-1
24358,chefflez,-1,-1
24359,tGp0J1PEh8,-1,-1
24360,HappyCig,-1,-1
24361,IS1e531fd1eb7ec1b961288,-1,-1
24362,IS1fe3e40866d5ca57698ec,-1,-1
24363,IS1880c48b4cd4882e23ee0,-1,-1
24364,IS112aefd7646573eecfc9e,-1,-1
24365,Rjun,-1,-1
24366,IS1218f02c433160e93ed45,-1,-1
24367,Ivarrr,-1,-1
24368,9Z2MhZ2ARj,-1,-1
24369,Holyshot,-1,-1
24370,IS15725a21a891ed278810f,-1,-1
24371,IS1caa94f9e1b3678477b51,-1,-1
24372,Ase3ZpXKz5,-1,-1
24373,IS1c7c34e3bb276fb6f27e4,-1,-1
24374,IS11ed702bbf9d2631a1565,-1,-1
24375,DoublePLayer,-1,-1
24376,wizardblob,-1,-1
24377,TpRKDa6PGL,-1,-1
24378,IS12284ba384383dc0e44ea,-1,-1
24379,IS1970344e5c920495558b8,-1,-1
24380,FmJ5Zru7n3,-1,-1
24381,IS15d93ee0cc26ce01585c9,-1,-1
24382,antichoco,-1,-1
24383,IS1020500bbd7e86dc71429,-1,-1
24384,ibplunderin,-1,-1
24385,IS1f80558dcf82f31aa1ba9,-1,-1
24386,BlackKnightDY,-1,-1
24387,UYX7oxOK4k,-1,-1
24388,IS19595af6fc38cdee94f23,-1,-1
24389,IS15132ed55709ba0c9e2d3,-1,-1
24390,Oshuma,-1,-1
24391,2Annie1Chalice,-1,-1
24392,IS1ba228f761a4d6f203738,-1,-1
24393,IS15a9a61cbd4a62c12b171,-1,-1
24394,IS199345bc4854a3eeb014f,-1,-1
24395,IS1bbf7d446252f8ee27959,-1,-1
24396,IS1888c2a07ef003e29926b,-1,-1
24397,IS1416a8b02b790dea8a0f9,-1,-1
24398,Z2 Bunkey,-1,-1
24399,IS1bf0cea0910f681883abd,-1,-1
24400,Spawn,-1,-1
24401,IS1b9e54b1ea75c275c3f35,-1,-1
24402,IS17df2d3edbf7f4664f705,-1,-1
24403,IS1a7945dd52fd34085d45b,-1,-1
24404,Remidius,-1,-1
24405,IS1ff4ccab2a7c63462123e,-1,-1
24406,IS1d4124d78ea52dda3fbf2,-1,-1
24407,Pwnasaurusrex,-1,-1
24408,IS1b0a66cd40a5465974ed6,-1,-1
24409,Sanicball,-1,-1
24410,IS130f8ccc4f468be401563,-1,-1
24411,IS12618d880d79d813a51e9,-1,-1
24412,8FLI3pq0GU,-1,-1
24413,IS144fa784a334e6365bdc1,-1,-1
24414,Eokai,-1,-1
24415,IS196bd6f0eaf62b2b222b0,-1,-1
24416,IS17972af70c3900d2174fa,-1,-1
24417,IS1007e9cc45d7f3fdd51f4,-1,-1
24418,Furious,-1,-1
24419,Zenmaku,-1,-1
24420,IS1bfec774688ca3ef6ac42,-1,-1
24421,IS1fca2da721ca61a6e9569,-1,-1
24422,IS186dfe2e696258bb10d1c,-1,-1
24423,KubiGR,-1,-1
24424,IS165131af3b23839ff01e9,-1,-1
24425,IS154244a447353ff659509,-1,-1
24426,IS177381e730fc3ce4b8b32,-1,-1
24427,IS1557753b303d5d194cf60,-1,-1
24428,IS16656b3fd4f7dd58a3cbe,-1,-1
24429,arziel,-1,-1
24430,IS189da400a82781def8eac,-1,-1
24431,DustyFerret,-1,-1
24432,IS1653596efd5df9c35b90b,-1,-1
24433,IS12a4c4fa54280bc7b50de,-1,-1
24434,djtyrant,-1,-1
24435,IS19f693c310e2fb2748a54,-1,-1
24436,IS17ae78e3c520b9a0fd5fa,-1,-1
24437,Gungatorr,-1,-1
24438,IS11b6c948faaaf948ad3ea,-1,-1
24439,Dark and Crazy,-1,-1
24440,xWha,-1,-1
24441,IS1c38f7606ba323fdb0dc6,-1,-1
24442,Penis you know,-1,-1
24443,IS1a90e7ef716f811d8bba1,-1,-1
24444,clumzi,-1,-1
24445,IS10d9294c13a73a8aac01a,-1,-1
24446,stinkyvaj,-1,-1
24447,Klarato,-1,-1
24448,IS166bdd0d4e74673f058aa,-1,-1
24449,IS19dc72122809403b3238a,-1,-1
24450,IS180c7e9e912c23b6469a4,-1,-1
24451,IS15661b97901dc688b4385,-1,-1
24452,IS128eeda49c30da8bcb92c,-1,-1
24453,IS1352745be10a2b89a1f84,-1,-1
24454,IS1aa81017a8453e36cdfa9,-1,-1
24455,IS1585b3dd6b95fd42dc267,-1,-1
24456,foobarkilla,-1,-1
24457,TSMOhHerrow,-1,-1
24458,IS1e42775f1ab72b9fa1b3b,-1,-1
24459,Infinity28,-1,-1
24460,IS11909941ebb7bd7e4793d,-1,-1
24461,IS17cf1e0efbc00fee0133b,-1,-1
24462,iancito,-1,-1
24463,IS17751a71bfb6ebce5cad0,-1,-1
24464,Pan Arroway,-1,-1
24465,IEatNoobs4Lunch,-1,-1
24466,an94,-1,-1
24467,IS15c9db850d0d318d381a6,-1,-1
24468,Eanimal,-1,-1
24469,IS1598301a7c1c07e35a8d6,-1,-1
24470,MagiteKnight,-1,-1
24471,Kicksmith,-1,-1
24472,hMAVTYgmJH,-1,-1
24473,IS1d2011c767cfb35b8248d,-1,-1
24474,IS16c06f7f048b37a1aef50,-1,-1
24475,IS1b3975ac2d4ca644d619e,-1,-1
24476,IS10eab245ac40824b412ec,-1,-1
24477,IS1a479b82f26867038767f,-1,-1
24478,IS16473d1aae96d5a28df15,-1,-1
24479,EvanJO,-1,-1
24480,nferno,-1,-1
24481,IS1786550e9cc2829e400b3,-1,-1
24482,IS1af6f74ed1bc5f7efc374,-1,-1
24483,IS1d5851a778f3e48ad59d5,-1,-1
24484,IS150f569a5a1774fa8b312,-1,-1
24485,IS1d49a586adf043f2acf21,-1,-1
24486,IS1aaccb0a7a02b6db8478c,-1,-1
24487,IS1e7694ca4aca076d81bb5,-1,-1
24488,IS1d3b636552fc2ae8f51f3,-1,-1
24489,IS1a2ba54c452debb9b5584,-1,-1
24490,egernet ib,-1,-1
24491,IS18afb41103cccd097d9eb,-1,-1
24492,IS1de71da28c465d46992ad,-1,-1
24493,IS153198bca329e718d901d,-1,-1
24494,IS1f468c7ba79c07a84cbca,-1,-1
24495,Cartesial,-1,-1
24496,IS1e9ac8614ed1cd7e90e2f,-1,-1
24497,IS12dea4b66fcd011a313e0,-1,-1
24498,IS12a5171a183b3356ec9a3,-1,-1
24499,WoolleyMyroa,-1,-1
24500,IS169c83846e07479c6d9f4,-1,-1
24501,Gnomin,-1,-1
24502,IS1db900c4ee701df6cd6b5,-1,-1
24503,Jupanul,-1,-1
24504,IS1b47c10fee170ae37ec89,-1,-1
24505,taurengod,-1,-1
24506,IS1740a530084b0f1fb07ba,-1,-1
24507,stillfaiTh,-1,-1
24508,IS1b81bb804df0092b53ae9,-1,-1
24509,LoadoaBeliada,-1,-1
24510,IS13ad74b033e94c7b12706,-1,-1
24511,Smoodog,-1,-1
24512,Efukas,-1,-1
24513,Darcris,-1,-1
24514,IS1dc3d6f18596cb04e307f,-1,-1
24515,IS1ca0f075ce4afc8e40ac4,-1,-1
24516,IS1de67251ea00e6c7970f6,-1,-1
24517,Erlandil,-1,-1
24518,Artemy,-1,-1
24519,IS18287db4f91c9cccb8e70,-1,-1
24520,IS17c738e35a949f8e3f6fa,-1,-1
24521,IS1b6ecc6a0ba7faec476fb,-1,-1
24522,IS1e1d869107e2498745386,-1,-1
24523,IS1bdef615d3ea493d23c86,-1,-1
24524,IS1fd65f4d8029d5feb5b8c,-1,-1
24525,IS10d9d97e5259a649ce6a4,-1,-1
24526,IS153b011ceb4e83e6b18e7,-1,-1
24527,IS11a4cbf011a4c345819b1,-1,-1
24528,Boromsel,-1,-1
24529,IS109482911c7e614a83e87,-1,-1
24530,HumanBoulder,-1,-1
24531,ExWazHere,-1,-1
24532,Boreas,-1,-1
24533,IS1d3d2c1fdb4c9e0bf7b27,-1,-1
24534,IS1e2e1578442390863f022,-1,-1
24535,IS12cce8d1c1b197708fefb,-1,-1
24536,IS16ff7dec8682d2c5cdbaa,-1,-1
24537,IS1784148f7c66bc4d9845c,-1,-1
24538,IS1ac6db5ac917b79ddd01b,-1,-1
24539,IS1a64b17777aea3bdc13d4,-1,-1
24540,IS1165f9027c92308bb784a,-1,-1
24541,IS1031b55ef0aef421ec4a4,-1,-1
24542,IS1079ed5b2b1773e829db0,-1,-1
24543,IS139237f396261b8a894ab,-1,-1
24544,cpcraft,-1,-1
24545,Alan Dao,-1,-1
24546,IS106ec44c27564123ab511,-1,-1
24547,IS1e4227c1e704642521ccf,-1,-1
24548,DaveSRT4,-1,-1
24549,IS19a1ca5bdee2d9cdd626c,-1,-1
24550,Skyward64,-1,-1
24551,IS18f284e94582992f29e55,-1,-1
24552,Deltarion,-1,-1
24553,Sedard,-1,-1
24554,IS15fb3f80fe6b9b4f5bdec,-1,-1
24555,InfernoGunz,-1,-1
24556,chemiicaLL,-1,-1
24557,hp6s1g1u54,-1,-1
24558,Robica,-1,-1
24559,IS1fdb5d0fb42af83c627cd,-1,-1
24560,Reimii,-1,-1
24561,IS1a7ccb696a5510ddd45ea,-1,-1
24562,IS199c52a7e247073a69da6,-1,-1
24563,IS1d9184a3fad51be54992c,-1,-1
24564,5hifty,-1,-1
24565,IS1923d5378fe28575ba385,-1,-1
24566,IS175b7aa9eca5f72a60ae4,-1,-1
24567,IS1d9bc7b7d71b6e35ee6d7,-1,-1
24568,IS18c9d1e49c57b3db8cef8,-1,-1
24569,IS1163a3bc81815ff3fc284,-1,-1
24570,Sl3x6mh7Fn,-1,-1
24571,IS19ba50c301e0bc99b56e7,-1,-1
24572,IS12df3441cd4452f9d24a6,-1,-1
24573,IS19c857b14f597caab4a2f,-1,-1
24574,IS1018122bcc2d44abecb1f,-1,-1
24575,Ahmanda ane sama,-1,-1
24576,IS1f4c8b49a5603e31b0022,-1,-1
24577,IS1a41106ceebbb918308c3,-1,-1
24578,IS129b35bbf2eae076dd0aa,-1,-1
24579,IS1a0614ac91cf7394818b3,-1,-1
24580,IS1c296a1d7cf850ecc1af6,-1,-1
24581,IS14d4da17ea66c64721e3d,-1,-1
24582,PdM2tTMK0I,-1,-1
24583,jcarter,-1,-1
24584,IS17ea585bb8b57bbe57732,-1,-1
24585,IS1078ee17e3a108180fe1f,-1,-1
24586,IS19cd62597c9910247a3de,-1,-1
24587,IS199dbd70a13eb1da19ea1,-1,-1
24588,IS1d442867697b3e4a4656f,-1,-1
24589,IS183e4bada48b9c9f2b5ff,-1,-1
24590,IS132d140b8af71e4c73931,-1,-1
24591,IS1e885348d23c2ed8ed3dc,-1,-1
24592,IS14d839de58f4e37150de6,-1,-1
24593,IS14f121f9423f936767a3e,-1,-1
24594,IS1cffdb1189da300c18b25,-1,-1
24595,IS1fb9317ab2736cd128e1d,-1,-1
24596,McJedi,-1,-1
24597,hello guys xd,-1,-1
24598,geffen,-1,-1
24599,IS167620ac2c60334533cac,-1,-1
24600,IS1a42cd2b356ae965efbb0,-1,-1
24601,ARz4Nnjetu,-1,-1
24602,IS11ff09f2918a8f14510e6,-1,-1
24603,IS147d07aa2d7a800b7d15b,-1,-1
24604,Gerbie the Goat,-1,-1
24605,IS158d0c4ab6764476e20fa,-1,-1
24606,IS155ea84c497c61337e896,-1,-1
24607,S1Zl28AkHA,-1,-1
24608,IS10c54868347de2e6246d7,-1,-1
24609,IS1a5186438b69d496890d3,-1,-1
24610,IS179b70028085267ceb762,-1,-1
24611,nUmmSDwaZr,-1,-1
24612,IS1b8295e430c80528fa01b,-1,-1
24613,IS1fe883a5df28308893b46,-1,-1
24614,IS158abe821c72b19b08159,-1,-1
24615,IS190fc29155bf1660465ee,-1,-1
24616,IS106ad7edb141de30cb383,-1,-1
24617,IS123591afb051b28d964a9,-1,-1
24618,Dougamer,-1,-1
24619,IS1ec7e93feda1fa86a3a05,-1,-1
24620,IS1848d617be1f744c91f94,-1,-1
24621,IS18126804b22d594c1a69f,-1,-1
24622,Zirkan,-1,-1
24623,IS109983b9b265d43f27563,-1,-1
24624,defekt,-1,-1
24625,IS16114b61eaee7652037c5,-1,-1
24626,IS14aaf2309e86e6726b274,-1,-1
24627,IS1752ca8ac87d661b4328c,-1,-1
24628,IS182dd15f4516872e7f4ac,-1,-1
24629,IS1ffac3be063b1db40b076,-1,-1
24630,Axtree,-1,-1
24631,IS139fa6a21866d764cc4b8,-1,-1
24632,IS1f95ad713a98f3fd8d8e6,-1,-1
24633,IS1e49af21cff6035b13cf3,-1,-1
24634,IS1a7afbe5297935b4546ea,-1,-1
24635,IS1f6dcb568578085893ead,-1,-1
24636,IS1e4920a57ba55651c5687,-1,-1
24637,IS1e6220e63583085516728,-1,-1
24638,IS1000dda6721e217aaa204,-1,-1
24639,IS1dc652878903429ff5465,-1,-1
24640,Nurfballs,-1,-1
24641,QzhGT8WDGt,-1,-1
24642,IS11d0ae7f35e7cc00ddee5,-1,-1
24643,IS1c508cdd7f963031dcc3d,-1,-1
24644,IS1c002e56b572b310a2ab1,-1,-1
24645,Demosthenes,-1,-1
24646,IS15be72c631e0f370391f7,-1,-1
24647,IS194b2e70ea3d6b8a393d6,-1,-1
24648,IS1df6145f160954e1ff7a7,-1,-1
24649,IS1bc4d6916e16b8ca24fda,-1,-1
24650,Belphe,-1,-1
24651,IS124698bc56ead9e0dae24,-1,-1
24652,IS1d0b3ae81d149d831d777,-1,-1
24653,noPublicFG,-1,-1
24654,IS1a040c9f681d419242f40,-1,-1
24655,IS1aaab05e86e442bb0cd47,-1,-1
24656,Killerguppi,-1,-1
24657,IS1be55d5d06531e9229aef,-1,-1
24658,IS1b87c9b7f62111caf65d1,-1,-1
24659,fiducial1,-1,-1
24660,IS121ccdfdb7826e689b4d9,-1,-1
24661,IS12eb41a2cbd0f28b308a7,-1,-1
24662,MaidTheQuaker,-1,-1
24663,IS19c0427e3850c85b591a2,-1,-1
24664,IS186a70f430fc5aaa2fd29,-1,-1
24665,IS1293730e94b6d9cdd6fd0,-1,-1
24666,IS13f3a3647a118eb56e030,-1,-1
24667,IS16d3c17a50553adb80e7f,-1,-1
24668,IS1221aad9863719ee8c2d4,-1,-1
24669,hintori,-1,-1
24670,IS1fa31bb876bd9fc3fffae,-1,-1
24671,IS1d3fabc39ecf95a0b2d0e,-1,-1
24672,IS1d826bbe7fe360c211ecc,-1,-1
24673,IS1f7cc9c69c1003a412e8a,-1,-1
24674,IS1494b73e3c8fe8928807a,-1,-1
24675,V9TFRrvoTz,-1,-1
24676,IS1bda9553124b20718d246,-1,-1
24677,IS14c0b8aa88d99f31e8710,-1,-1
24678,kOgKd8xFlV,-1,-1
24679,IS189d2829445c725dae35a,-1,-1
24680,IS11f3f6f860a86373b3aad,-1,-1
24681,IS1a1e6539486d1091a5efc,-1,-1
24682,Noobed,-1,-1
24683,IS18eff5479ce2440f63d84,-1,-1
24684,IS14773d6fa516356f43aa6,-1,-1
24685,IS10c17a6baad28e3bf79b6,-1,-1
24686,IS1858d62bd478ea70b4fe9,-1,-1
24687,IS16e8bcdfc386df95c78d8,-1,-1
24688,IS1d35657418654408948ff,-1,-1
24689,IS1b7bd97f7a687e6b8246b,-1,-1
24690,IS18641df6c34959d797e15,-1,-1
24691,IS12de9795844a2d0c6142f,-1,-1
24692,Immortal Silence,-1,-1
24693,IS1523456225589dc27b6db,-1,-1
24694,CrazyBunta,-1,-1
24695,whyamidothis,-1,-1
24696,IS150aabb9ffb2683e07922,-1,-1
24697,IS17f1c0e786e05e0007cc6,-1,-1
24698,IS1b090a06621c52e0f4e91,-1,-1
24699,IS1be79d8f60e568c9bd1e4,-1,-1
24700,IS16537050114ceed8368c9,-1,-1
24701,IS130fe38bd7ab3ca37869b,-1,-1
24702,LxdgP8LOU3,-1,-1
24703,IS16be1ee5a72d2837c1b6d,-1,-1
24704,wz3E3Y3I5m,-1,-1
24705,IS198fb9794db5e1f7d4896,-1,-1
24706,IS1d941aa028f900244a094,-1,-1
24707,Ali3nSan,-1,-1
24708,CreedonZ,-1,-1
24709,IS133abf738e3278abeffc5,-1,-1
24710,Mmrrggll,-1,-1
24711,IS1bec9205952807471e86a,-1,-1
24712,IS12314daeb3444bda8acbd,-1,-1
24713,IS1498a8636cf91c55edbe3,-1,-1
24714,IS1469d15d7ca0ed7c85e43,-1,-1
24715,IS1a0a7eddc67a21cbebea6,-1,-1
24716,IS1d584a2081db97de7623b,-1,-1
24717,Ctenidia,-1,-1
24718,kijik,-1,-1
24719,IS18a39257dcc2f2684c732,-1,-1
24720,IS1818fffa3e8045eb95a61,-1,-1
24721,IS1533b11cbc33f9e40aa95,-1,-1
24722,IS1919b6275ea3f14c5e1bd,-1,-1
24723,IS11b05d3ee6f2aea257935,-1,-1
24724,IS129df5fa41bcb8df27eab,-1,-1
24725,WBfU3xFSqQ,-1,-1
24726,Rahgi,-1,-1
24727,IS13908f20c5e6fdbcba61c,-1,-1
24728,NotAnAmbiTurner,-1,-1
24729,Jddogg,-1,-1
24730,IS19ccd5f3d5d82b4ba148a,-1,-1
24731,IS1ad83e43f040a9eeb4bbc,-1,-1
24732,Tanlorik,-1,-1
24733,IS10d9189c38f0c60551d3d,-1,-1
24734,EverythingQ,-1,-1
24735,IS15eb18b01022d5dc2c3a5,-1,-1
24736,IS10a2cad375b2f167ad3e8,-1,-1
24737,IS19273db55e8df1f2a3f94,-1,-1
24738,Lerouxx,-1,-1
24739,Juvv,-1,-1
24740,IS1a5f9ab4d57353afe2586,-1,-1
24741,Z2q8lKKWk3,-1,-1
24742,Catalyzor,-1,-1
24743,IS1fc99573ed7ef8f2918ea,-1,-1
24744,IS1839c23452153789dc667,-1,-1
24745,IS16674904fe08fdef1616f,-1,-1
24746,IS1f39203efd92cd1f8b108,-1,-1
24747,IS100ad3efd00141ecca9a7,-1,-1
24748,IS10ee6687e62bc731cb6dd,-1,-1
24749,Mikiri,-1,-1
24750,DigiDaemon,-1,-1
24751,contajun,-1,-1
24752,IS1648d723ab59b5905f61d,-1,-1
24753,IS1ea5def6a29b19503dbbb,-1,-1
24754,IS19401e7e455f149116a40,-1,-1
24755,IS1fad841c56bac26d777a6,-1,-1
24756,Xinil,-1,-1
24757,IS154cfb25a8be97c24b4b3,-1,-1
24758,KokoDesu,-1,-1
24759,IS16e71ea1b481736554a25,-1,-1
24760,RokPaprBazooka,-1,-1
24761,IS1c73f8682c1719013b642,-1,-1
24762,En Bruno Hest,-1,-1
24763,IS151a9e639cf4fa7efa3dd,-1,-1
24764,EyesLikeAChinese,-1,-1
24765,IS1718ace2b93439cd79ac2,-1,-1
24766,TokPhobia,-1,-1
24767,IS18d4e8d591d607cfe77b0,-1,-1
24768,IS138ab02c8fd02ce384a44,-1,-1
24769,IS192f022356b9a8295c00d,-1,-1
24770,IS1ea4926c59a7d0467881d,-1,-1
24771,IS1252ab39445f70503e48f,-1,-1
24772,IS103f89379467a0ceb53ea,-1,-1
24773,KvqrWcEb47,-1,-1
24774,IS1f45836af5ebf08c662f8,-1,-1
24775,pekeno,-1,-1
24776,Derekian,-1,-1
24777,Blue Codex,-1,-1
24778,IS194401b8ef828fe895117,-1,-1
24779,IS14644a262f19b0b629416,-1,-1
24780,IS15232aea0b0addf6a192c,-1,-1
24781,thespewingcarrot,-1,-1
24782,IS1fdb2ae7c5832947c3833,-1,-1
24783,IS1b6515bb51e242379602a,-1,-1
24784,IS19f98f888e9d244be8a17,-1,-1
24785,fisyhink,-1,-1
24786,IS1bdfdfaefd41d501b3fac,-1,-1
24787,IS154a43eb984f00fa27d14,-1,-1
24788,Trixxie,-1,-1
24789,IS19b035425e6c057c288e5,-1,-1
24790,IS171c5ca3aa000f1edca35,-1,-1
24791,IS1863146f78ca650897c2f,-1,-1
24792,IS12cff7b5425a562468a46,-1,-1
24793,uuaLDWlQjd,-1,-1
24794,IS117d51e5e10cb21b53b77,-1,-1
24795,IS13530836522227f29688d,-1,-1
24796,IS1740ee303cf7c0339f0ca,-1,-1
24797,IS17136b6ba55e126a7836d,-1,-1
24798,Slike,-1,-1
24799,IS12f48e2e3c94b8ca43403,-1,-1
24800,IS1d919488e2fcdb17950b5,-1,-1
24801,Adrianv,-1,-1
24802,IS1726a6f4380142e5b6e6a,-1,-1
24803,IS13eb8e122b78b0e40af4f,-1,-1
24804,IS149ada7c295d940697a3a,-1,-1
24805,ah9zeNlEf7,-1,-1
24806,PLEASE IM KEKE,-1,-1
24807,IS1c9e44e3c17b1ec6ebb67,-1,-1
24808,IS19aa7c874f4546a29fd90,-1,-1
24809,IS124e6f54a1f4a557807bb,-1,-1
24810,Korial,-1,-1
24811,IS199ca52e91605c574b864,-1,-1
24812,IS1c313dce14fa4b8e6c0d4,-1,-1
24813,IS1e0845c2e530ba9fd5c2c,-1,-1
24814,IS15fee83edb0995eec7002,-1,-1
24815,Sobanoodle,-1,-1
24816,IS170914ce9c9e61581cbf8,-1,-1
24817,IS135deb774cc5ff8682ced,-1,-1
24818,IS158e1fc0b56e0d86f8ffe,-1,-1
24819,SykoNytro,-1,-1
24820,IS17b795df17629e09533c7,-1,-1
24821,4OOnslpw9H,-1,-1
24822,NabukoOO NA,-1,-1
24823,IS1f9632fd0476db4a5c879,-1,-1
24824,Pmanhunter,-1,-1
24825,IS1613868edc1116c6ae1dd,-1,-1
24826,IS153cd474455b6ce4def37,-1,-1
24827,MMX,-1,-1
24828,BaGIHhroRo,-1,-1
24829,IS124fd478f2e338c9295f2,-1,-1
24830,IS1826743e01e79f4ccf6ae,-1,-1
24831,IS1a9f0d3867d1098d5ac6e,-1,-1
24832,IS12a2b265a09a56095c702,-1,-1
24833,Jimichu,-1,-1
24834,IS168c42114514a81db864b,-1,-1
24835,IS1a44e0be74335fb55004d,-1,-1
24836,Dumpty,-1,-1
24837,IS1125e58481a0cff44b539,-1,-1
24838,Beltorn,-1,-1
24839,IS14df5ec69019f310a2d19,-1,-1
24840,IS13d95cb29ce12ae30e18f,-1,-1
24841,IS189db77c9271ab00c35a0,-1,-1
24842,IS1d25041d83e289ac8ae5f,-1,-1
24843,IS1478b3fce2db5de81be6f,-1,-1
24844,IS1352232d45c748aaa0d0e,-1,-1
24845,IS1aaf5c36f2f065da4fca0,-1,-1
24846,demondfire,-1,-1
24847,IS13a3ee0f01243aabbc3b8,-1,-1
24848,IS16ffa7acd4ab006b3d53c,-1,-1
24849,IS1c37bdea8a8d99ac27660,-1,-1
24850,IS1bef1843fa5b1693050d1,-1,-1
24851,IS16bc5c498c86262d113c3,-1,-1
24852,IS1e3ac92c8eb8b95ad84a7,-1,-1
24853,l3itchesNh03s,-1,-1
24854,IS130b2a41ef92af37d1287,-1,-1
24855,IS18a1ec4b6fafd953ef378,-1,-1
24856,IS16ea5022d0c46b03e2d2a,-1,-1
24857,IS1a2bdc6e2be26ee89e825,-1,-1
24858,IS18fbabbd65b0f85243dc2,-1,-1
24859,IS111366e18b10cd0690f53,-1,-1
24860,My name is Mark,-1,-1
24861,IS172ec4f7d90fae46639f5,-1,-1
24862,no12,-1,-1
24863,EO7Ml41GZY,-1,-1
24864,IS14a140863187ec8ff4671,-1,-1
24865,IS169eb0d347b2465cc7247,-1,-1
24866,IS15e3f32c487236668155f,-1,-1
24867,IS11d9787f7c1297488c798,-1,-1
24868,IS1990227e76560921e5fa7,-1,-1
24869,IS10b3f17e6aeaf4a6e6890,-1,-1
24870,IS1587836c18b1e2184bac0,-1,-1
24871,Mikelian,-1,-1
24872,IS10af53590f293dcf35c20,-1,-1
24873,IS1c64811b77e86b9cb17b0,-1,-1
24874,IS1a246ebcff950b4eae2e7,-1,-1
24875,dotdotcurve,-1,-1
24876,IS17e7aac0fde5f55a2b928,-1,-1
24877,Z2 Salvix,-1,-1
24878,IS111cb83230c17046b5cf2,-1,-1
24879,IS12528942a2d02a624d123,-1,-1
24880,IS1faf19bb15d0b370cfac8,-1,-1
24881,IS100d2f22ef573f2d7097f,-1,-1
24882,IS1fc059523a2f830a5b248,-1,-1
24883,IS1a16673a5d33b77f942fe,-1,-1
24884,Z2 Olegon,-1,-1
24885,IS1a7bcf0923df1bb269578,-1,-1
24886,spawnofwillow,-1,-1
24887,IS1e29d158420b35214c4df,-1,-1
24888,IS1254fd9b922dfa871720d,-1,-1
24889,IS1fc5d0b90e6c4eabcb8fb,-1,-1
24890,Creepindeath711,-1,-1
24891,XtartarX,-1,-1
24892,Sammler,-1,-1
24893,IS1e29ac81279bdae9886bd,-1,-1
24894,IS19ba74634f35bddc7d7da,-1,-1
24895,IS158b66fd4f9c864eb81f3,-1,-1
24896,oohwee92,-1,-1
24897,IS11f09946a28965a67d436,-1,-1
24898,King Oppai,-1,-1
24899,IS12c8752cf5dedb4b50d49,-1,-1
24900,IS16d20a7646ff826a8a219,-1,-1
24901,IS1f0f1509c651bb5accd0a,-1,-1
24902,IS1c42bb74d67bd017f9c26,-1,-1
24903,IS1d0b7b1dd13cc7c430388,-1,-1
24904,GfUkVzGa8s,-1,-1
24905,Crx Kagesha,-1,-1
24906,IS1d7d91338134ee7c6671a,-1,-1
24907,Gardios,-1,-1
24908,IS16821c2d22ae6de38d51c,-1,-1
24909,IS1dc5a816f53bb4f65248c,-1,-1
24910,oPtxWYwrOT,-1,-1
24911,IS17abcc0b82d0ba7d90f66,-1,-1
24912,IS15f0ebed7e18543743c14,-1,-1
24913,IS1e88e92d5a2f7b57ada1d,-1,-1
24914,IS1e60ff050b1da3143c84a,-1,-1
24915,IS126969e05f6ba1d3cf7dd,-1,-1
24916,IS1c54e3a9fd0d895b12df4,-1,-1
24917,IS17f2fad5cba1f425d72e6,-1,-1
24918,IS1645373b6363e6a6ec18c,-1,-1
24919,IS17d684c2face70e6ecf9d,-1,-1
24920,IS1a928c3814bc3b3ee962b,-1,-1
24921,IS139a3e56b78aba08b2039,-1,-1
24922,IS1568ba4d71e1645e5da27,-1,-1
24923,IS10d0a7f8442f94024eb9f,-1,-1
24924,kaeckerut,-1,-1
24925,IS1d70cf8deac8cd3f79734,-1,-1
24926,IS1c7073c81c32a6d750b99,-1,-1
24927,delmeplz,-1,-1
24928,Shano Stars,-1,-1
24929,IS10f1a8178debdf0f365e0,-1,-1
24930,IS1c48087a8e372d9d4631a,-1,-1
24931,IS15e3f0bce9a7206cdef5e,-1,-1
24932,IS1f93396b5b4a108f58cfa,-1,-1
24933,IS1ced487d09ddcbe753d73,-1,-1
24934,Smeerworst,-1,-1
24935,IS142925b8a87ebcac1a9cb,-1,-1
24936,IS1f877b24a575d79081598,-1,-1
24937,IS17147f222c34b1a9029a4,-1,-1
24938,IS1b3698996fb6614751c91,-1,-1
24939,Belhangin,-1,-1
24940,Aribrave,-1,-1
24941,IS1406dcdd260a088902cb5,-1,-1
24942,IS117597c70b4edaa542a0c,-1,-1
24943,IS1ca785d5e02beb0d0c8eb,-1,-1
24944,IS187bb60d6e5680c047a5e,-1,-1
24945,IS10e44bed446ac00507f58,-1,-1
24946,IS12a77578033a1b21594ff,-1,-1
24947,IS1195ba97b91a17dfd6f05,-1,-1
24948,IS16319628ffc17cc6b3998,-1,-1
24949,Celestyal,-1,-1
24950,IS100dd6eb031b3fd35d738,-1,-1
24951,PNUS,-1,-1
24952,IS127ccdb0e5083f2cfcde7,-1,-1
24953,IS1574658e1a5dd95d2ff8d,-1,-1
24954,ninjatotok,-1,-1
24955,IS146ed6543d51ac348bafb,-1,-1
24956,Arghron,-1,-1
24957,IS1c9032d56360fbfa2a47d,-1,-1
24958,IS1f0e75fd9df1c075cd379,-1,-1
24959,AznBeast42,-1,-1
24960,IS168feeecfb06f99a87671,-1,-1
24961,Berti Bird,-1,-1
24962,IS17ace361a4c390d047f74,-1,-1
24963,IS1e9cdb293fa94a06b4577,-1,-1
24964,Oblob,-1,-1
24965,hojoe,-1,-1
24966,IS12c7d2a8d9d5f021b7e43,-1,-1
24967,IS15590394fdef928ede449,-1,-1
24968,Xx53VkTOb7,-1,-1
24969,IS19f2d35cf0faa3a838694,-1,-1
24970,IS1339c41bb28ff92e8635d,-1,-1
24971,Over9000,-1,-1
24972,Avarrog,-1,-1
24973,IS1663217384fadcd58c8ab,-1,-1
24974,IS19b63ce9a539aa94337bc,-1,-1
24975,IS1ea4aa07fae2dcd78cf79,-1,-1
24976,IS1436edf77b2c6d75740c7,-1,-1
24977,DriveBetterHigh,-1,-1
24978,Jester44125,-1,-1
24979,IS153679ab5bbc45e64d9e8,-1,-1
24980,Altiar,-1,-1
24981,Dubry,-1,-1
24982,Diabolic Hackz,-1,-1
24983,IS184e43122cc92e6a66f6f,-1,-1
24984,IS141b0f098ff377dde2966,-1,-1
24985,IS1ab5937095c1629b71d05,-1,-1
24986,IS1316d7234f2bc5a409cdd,-1,-1
24987,IS1b30f18b01c0fa9e684b3,-1,-1
24988,IS105ff344e4d7cbe4dc222,-1,-1
24989,IS11a40da4d7d17eb026c93,-1,-1
24990,IS1a14bb7cf8c6112d13e0d,-1,-1
24991,IS1ed500a662e396908d39b,-1,-1
24992,IS13421d6af8aa39f754f7b,-1,-1
24993,IS1b6ae769b6af99410a092,-1,-1
24994,IS1deadae36b7648dacd8ad,-1,-1
24995,IS13bd13ec08d5d1a8bbe4c,-1,-1
24996,Osanawo,-1,-1
24997,Pl2oton,-1,-1
24998,IS1e411e42095b17c706b92,-1,-1
24999,IS154a34f898980254af33f,-1,-1
