26000,IS1c409224f9ba13919d1b6,-1,-1
26001,IS1e52c643ad59a03524806,-1,-1
26002,IS1f4f0f2b48e121c8a62f5,-1,-1
26003,IS19de1050ce3c0738b1eb4,-1,-1
26004,Kartzan,-1,-1
26005,IS1f63bb210855dfa8871a5,-1,-1
26006,GodAmongMen,-1,-1
26007,IS1311718138363f040e391,-1,-1
26008,IS1f62c1b2763fa0d56527d,-1,-1
26009,IS1635ad70876baf3b2d216,-1,-1
26010,IS1302aed604bef641447a5,-1,-1
26011,IS122d6d0f8dde501523911,-1,-1
26012,Goulashia,-1,-1
26013,IS1db7e2cf98fae11eb7603,-1,-1
26014,AnbuKev,-1,-1
26015,Breko,-1,-1
26016,IS16bc1df7d0513eb0022e9,-1,-1
26017,IS12ab35403de093b290a17,-1,-1
26018,IS1d2c805ab6b0e0c174180,-1,-1
26019,szentt,-1,-1
26020,IS1a99d473546860a5e699b,-1,-1
26021,IS161d11b0e6a0c05465033,-1,-1
26022,AgatonvonSnygg,-1,-1
26023,IS17d36779dac5b428d0064,-1,-1
26024,C3HYDc8DGT,-1,-1
26025,C0rk1 B0t,-1,-1
26026,IS154deacc33cf7c4a8aeb5,-1,-1
26027,IS17e29fe2990c722ee6cae,-1,-1
26028,IS1fec44a2a7efd49d74e01,-1,-1
26029,IS111766919e03aebcb8cf8,-1,-1
26030,IS1a81a16b0c3e047350c06,-1,-1
26031,IS12308cdbe9f5c6c741855,-1,-1
26032,IS1bd9c55b3fde4b287bd50,-1,-1
26033,IS124d0eb4330748d1e72e5,-1,-1
26034,IS134821274df396bc3e372,-1,-1
26035,zQTFikcw7E,-1,-1
26036,DollarTreeSecurityGuard,-1,-1
26037,Livcdlvwvrgiv,-1,-1
26038,IS116798f3144061053bff4,-1,-1
26039,IS1b3b8bcba9451df36483a,-1,-1
26040,IS133cc7e121a3d5479b9b0,-1,-1
26041,IS18afdc9ba228f485c71bc,-1,-1
26042,IS1c743f066d9a8f5d056f6,-1,-1
26043,IS1de737a02b5534da2ea5f,-1,-1
26044,IS121e039a3e0ce4027d156,-1,-1
26045,IS105098d9c19d3ed7b15b2,-1,-1
26046,Blackbrimm,-1,-1
26047,IS121d1d89a6f9853009048,-1,-1
26048,IS15152aca966add171113d,-1,-1
26049,IS140c044bb1113825bc17a,-1,-1
26050,aOMUYlezlv,-1,-1
26051,IS1cb1c69c370705e45993f,-1,-1
26052,IS1e84e7243173b7bdee5a9,-1,-1
26053,Xeones,-1,-1
26054,IS18c41276d6671110d3031,-1,-1
26055,IS1e96bd6b9ec6b9afa1e4c,-1,-1
26056,Porie,-1,-1
26057,Karma Kampvogn,-1,-1
26058,CRiM74,-1,-1
26059,EiZenHoweLL,-1,-1
26060,IS18a4c2bc6bc5ba337b4e1,-1,-1
26061,IS1ecdfcf72e6a44222fef9,-1,-1
26062,Arthevard,-1,-1
26063,IS16e2b0289c5bdc7d5a369,-1,-1
26064,IS129b14bd6bc156d37f692,-1,-1
26065,IS17b030c7de3a18ddadfc4,-1,-1
26066,IS18f3aa9c00f07a2a68590,-1,-1
26067,welshmin,-1,-1
26068,reza,-1,-1
26069,Mr King Rammus,-1,-1
26070,IS1e61aeea3fa3feed9faaa,-1,-1
26071,IS1b06eb59b21fb4b3a9dd6,-1,-1
26072,IS15ea030e60b8c6f96a346,-1,-1
26073,Pr9k2RTDU0,-1,-1
26074,IS176e485a774e4bea7f4de,-1,-1
26075,IS177373e07e33eed0622dd,-1,-1
26076,IS1128142ecef927787f0af,-1,-1
26077,IS136d9125faec0c2ba6ef9,-1,-1
26078,koraZNCe8P,-1,-1
26079,IS1fd0065fd1a5613a1a205,-1,-1
26080,IS17ed8b6113eed820d2f62,-1,-1
26081,Whosethatdude,-1,-1
26082,IS1309607201a19a9aa17db,-1,-1
26083,IS15505ca84d40afe37eea6,-1,-1
26084,IS12ad928539b001cae96da,-1,-1
26085,IS12b0d4dbbc1aa5a3201a4,-1,-1
26086,IS1431fb3cf1c58d228eca2,-1,-1
26087,IS19f13c66d289839bbf022,-1,-1
26088,Meej,-1,-1
26089,IS15867cbe38cf59b37c1bf,-1,-1
26090,IS103aadac6707dcda43a9d,-1,-1
26091,IS1e6c751271fcc00d93d87,-1,-1
26092,IS16942ec2c0d999,-1,-1
26093,IS11d131fd8ca6c867c5c0a,-1,-1
26094,IS11b99f48b836ca8952541,-1,-1
26095,BIach,-1,-1
26096,IS1809d7678fa53a4720012,-1,-1
26097,IS11453b7a1e380bd6acd0a,-1,-1
26098,IS1b3cb9fad0a57d927a492,-1,-1
26099,IS128036011778df458d756,-1,-1
26100,IS1afa507a7bf4fd7e3144e,-1,-1
26101,IS1f2914d811fa665d06e54,-1,-1
26102,IS13a9cbd85cfcbede14509,-1,-1
26103,IS107f657a489eab125fc3e,-1,-1
26104,IS17cbb5af17795db30fd1e,-1,-1
26105,IS162146572c38c68b7eb5e,-1,-1
26106,IS19a5c4814046749627269,-1,-1
26107,IS1bdb7ad80f314d33ba11d,-1,-1
26108,IS17f0b3d25c629171a4448,-1,-1
26109,IS17d9e02cfceab91989fa3,-1,-1
26110,Kaen008,-1,-1
26111,IS1f086a55ab84467f2bfe2,-1,-1
26112,Hercoles,-1,-1
26113,IS158e28dac9f1804b297cd,-1,-1
26114,SbLNOjvTya,-1,-1
26115,IS106d7f880ef928a65753e,-1,-1
26116,IS1a9c4802b42bed40c84d6,-1,-1
26117,IS1e36257681e5eb46105a7,-1,-1
26118,IS1438a8090805076e115aa,-1,-1
26119,21323131313k,-1,-1
26120,IS18d64a406840acdd54e23,-1,-1
26121,IS158c57650fc8c13294030,-1,-1
26122,IS1719f04ae6ec316aaf361,-1,-1
26123,IS1f22a7b46fb2e2917732a,-1,-1
26124,IS1851ae975f4e3a063db52,-1,-1
26125,IS1d712ed6581b3cc5fc64d,-1,-1
26126,IS1f45a0c0bf6f41bd95a3d,-1,-1
26127,wgwalg wa,-1,-1
26128,IS1441c5fea6bf3a9816cd9,-1,-1
26129,IS10cb90d42a7d53d1bf790,-1,-1
26130,Archibald McDickings,-1,-1
26131,IS1792b7142c6c2351435e8,-1,-1
26132,IS113fc9de7ce32bd9bab16,-1,-1
26133,IS128eae9225fd787f64a71,-1,-1
26134,IS1b00d98e7f24c45cd3c1c,-1,-1
26135,IS1229310f4170e8f4fa383,-1,-1
26136,Raethe,-1,-1
26137,IS14c0fa5327a63fdeb75bd,-1,-1
26138,Funzo,-1,-1
26139,Skrej,-1,-1
26140,IS131737588e1fd4adcec9a,-1,-1
26141,Pueo,-1,-1
26142,IS13b372739ad468bb2a676,-1,-1
26143,IS14b0e141181b725fb1b3b,-1,-1
26144,Kornkraft,-1,-1
26145,Nimphelos,-1,-1
26146,IS1ad47bea0c9023e810dfd,-1,-1
26147,IS16762f4e300e32db051ea,-1,-1
26148,IS1ff8812df0a90a592958c,-1,-1
26149,IS1706b7466f78bd9854da0,-1,-1
26150,IS19baface13dfca7f11890,-1,-1
26151,IS157915ff925bf923825fa,-1,-1
26152,IS13fb0f01f1b04ad30f398,-1,-1
26153,IS1a157981a2155709ad6a7,-1,-1
26154,IS1a0a0956b71327be50ce3,-1,-1
26155,Epicion,-1,-1
26156,IS1c8a9c3bfea662aef81ce,-1,-1
26157,IS106f710aaf3cbcb0016b6,-1,-1
26158,IS1780acf665caf329c10b9,-1,-1
26159,IS1e5c23897177cc1a25e51,-1,-1
26160,L3ul,-1,-1
26161,IS1109e4cf89b3b46d7aaf5,-1,-1
26162,IS16ef0263c78f1a7fee0b9,-1,-1
26163,Bellial,-1,-1
26164,IS12debded730aaf2453fe5,-1,-1
26165,xXxBozoxXx,-1,-1
26166,ProtosChronos,-1,-1
26167,IS12f83a48b0879149ea2d1,-1,-1
26168,vApV6HOIBl,-1,-1
26169,IS1f5b1d9549039eca7819e,-1,-1
26170,IS1e01d3dc9e864a371605f,-1,-1
26171,IS123ff56d253331f28db6a,-1,-1
26172,IS15a59d0c1a12ec666f533,-1,-1
26173,IS11668f8bc4cd79ebcbd63,-1,-1
26174,IS173cc6b3e36f136f7d99f,-1,-1
26175,IS1c042d84cb754ddcac64f,-1,-1
26176,Motmob,-1,-1
26177,IS1f424cdb6a662af0049b2,-1,-1
26178,The Globalist,-1,-1
26179,IS1d79e59d2ad6886918bfd,-1,-1
26180,Nolaquen,-1,-1
26181,IS16a4fd99ac5a791a79d98,-1,-1
26182,IS101b3e045ffa86178f800,-1,-1
26183,IS1b4f584e33e7ab49608d1,-1,-1
26184,IS13e975a40c787b69d68dd,-1,-1
26185,IS1552c6de504d71dadc520,-1,-1
26186,hayyooDJ,-1,-1
26187,IS1170d0649dc73b81b5fb4,-1,-1
26188,IS15eec031b201f066d6278,-1,-1
26189,IS14014279a7fe7dd5fd47b,-1,-1
26190,IS1279f4bc00c265a632095,-1,-1
26191,IS15610eb26099a8670910a,-1,-1
26192,Avarin,-1,-1
26193,euge Fornter,-1,-1
26194,IS1bbb2644d14e7a64ef89c,-1,-1
26195,IS15666393cd306d561885f,-1,-1
26196,IS11be4885fbd8b25f4f51a,-1,-1
26197,IS14152f217efc037c1be59,-1,-1
26198,IS11f754c135daf02eb8a64,-1,-1
26199,IS18cf90a9189b4632951df,-1,-1
26200,IS14831304d99c39e49da4f,-1,-1
26201,IS1d8bd01d4db5519a004ec,-1,-1
26202,dayyviet,-1,-1
26203,Cinder,-1,-1
26204,crazyprof,-1,-1
26205,IS1374c3adad9cdf1a8cdc2,-1,-1
26206,IS183c17726748a97a527f2,-1,-1
26207,TiTaNuShKa,-1,-1
26208,IS1558ac0bee2e0529fc305,-1,-1
26209,Hatton,-1,-1
26210,IS163b51b6e7557ac2dafd2,-1,-1
26211,IS1358e78b77dd1feeb3bf3,-1,-1
26212,IS13657aff1f459a86b20ed,-1,-1
26213,IS17eda36cae6b7405ee65d,-1,-1
26214,Holysynce,-1,-1
26215,Spartan97,-1,-1
26216,IS14c9a094ea2781cb69bee,-1,-1
26217,IS1a201c0dd171621d565bd,-1,-1
26218,IS15aba46bf99b19c05fe93,-1,-1
26219,IS1f2e56e69da4b132f4f6b,-1,-1
26220,IS113116ac6f9bbb1812fb8,-1,-1
26221,daspman,-1,-1
26222,Khazarokh,-1,-1
26223,IS1619cfabd5f2c785131d2,-1,-1
26224,IS1af63f6042123c2b4aac7,-1,-1
26225,IS102a3b0d2790e23acd705,-1,-1
26226,Tsynapse,-1,-1
26227,genocidia,-1,-1
26228,IS1582ae204924c3e9a181f,-1,-1
26229,IS19c687b095cc8f7fac721,-1,-1
26230,IS14e807fd6cc070fb617df,-1,-1
26231,IS193d17968cc842716fd4c,-1,-1
26232,IS1ae07f804133720d7d172,-1,-1
26233,IS14a3f7d559bf20f64a1c8,-1,-1
26234,Evilblood223,-1,-1
26235,emoListic,-1,-1
26236,Synnnical,-1,-1
26237,IS154d62803cb376824fe38,-1,-1
26238,IS14c0afd1a334f5d2aa398,-1,-1
26239,Reshalra,-1,-1
26240,IS1207f17505cc80d19b0b8,-1,-1
26241,IS1538525c89be63f36bf7b,-1,-1
26242,Hewerman,-1,-1
26243,Wiltorky,-1,-1
26244,IS138d59c4531d6da1e00be,-1,-1
26245,IS15f20cab24ef1287e2bad,-1,-1
26246,IS1729db7e6168dcd9b2845,-1,-1
26247,DarkZ,-1,-1
26248,xqMj8lIyjq,-1,-1
26249,IS17a4d0ff7a34695f07405,-1,-1
26250,Nortron,-1,-1
26251,IS1e226480452c163136992,-1,-1
26252,IS1ecbe319d0d83c840134a,-1,-1
26253,IS1df321ba7e44920e4f23b,-1,-1
26254,IS13f46a0aec14fdaf0d2e7,-1,-1
26255,IS124368db917a7f40e0484,-1,-1
26256,IS1927e425f9487890361a6,-1,-1
26257,IS1e8650a0f81f0d5de106b,-1,-1
26258,IS15560ebd0cfb9f8e01794,-1,-1
26259,Bernie2016Sander,-1,-1
26260,IS1335ed1517e9f24ffb30e,-1,-1
26261,IS1ec3f35c7415c3901a72c,-1,-1
26262,IS163978000e8d3b82c3f74,-1,-1
26263,IS108c6e1c43cee7e07aaaa,-1,-1
26264,Putin,-1,-1
26265,IS1652dc3116cb3a8c48c08,-1,-1
26266,tgva8889,-1,-1
26267,SSJ Rengar,-1,-1
26268,DarkXom94ok,-1,-1
26269,IS16551704cd45a18266210,-1,-1
26270,IS19aeda748b09cec89f0bb,-1,-1
26271,animist,-1,-1
26272,Dakewlguy,-1,-1
26273,Folcon Red,-1,-1
26274,IS1a08a055977ee4eb06264,-1,-1
26275,IS1b65a0f844ce9825968f9,-1,-1
26276,IS11cc4ae2dc09b9b3a43ea,-1,-1
26277,IS198aff6001e09a5f20221,-1,-1
26278,IS1fc7a5a04aec43fd55e43,-1,-1
26279,IS1abdf02c7dad773d6d027,-1,-1
26280,ebr2483,-1,-1
26281,Bezude,-1,-1
26282,Crymoore,-1,-1
26283,IS1642aac2e13d6db960830,-1,-1
26284,IS17c838c168b433da1d767,-1,-1
26285,Iq70sFBSVg,-1,-1
26286,IS1bca359aff85b66ebe89a,-1,-1
26287,IS1c0bf9dab6f11df89778c,-1,-1
26288,IS1b18dd58e514e7c2e8f05,-1,-1
26289,IS1a83674d090388e49e92e,-1,-1
26290,IS1e44dd4e2bd463b806ffe,-1,-1
26291,IS1f65eac68297e8458018e,-1,-1
26292,IS1ce151f53d08c954284dd,-1,-1
26293,IS1da37b05305ab000bc7b7,-1,-1
26294,IS159832ffcde1199d5ad40,-1,-1
26295,XqgOCcJoLg,-1,-1
26296,IS1bbafc640cd145acf5f1b,-1,-1
26297,IS11d4b7698f2399dcb1700,-1,-1
26298,IS165ebfb828257535ba914,-1,-1
26299,IS106a6a18479170f61c48f,-1,-1
26300,IS149b999f88747ce8e5737,-1,-1
26301,IS1eb6e66bc4c1b9f9f41ba,-1,-1
26302,IS13d45acdf752b205ac7fb,-1,-1
26303,ZFLSllmbcP,-1,-1
26304,WEETallINpullah,-1,-1
26305,IS11095bd163ceb31ae6955,-1,-1
26306,Viromancer,-1,-1
26307,IS18d75201a265cdd6593bf,-1,-1
26308,60kYfP6tyy,-1,-1
26309,FawQ,-1,-1
26310,IS151b651e0944774d790e0,-1,-1
26311,IS12cf856688ab6280c0d56,-1,-1
26312,IS1834cf198b5ff640e0d18,-1,-1
26313,IS18f071fe9804ced79c112,-1,-1
26314,IS1a3fbf0333f8c7d6439d0,-1,-1
26315,IS12c2daa3809c44103d725,-1,-1
26316,Shadowsbae,-1,-1
26317,BahamianSniper,-1,-1
26318,Chaos Inc,-1,-1
26319,Lastkai,-1,-1
26320,IS16a65c9adaf1fa871fd28,-1,-1
26321,EjBuz2zB9q,-1,-1
26322,IS1d9b972f805e2f63f964f,-1,-1
26323,IS1c6f0c82ff3d27e37814f,-1,-1
26324,IS1589d890fa81d23f56bf5,-1,-1
26325,Therzul,-1,-1
26326,IS145a1d45d45011529b806,-1,-1
26327,IS19a3682d3221d102fc52e,-1,-1
26328,PESTILENCE 4HA,-1,-1
26329,AwOn9ZmcIh,-1,-1
26330,MTFPLsh7Bn,-1,-1
26331,Byakee,-1,-1
26332,KeepoKappaKeepo,-1,-1
26333,thanatosVII,-1,-1
26334,IS1f203a274642a804f36e8,-1,-1
26335,IS1ea13cf00f29dddc53948,-1,-1
26336,IS1f41c87a4ba51760dcaf9,-1,-1
26337,IS10c44639f973a71652916,-1,-1
26338,DotoIsBetter,-1,-1
26339,henktard,-1,-1
26340,IS17539ece602f22a6787ac,-1,-1
26341,IS1ff100ae4e8a581a9f1a8,-1,-1
26342,IS193da252d9c0e1c489fdd,-1,-1
26343,IS164e74c81ce3a4c4901e3,-1,-1
26344,IS1d8aaf81262a30d94851f,-1,-1
26345,IS1adc7a11278073b3c4f74,-1,-1
26346,IS18cfa435e92faa3b94666,-1,-1
26347,IS1e1e34b4dc96a0ba2e03d,-1,-1
26348,0jGJ0a7rtY,-1,-1
26349,IS1b725e29567adc0779f10,-1,-1
26350,IS178e50626065996e58791,-1,-1
26351,IS195e21188adddad4e853a,-1,-1
26352,IS12a3c4bc88c198377a778,-1,-1
26353,Narkamun,-1,-1
26354,IS15a57f137fb1317b216b9,-1,-1
26355,IS1efd59b89a01135ce71de,-1,-1
26356,IS1489920c2ed5650ac4915,-1,-1
26357,IS138c3cff8065744d75413,-1,-1
26358,4gA1xEQdrE,-1,-1
26359,IS17b73222e8b57beae5a18,-1,-1
26360,Cheryl Waraer,-1,-1
26361,IS137a167da3a27f20fd560,-1,-1
26362,IS108cb6c36cf6b37fea805,-1,-1
26363,IS1678248af8c5e8148a16e,-1,-1
26364,IS183ba6023c1a20c3fa846,-1,-1
26365,IS13908a23cbf0de0c33d3b,-1,-1
26366,IS1003c72c0b7a53ca515fe,-1,-1
26367,IS17043d64111e71e0796af,-1,-1
26368,IS1cb8ae0c461a6a0afc9cc,-1,-1
26369,IS1982b63dd7ef951ca0ba9,-1,-1
26370,IS1744751dc13861ebeea2f,-1,-1
26371,IS134d2e190e80b3cc600f2,-1,-1
26372,IS1cd0bfa28cac067d31648,-1,-1
26373,IS1ba4786c56f056535f280,-1,-1
26374,A3AkYIkJLW,-1,-1
26375,IS1668c5c8da775c9d4bf1d,-1,-1
26376,IS15b30cfb6aaa256e138af,-1,-1
26377,IS1533d7887cf4c717fac7e,-1,-1
26378,IS122035a8eb3ec4cb87659,-1,-1
26379,HatTheTurtle,-1,-1
26380,IS1b689312a941144269ee7,-1,-1
26381,IS1d398f00e76203eeee9ea,-1,-1
26382,Remeil,-1,-1
26383,n0one,-1,-1
26384,IS19c3f7e8b54576eb89ee8,-1,-1
26385,IS1704ffa9e45bfb38d913e,-1,-1
26386,IS1cd489c8c84a62fa61bb9,-1,-1
26387,IS142eaace2cb27c73343db,-1,-1
26388,IS1321e25d0a7a6458d7995,-1,-1
26389,IS174d1078ed37a52cf53e3,-1,-1
26390,Enfade,-1,-1
26391,DariusJOHNSON,-1,-1
26392,IS11f93b03690507fa78f83,-1,-1
26393,IS173315ea8225aacd97e6d,-1,-1
26394,MataVelhinhas,-1,-1
26395,Jerkbot,-1,-1
26396,Alpiona,-1,-1
26397,IS15c0991aa632cd76104e1,-1,-1
26398,IS127dd0cded5fc9361169e,-1,-1
26399,IS14578ca19fc1c6e983da7,-1,-1
26400,IS17acc39e53408da0b4612,-1,-1
26401,Baetroxx,-1,-1
26402,IS10f9aaf2b43b8bc795ea8,-1,-1
26403,IS1f61d5201d65fd47bb698,-1,-1
26404,IS1f17d3f72929c945df002,-1,-1
26405,jediofborg,-1,-1
26406,IS1f8d7901f5edbc896084e,-1,-1
26407,IS1c853bb38ebe6149a0ac0,-1,-1
26408,Luxington,-1,-1
26409,IS143dd76982b7e27c6e4cd,-1,-1
26410,IS13a42ee845634093caaa1,-1,-1
26411,IS11a82ae4a7161dade1beb,-1,-1
26412,G1ptyRQHPt,-1,-1
26413,IS141c78a1dc24ea5abcb72,-1,-1
26414,Black Archangel,-1,-1
26415,IS15a9fc3b52f3be4474ed5,-1,-1
26416,IS1b0628cfd9d237578f913,-1,-1
26417,3xotwMxrcT,-1,-1
26418,IS1fb77eb1b59f2094602af,-1,-1
26419,IS1a900c08ca7d480361e79,-1,-1
26420,Alfael,-1,-1
26421,Battman23,-1,-1
26422,IS13c12b6af5a4f1ee790fb,-1,-1
26423,IS14e2125087d2c53fe6291,-1,-1
26424,larryslefthand,-1,-1
26425,CEMnU4tUNH,-1,-1
26426,IS13b3c7bccc56c59ff11b9,-1,-1
26427,IS105f38567bfe463f680ed,-1,-1
26428,IS1dd9158eec76b283dd9ce,-1,-1
26429,IS14cdf9197f1ea50412d72,-1,-1
26430,IS189e94a5acf3204716e30,-1,-1
26431,IS1452aa17063227d6af855,-1,-1
26432,IS1fced8d8e6b0c773eed4c,-1,-1
26433,Gremmies,-1,-1
26434,IS10f99dd1c98e72dd11d01,-1,-1
26435,IS1e01fbe9b973d0d50ee6a,-1,-1
26436,IS133f1affad511486f68da,-1,-1
26437,IS1d20cbb1650809d53e825,-1,-1
26438,IS1f275b78d8c9eb523d7a0,-1,-1
26439,Wasabi,-1,-1
26440,IS14fd709384d2b61d2a3a5,-1,-1
26441,IS14796402f2cb5cf8fead4,-1,-1
26442,IS1299c41e73a24f1158b7c,-1,-1
26443,IS15f353cffcc865487d9e2,-1,-1
26444,IS1cce9363b9974fcdd13d6,-1,-1
26445,IS14053d1fafa9df7fb415f,-1,-1
26446,ghfth4576457,-1,-1
26447,IS1a2781572dd9bc85cd4d0,-1,-1
26448,IS1e8a7c2efa0e1edb2eaf5,-1,-1
26449,IS1e8996577f0a5533e4bb0,-1,-1
26450,IS185477eab06fe01e851e2,-1,-1
26451,Zald,-1,-1
26452,Krv7QiXwIq,-1,-1
26453,IS179795862b29f7935f034,-1,-1
26454,b0ws3r,-1,-1
26455,chinRiven,-1,-1
26456,Shiftie,-1,-1
26457,IS1d04c491b8620b142ff72,-1,-1
26458,NuoLhe8YlU,-1,-1
26459,IS18afc75cbbb182cca9306,-1,-1
26460,IS1435f6c452ebe867f6056,-1,-1
26461,IS1cb1703f89023c6d17060,-1,-1
26462,ArminCL,-1,-1
26463,IS1f857f86ec2322eee1180,-1,-1
26464,grax,-1,-1
26465,IS1fa2e54bb98577ffb4ff0,-1,-1
26466,Crosse,-1,-1
26467,IS1925ab4d2c11e0e8d89a4,-1,-1
26468,Kame Jii,-1,-1
26469,uwmpiNhIzr,-1,-1
26470,IS1cffb8a4070b4a03e430f,-1,-1
26471,zuoxiaoqian,-1,-1
26472,ExeHowl,-1,-1
26473,IS1957b8e581568a089a51c,-1,-1
26474,IS1e4edf01ef2ad6b2d67d9,-1,-1
26475,IS1170279354fb74ece7ce4,-1,-1
26476,IS1b93931b2e628c6e62441,-1,-1
26477,IS1857ec10edd4bae859d1b,-1,-1
26478,fgasgsf,-1,-1
26479,Best Corki KR,-1,-1
26480,IS132e1bfb1d645e35ab644,-1,-1
26481,Hieu Dao,-1,-1
26482,IS11ac97738f559aa43fb1d,-1,-1
26483,IS166e46e6159b7554812a6,-1,-1
26484,IS1088afedaf83ebb8ed0b2,-1,-1
26485,IS15503023f9c7bba4cb332,-1,-1
26486,IS159e1be0c0201da680753,-1,-1
26487,Olard,-1,-1
26488,IS19ad027d2e7184439ad44,-1,-1
26489,IS16f1cd0f661d684978665,-1,-1
26490,IS11920fca2833749d18df3,-1,-1
26491,IS1d9440a45927fb0263bd8,-1,-1
26492,IS12b14bbf542cad41c5ff9,-1,-1
26493,IS1f707858c4c50a41e811a,-1,-1
26494,FK6oQnAkiC,-1,-1
26495,IS15725d2b30298eda1f306,-1,-1
26496,O3KQWcE5eK,-1,-1
26497,esprEE,-1,-1
26498,IS166f50f4ab3677539a585,-1,-1
26499,IS118d44b7c93571803bb16,-1,-1
26500,3A9lPqwtDo,-1,-1
26501,IS12bbff8435588d5b08a8f,-1,-1
26502,IS17bbf222d0069b7c77cb7,-1,-1
26503,RAZERblast,-1,-1
26504,IS14f86fbf54376d0bcf0dd,-1,-1
26505,Blueznote,-1,-1
26506,IS131f698feaf32bfd1241f,-1,-1
26507,IS1a0c9e813ce0c6a376d10,-1,-1
26508,Decon Ice,-1,-1
26509,IS129c6925ac39b67603516,-1,-1
26510,IS118331d4b0e77756d6c0f,-1,-1
26511,IS1d540206ea2911ad2245d,-1,-1
26512,IS19e7241288dc04db24ee7,-1,-1
26513,IS16855582d154a5d5f81c0,-1,-1
26514,KingCortez,-1,-1
26515,IS156e0c084326b8a6b6969,-1,-1
26516,IS1c8ef1105fa442e445b07,-1,-1
26517,IS1a6002729a6d03ff32047,-1,-1
26518,Ganlin,-1,-1
26519,IS19d9fcbba8946453c057b,-1,-1
26520,IS1add1cfe5f1151b1a6c60,-1,-1
26521,IS11807fc9060d0d191161b,-1,-1
26522,IS17abe3859480dd307e1b7,-1,-1
26523,IS199faf332279c78d63915,-1,-1
26524,IWillHearColors,-1,-1
26525,rebf7EoMNm,-1,-1
26526,IS10148176e924e40f9d2e6,-1,-1
26527,Drijen,-1,-1
26528,IS15eee6f84649d1c0ac8a5,-1,-1
26529,IS164c23062c4af8b7adf1e,-1,-1
26530,Vulkz,-1,-1
26531,IS1b168bfaf4b509a62be56,-1,-1
26532,ramgoon,-1,-1
26533,IS10275f4ac68bc99635554,-1,-1
26534,IS1430a7ee6a006a5dfd218,-1,-1
26535,IS15d5dfd78523a1291be3b,-1,-1
26536,IS19335f5947a842a4a00df,-1,-1
26537,IS1e539b0131c6572ee7d1c,-1,-1
26538,CgEhKNAwUs,-1,-1
26539,IS109f470ae8902069192a6,-1,-1
26540,IS1893b3d463a6600eead38,-1,-1
26541,legendosiris,-1,-1
26542,IS17dcf27f7905e65933d18,-1,-1
26543,IS188809873d2f108db3a79,-1,-1
26544,IS14eb400feef91b4ddc225,-1,-1
26545,IS13ee41d102090422bc7b5,-1,-1
26546,IS1dae93cc6313e8cdfbbdc,-1,-1
26547,IS113d6c39597e2078c565e,-1,-1
26548,IS1f960431082ec429f6f11,-1,-1
26549,IS15f50c0bc7329d45184be,-1,-1
26550,IS17dc7279c1ec2b314bc47,-1,-1
26551,prozak,-1,-1
26552,Millmug,-1,-1
26553,ThatLuck,-1,-1
26554,IS17ed26a66ed23cff573a6,-1,-1
26555,RazielBG,-1,-1
26556,IS1b4f39296fa0f16a21482,-1,-1
26557,IS1d38502b33ec03d5abc47,-1,-1
26558,Bunnyvasion,-1,-1
26559,2t31QaMYYV,-1,-1
26560,Ilumeo,-1,-1
26561,IS12eb5af6ba88c3dce08e0,-1,-1
26562,IS10e812e7b713ae61f4ebc,-1,-1
26563,IS1c3ecddcb687eb2d30d37,-1,-1
26564,IS105efe2a0a58dac0d9461,-1,-1
26565,IS1c991669f9b9334c11072,-1,-1
26566,IS1a8f675b311a9d9560aba,-1,-1
26567,Rili,-1,-1
26568,mattamd,-1,-1
26569,babygunner,-1,-1
26570,Caioltun,-1,-1
26571,IS19ad43f459ab72b07f93f,-1,-1
26572,IS158539b1c2b45a5676b09,-1,-1
26573,IS1a1c3b74f44d9f4fc0754,-1,-1
26574,IS18dc8829fe8d856baf6cc,-1,-1
26575,3LqEf8nGdP,-1,-1
26576,IS17aee356e685257ac5783,-1,-1
26577,El Gato,-1,-1
26578,sposh,-1,-1
26579,IS15662d007d49b4ace0e05,-1,-1
26580,IS1951498478dbb5e5a175d,-1,-1
26581,IS104bbbdd6d344caba8e11,-1,-1
26582,IS14006e44cc1e5626a278c,-1,-1
26583,IS1277cbc618d512070c378,-1,-1
26584,IS178e86f61e1d2831a1543,-1,-1
26585,SaladIsSoGi,-1,-1
26586,IS17bc9b745627894c4d1d9,-1,-1
26587,IS195a5e4fa4945f59afb10,-1,-1
26588,AgileAffliction,-1,-1
26589,IS1d2f9054e435162755ff8,-1,-1
26590,IS12f0dc32a60ece213f1a3,-1,-1
26591,IS1cdba00a26baa58cb4443,-1,-1
26592,IS170f4e325d44cb463c780,-1,-1
26593,Eientolubasho,-1,-1
26594,thatsabigfro,-1,-1
26595,IS14c64c6a1806a36f21daf,-1,-1
26596,IS1eba0d9643c2ea549afa3,-1,-1
26597,Bozen,-1,-1
26598,IS1bc838f04871017bd142b,-1,-1
26599,IS19ef89696313880a3a3b8,-1,-1
26600,IS126ce4add509077f3c5df,-1,-1
26601,IS1c21fcc1180f653c8293e,-1,-1
26602,IS127239d896aaf8b9a6444,-1,-1
26603,IS16f6e22eb40b1df2339e9,-1,-1
26604,IS1a6e28a801dbb4a2bfd25,-1,-1
26605,BcZ1uTj7kZ,-1,-1
26606,IS1a85a4cafc940fbc289f0,-1,-1
26607,Ender Wiggin,-1,-1
26608,IS1dcb8ca7c7898d0d11e6c,-1,-1
26609,IS1aa713e0ef7c500981dbc,-1,-1
26610,IS179b17d721a870665cdba,-1,-1
26611,IS1d1f4ad271611c784a92b,-1,-1
26612,IS1b133d4c54b80d68a90d6,-1,-1
26613,IS193b52339407142ee7198,-1,-1
26614,IS1399c82c70cad3c81c290,-1,-1
26615,Rahsta,-1,-1
26616,IS17d09be80f3781f7f1c8e,-1,-1
26617,IS1782f54425c4673f53011,-1,-1
26618,IS188833d42619038c03638,-1,-1
26619,IS1dc5e0b8400380871c107,-1,-1
26620,IS1e6bfd816d7a73ad020ec,-1,-1
26621,IS16cb4c6d1a0d09ea685cd,-1,-1
26622,IS113a1b01bb11732ab481c,-1,-1
26623,IS14c327ce88972bc528eca,-1,-1
26624,IS12ecaf9ff4f5a92a0cc23,-1,-1
26625,IS1beb57a1aa5c86fdf2881,-1,-1
26626,IS189c5f09fec8435ad5a6f,-1,-1
26627,IS13894803d8b8c131c8789,-1,-1
26628,IS16d02b4a7f30b0206d3d3,-1,-1
26629,IS1cc953d6d0ec97ecd6180,-1,-1
26630,IS18e59f9b994b70e8bc15e,-1,-1
26631,Lomax Noah,-1,-1
26632,IS14f653036b4a67d32302b,-1,-1
26633,IS19f8db2f8320509cca5d7,-1,-1
26634,IS1a5856177d031a9bb947a,-1,-1
26635,IS110543891fd2e7277d155,-1,-1
26636,IS1e1eee6a617829de46b22,-1,-1
26637,IS153ef54780bd2c288b5cb,-1,-1
26638,Blackwolf23,-1,-1
26639,IS1afb9511dd5e91454834a,-1,-1
26640,IS148f83eb60d77551e20f3,-1,-1
26641,IS148025ab5cc56702e797b,-1,-1
26642,IS18f289a3e47c2700dac52,-1,-1
26643,SabinusDrakk,-1,-1
26644,IS16bffe0afd71b33a854a8,-1,-1
26645,Retaliat0r,-1,-1
26646,IS184fd029bc43419fe064b,-1,-1
26647,200tang,-1,-1
26648,CrimSonBladerz,-1,-1
26649,Merdawq,-1,-1
26650,IS1abfc1991db35f4d8396f,-1,-1
26651,DCr612dn1f,-1,-1
26652,XCR3uJDNEF,-1,-1
26653,Aeuzthoxiah,-1,-1
26654,EtherMage,-1,-1
26655,iF Saphy,-1,-1
26656,SwiftDeath,-1,-1
26657,Raukofey,-1,-1
26658,ZeeFool,-1,-1
26659,IS1226789e740c8c9b21153,-1,-1
26660,IS18de3e8822f5857d6b918,-1,-1
26661,freeker,-1,-1
26662,IS1fd513684df12b8683db9,-1,-1
26663,fBgWTCMz3p,-1,-1
26664,IS1bc2eb648a59ef45c8a63,-1,-1
26665,Ypzon,-1,-1
26666,Jeeta,-1,-1
26667,Veryendofyou,-1,-1
26668,IS19aeeef7b5a2bfffbcb7f,-1,-1
26669,IS1290bc7984b8aa6538f89,-1,-1
26670,IS14e6406ee028808db73ae,-1,-1
26671,Libaaxa,-1,-1
26672,IS132d96cc659b4a76ce3cd,-1,-1
26673,IS1ea7719501187a7e84fc9,-1,-1
26674,ilikepi3,-1,-1
26675,IS125505b870c1b197ff99d,-1,-1
26676,Wei12do,-1,-1
26677,IS134c7b779db140230430e,-1,-1
26678,IS19f32d2f84c634fd5ac71,-1,-1
26679,IS18cd3de1baa5371b18296,-1,-1
26680,IS1fa41586e0ee57d76daba,-1,-1
26681,pAQHARKNw7,-1,-1
26682,Kythadrin,-1,-1
26683,Ithilion,-1,-1
26684,fibrocyte,-1,-1
26685,extreemwisse,-1,-1
26686,Bowpurity,-1,-1
26687,Sverker,-1,-1
26688,IS18c5fffb19af9227f8a36,-1,-1
26689,IS14069de48429ee20cfc96,-1,-1
26690,IS18e0c0cd6536000ed2cb5,-1,-1
26691,IS1d6b4f50bf3857aecbd3f,-1,-1
26692,Monnok,-1,-1
26693,IS1b45297564da4fe44473e,-1,-1
26694,IS14fae6241266d2f2ab279,-1,-1
26695,IS128e766168d412be85567,-1,-1
26696,IS1309a3c69d0b9e018bcca,-1,-1
26697,IS19bda7e8c9df49e3d293c,-1,-1
26698,IS1267a67ced2c509beb4f2,-1,-1
26699,ChuChuTrain877,-1,-1
26700,HhSfyOBzAw,-1,-1
26701,BrenoD,-1,-1
26702,finalxend,-1,-1
26703,IS120148599b15c49030fd6,-1,-1
26704,IS107a00a6d5c9be9b2c364,-1,-1
26705,IS1466b3d5094adc421744f,-1,-1
26706,IS170565d67df2d0c4135c7,-1,-1
26707,IS1c56a8124b8e4dc22a28e,-1,-1
26708,Jammy2001,-1,-1
26709,IS1abc2a39bf7aff3e8a534,-1,-1
26710,IS19e42b4392e21cde2f9c4,-1,-1
26711,IS14104b3157fea2f233ad5,-1,-1
26712,Seventees,-1,-1
26713,Goulishfrog,-1,-1
26714,IS1915adfa5e4eccca0c249,-1,-1
26715,IS191002df48e5c8c78e635,-1,-1
26716,IS1704f7d9f0e23dd3d78fc,-1,-1
26717,IS1ac43f1aebb2bb6ab3909,-1,-1
26718,IS184111e4c138a17e68edb,-1,-1
26719,JinQwanJan,-1,-1
26720,DQXOA2KZ4A,-1,-1
26721,IS13ce4e3445e369749dd43,-1,-1
26722,IS16e4df38f399c3325aecb,-1,-1
26723,ckhrysze,-1,-1
26724,zvoc8gHaQj,-1,-1
26725,IS1161006ac959a570600f5,-1,-1
26726,IS120ffc0e8543291d8440c,-1,-1
26727,IS18bd96b9ca18a1efb03a8,-1,-1
26728,IS1f96026147e2cde8420af,-1,-1
26729,IS10953d286c976e9c608dc,-1,-1
26730,IS13b87a2ea8bcd42b3de49,-1,-1
26731,IS1fe6a79848ee58c64c74b,-1,-1
26732,upiRv7fX5q,-1,-1
26733,grunch,-1,-1
26734,IS19234d5b515b1ca86660f,-1,-1
26735,IS1a9977c2ac9e41807ac0d,-1,-1
26736,IS10838ba03f36d85411bec,-1,-1
26737,IS114c5c36b7fdb2d1198a8,-1,-1
26738,IS1c6678aefa0f854160482,-1,-1
26739,Bisio,-1,-1
26740,IS1ae36e1ed11b825d88c5a,-1,-1
26741,IS1d92589c4da14f0eeb37a,-1,-1
26742,Zsssewghdsghdls,-1,-1
26743,IS1920e8c0a6809302fb2a2,-1,-1
26744,IS1bee4d73485010e9c682f,-1,-1
26745,IS1aef9e9fcc21e08a8a3dd,-1,-1
26746,IS1fdfdf460831fb25a3dc7,-1,-1
26747,yorgaSh,-1,-1
26748,wA0tzczTZs,-1,-1
26749,IS11574947d0d6c00e1de7a,-1,-1
26750,IS12d7a7be6fbc8d028cdf1,-1,-1
26751,IS15de1e9a3cf48677fa60c,-1,-1
26752,Aethir,-1,-1
26753,IS16a763d6c1805d5c714c8,-1,-1
26754,IS1cf6d8936af5c23ecafc4,-1,-1
26755,IS1e167dbc3ea6d69e6145a,-1,-1
26756,IS1ec07eac2d98133094f54,-1,-1
26757,IS1ec602e9b4de8cf6e7a97,-1,-1
26758,IS173f8cbe2bdc0a3201968,-1,-1
26759,Ragser,-1,-1
26760,IS1e13e76e67049a5165b91,-1,-1
26761,IS1fb29863fa07903d01010,-1,-1
26762,Cunyaoo,-1,-1
26763,IS182c947e2fe1aa2d27edc,-1,-1
26764,ShiftyTys,-1,-1
26765,IS1c46c6bd982611b229f79,-1,-1
26766,Pulpit Prince,-1,-1
26767,IS166a6de95a7e2557ebe5e,-1,-1
26768,IS1cb460fd597c13d77a11c,-1,-1
26769,johnphenom,-1,-1
26770,IS1e705c04fab652e3482f3,-1,-1
26771,IS173b25255f5d56750faef,-1,-1
26772,IS12b9fddfcfa1e44ab97b1,-1,-1
26773,IS1b27a92e611a89e977f0a,-1,-1
26774,IS18bd9920741657069c6b6,-1,-1
26775,IS19251ad1c9be2bc2796cb,-1,-1
26776,IS1ab8401445bec0d6d523f,-1,-1
26777,IS134d08c1a88a7c92c58cd,-1,-1
26778,IS1fdc79a733ea962a56a90,-1,-1
26779,2u6ImJNUkZ,-1,-1
26780,IS1af0992aad7a123d02707,-1,-1
26781,Aria Web,-1,-1
26782,IS1615cc0b56df3b79683ac,-1,-1
26783,utdrQX93VX,-1,-1
26784,IS17f913160628c8f46b8aa,-1,-1
26785,IS19d436ef38262bb3eef52,-1,-1
26786,yo momma,-1,-1
26787,IS14416de450db11ab040c3,-1,-1
26788,IS1e80b97ab244d3d80c4d7,-1,-1
26789,IS1d43703fd9a8401cd1c34,-1,-1
26790,Stickydough,-1,-1
26791,IS124d28e17f555babd1fcb,-1,-1
26792,ee3k,-1,-1
26793,ThEFunKDoC,-1,-1
26794,babishh,-1,-1
26795,IS141f3bebf720bf2d72e7f,-1,-1
26796,IS13cdefc28fd22e24c6c98,-1,-1
26797,4leph0ne,-1,-1
26798,IS1ec958a3c9e3983f3f5b4,-1,-1
26799,Dontfear,-1,-1
26800,IS122e7c6c5ef8476928917,-1,-1
26801,rusty,-1,-1
26802,IS1a4f0a172aee44bc801bc,-1,-1
26803,IS17d735ac385a9c03fd15b,-1,-1
26804,IS140c2fcba09a845b638b1,-1,-1
26805,IS12cc35e7af3715e30f1d6,-1,-1
26806,IS1c7c25d76bd60bbdc9e73,-1,-1
26807,IS146be7207c0acfe2fee53,-1,-1
26808,IS1c3fcff21b16d6aafa259,-1,-1
26809,YOLOSWAQQNIQQA,-1,-1
26810,8ElH11Qcfq,-1,-1
26811,IS154e3925ea37479f55e10,-1,-1
26812,Baorous,-1,-1
26813,Ogro,-1,-1
26814,xail,-1,-1
26815,Korpliklaani,-1,-1
26816,IS1f8b2a4e0ffd433843214,-1,-1
26817,IS1ee1951d83524c88d8c49,-1,-1
26818,IS165b9403677a567069f20,-1,-1
26819,Cold Fusion,-1,-1
26820,IS183a320559b9b7261db73,-1,-1
26821,IS176a7c6bff8e6efe7ee3a,-1,-1
26822,IS15db08462ebc49a44a27a,-1,-1
26823,IS1f882207e621f642aa2f1,-1,-1
26824,IS1b35c1f44ee5e2edd8c57,-1,-1
26825,Glohern,-1,-1
26826,DrBroX,-1,-1
26827,IS17a63643cb663e2b5bc1c,-1,-1
26828,IS11f438c829bccb995a927,-1,-1
26829,IS16a7d15f054003772485e,-1,-1
26830,penek,-1,-1
26831,DevilzFury,-1,-1
26832,IS170e16ca434e74469b06e,-1,-1
26833,IS1aaa5a79258e26d54fe19,-1,-1
26834,IS190392a6fe0dd63b3d917,-1,-1
26835,IS19eb9d47d4759fb8eda13,-1,-1
26836,Evermore42,-1,-1
26837,Traz,-1,-1
26838,IS1eaaf65ba6278bacbf607,-1,-1
26839,lmmortalSoul,-1,-1
26840,TrendyKid,-1,-1
26841,JLiIKPGEpV,-1,-1
26842,OberleutnantDan,-1,-1
26843,IS14537d4cb647537a2a04f,-1,-1
26844,Ethereal Intellect,-1,-1
26845,IS1a53f5ba42f99bfb77e5a,-1,-1
26846,IS1f1b9b627b4db3d12bf0e,-1,-1
26847,IS1c579f0a05b0b62597fb0,-1,-1
26848,pirex,-1,-1
26849,IS103ab114d338707251486,-1,-1
26850,IS1c1740ce05485e41258b8,-1,-1
26851,IS16917721ed0e79778ab9f,-1,-1
26852,IS1c12290122e93a1331a7e,-1,-1
26853,IS1808fd1d41b62d7784a93,-1,-1
26854,IS121e7b452349373998ecf,-1,-1
26855,chazlander,-1,-1
26856,Docfoolio,-1,-1
26857,jewbagel201,-1,-1
26858,IS1984805c47e807c854f84,-1,-1
26859,IS1e23d96068fafae80c7ec,-1,-1
26860,IS13a4a045cd290bc2ae2d9,-1,-1
26861,IS1b10f3b9bf402455d3169,-1,-1
26862,zrokiller,-1,-1
26863,IS1638ce9829ea2329f72d4,-1,-1
26864,IS1ac82119ba7bbcdd475d2,-1,-1
26865,IS144d8d79e81724c9d853c,-1,-1
26866,IS1580c1bb37d4aacd6812b,-1,-1
26867,IS171792e230102d1da496d,-1,-1
26868,Crackcarton,-1,-1
26869,IS165cda4994bbdfb66c398,-1,-1
26870,IS1e44d927ea9eac5a61172,-1,-1
26871,IS1c62362dc6ceda3245224,-1,-1
26872,IS1d6ca0887852c9d84e57d,-1,-1
26873,MacBackFat,-1,-1
26874,IS1404ab1cfb8c054d2c693,-1,-1
26875,IS1156836f1bc15e45726d2,-1,-1
26876,IS142e2936ae968bbf315a9,-1,-1
26877,IS1cc8f163c21f26b62879b,-1,-1
26878,K1Rndp1O4J,-1,-1
26879,IS1e632a33246e1c7a1a0ee,-1,-1
26880,IS12a2aaf6fc94295aaf8ab,-1,-1
26881,IS14a6add00946bdfe44e02,-1,-1
26882,Anubisx3000,-1,-1
26883,IS177fb870d72f7c9f2b59f,-1,-1
26884,IS17a5394a9c3d899091b2d,-1,-1
26885,IS17d223051ed8282a67caf,-1,-1
26886,IS17a41ea4c0eb996c817b6,-1,-1
26887,32132d,-1,-1
26888,RageMid,-1,-1
26889,IS174e976dda3848aead243,-1,-1
26890,Jayyjay,-1,-1
26891,IS1f367ef11feceb3c85a56,-1,-1
26892,Hawkey,-1,-1
26893,FLOENZA80,-1,-1
26894,IS170e0f78a58bf141c07b7,-1,-1
26895,IS134d89c040d16ec352003,-1,-1
26896,IS139939729da1f02052c89,-1,-1
26897,IS190420acbb390f34bcd7a,-1,-1
26898,IS1cf1568788ceb7bc8ae15,-1,-1
26899,Venenifer,-1,-1
26900,Bishnu,-1,-1
26901,IS1afad5efdce094bb9a8a5,-1,-1
26902,IS193c12339b758b2975d41,-1,-1
26903,IS16cca865f587f2e69c629,-1,-1
26904,IS1490a6cb97eea5195106b,-1,-1
26905,IS12bf43bdc238cf7921adf,-1,-1
26906,IS163cd5d6d3bf83707b6b9,-1,-1
26907,IS1cfe4916dc7ffa4b1146a,-1,-1
26908,Fox San,-1,-1
26909,IS19949410b6bd8acae9b66,-1,-1
26910,IS119985f2dc1129646bee7,-1,-1
26911,IArkdznwjG,-1,-1
26912,IS1cd71eed355ca12da7315,-1,-1
26913,IS197779935acef19a404df,-1,-1
26914,IS1c9ab895d8f14640a5f47,-1,-1
26915,Nekkit,-1,-1
26916,DarkKong X,-1,-1
26917,IS160514c26bd8bbdc3ccc8,-1,-1
26918,IS17e1bf875c127272934a6,-1,-1
26919,IS1a21448a1a87050ac8f55,-1,-1
26920,IS1386499454667194addd1,-1,-1
26921,IS13e248ee334e2328964d4,-1,-1
26922,Enzo Moradian,-1,-1
26923,IS13e171d4088be91ccb915,-1,-1
26924,1EgutPMkgu,-1,-1
26925,irietek,-1,-1
26926,CooLue,-1,-1
26927,logan11,-1,-1
26928,pinkeyes,-1,-1
26929,IS1912d9535aa6bbd83bad5,-1,-1
26930,aicrono,-1,-1
26931,IS16157b7eba06b390ab763,-1,-1
26932,IS19ff7f410ff8af526b4ae,-1,-1
26933,DreamzNight,-1,-1
26934,Giancarlo Taveira,-1,-1
26935,IS1270347893265cb29410a,-1,-1
26936,IS1f85ba8180d74ad2bb3ee,-1,-1
26937,loktarbr,-1,-1
26938,FatMagic,-1,-1
26939,IS11c153c4358d9e6cd32ad,-1,-1
26940,IS158e4b7d5e701d8548cf0,-1,-1
26941,IS1d564721b88b9ec1e188a,-1,-1
26942,2uh8BUTQg9,-1,-1
26943,IS12593fec469ff979be507,-1,-1
26944,TheTotalGeorgie,-1,-1
26945,IS1a755c36dc2b00c2b88c0,-1,-1
26946,IS12f1dbdfeab81e5763c05,-1,-1
26947,IS1d0711f9c5affd716ca5d,-1,-1
26948,darktom,-1,-1
26949,Wolf Haunt,-1,-1
26950,IS1ec8f5a6de60b921e4e46,-1,-1
26951,IS1f182bcd97cee9beebd5f,-1,-1
26952,IS16ff116ccc7a4086adc0c,-1,-1
26953,IS14e361b606228f0c86365,-1,-1
26954,IS1ee6dc5b0d3e9858e1cf1,-1,-1
26955,IS1b2972bfe2ee461f63645,-1,-1
26956,Ym8x1XQ12S,-1,-1
26957,IPlQtoVJXv,-1,-1
26958,IS17491cdb68424e043a45f,-1,-1
26959,Roll Out,-1,-1
26960,Magius Darkflayer,-1,-1
26961,IS1ab99e7d7209204739ce8,-1,-1
26962,IS1b047fb5dedb10148891a,-1,-1
26963,Einherjer,-1,-1
26964,IS1ecd8207df9da83f683b6,-1,-1
26965,IS1e4fbe42b1bcea1a888ff,-1,-1
26966,IS189c835c716ea3815f704,-1,-1
26967,IS11fc027d01a09ed569d7d,-1,-1
26968,IS196dee39077acae425bcd,-1,-1
26969,IS1c8bc6d5e0a783a1cf45b,-1,-1
26970,IS13a8cb034f0f8cbce906c,-1,-1
26971,IS11eecdb18102735fc2308,-1,-1
26972,IS1dc489fc1a262fecf8023,-1,-1
26973,IS11a9769c193fa010d5934,-1,-1
26974,IS1e4ba078c279495ec8581,-1,-1
26975,IS1a9525d7d3f0704d1511f,-1,-1
26976,Beiz,-1,-1
26977,IS1fd6fd76b8b96bb49a2f5,-1,-1
26978,IS1191acdd18b9b3605933f,-1,-1
26979,IS17a995c12787e51e6ec0b,-1,-1
26980,IS19e7e8af53293c93dc69b,-1,-1
26981,IS1cf618d5a16ed2ba41651,-1,-1
26982,IS17b2ab9908dd1353ac190,-1,-1
26983,IS13b94ce79b9925f36b339,-1,-1
26984,Erectus,-1,-1
26985,IS193820f5998c6b884a438,-1,-1
26986,IS133c5fb71cf81125fccfb,-1,-1
26987,IS1523300ea73c6a65b0a6e,-1,-1
26988,Z1 Menoth,-1,-1
26989,IS1cf018b2e9edf0786f276,-1,-1
26990,eriction,-1,-1
26991,IS1a62a6d0979d929fe2e6b,-1,-1
26992,Decrypded,-1,-1
26993,IS10e95f6b5529810582f23,-1,-1
26994,negato,-1,-1
26995,mol4r,-1,-1
26996,Aremir,-1,-1
26997,gXJNhoGcIZ,-1,-1
26998,IS1bbb1887660ef1ba740ff,-1,-1
26999,IS1fce4b4ce1bdc6c9dbd56,-1,-1
