28000,m4gneto,-1,-1
28001,Tribalsoul,-1,-1
28002,IS129eca06d158e96115519,-1,-1
28003,IS1c8fbd7a3cb7952fe4ea1,-1,-1
28004,IS124e891d093f8c3b8bc42,-1,-1
28005,IS182ce58f9413d5ac93360,-1,-1
28006,Z1 Heat,-1,-1
28007,Espier,-1,-1
28008,IS10a95dcb5fc8a3dd4deae,-1,-1
28009,IS125cf868db8b60714c477,-1,-1
28010,IS1dd9b910ba56286a4d8f5,-1,-1
28011,IS12cfe39e740c80cf8d4f1,-1,-1
28012,Aarshkaa,-1,-1
28013,IS16b308746c7b9667ecb2c,-1,-1
28014,IS10769ab4801bd148ba0bd,-1,-1
28015,IS1b2cf44533b32fb344419,-1,-1
28016,BBjuggernaut,-1,-1
28017,IS142b3cf6803cec01d1771,-1,-1
28018,Lesiroth,-1,-1
28019,IS171fd2187fa4b02bfbfe0,-1,-1
28020,N0mek,-1,-1
28021,IS11162e28590655c97c27a,-1,-1
28022,IS1a9b7b371f9d76a67c03b,-1,-1
28023,mattisgod,-1,-1
28024,IS146361e911d81469a1a3e,-1,-1
28025,IS1a4694e5173c3b64591f1,-1,-1
28026,Tempname7234,-1,-1
28027,IS1c4e83a1dd07546649e34,-1,-1
28028,IS1853c947ede4e3c9da372,-1,-1
28029,IS15d79c01f47bed8e1f93c,-1,-1
28030,3ncoRe,-1,-1
28031,bretticade,-1,-1
28032,IS1fe4426fb0c9eee0c5b19,-1,-1
28033,neutjes,-1,-1
28034,IS16c212a6b27dc47923658,-1,-1
28035,IS16bdb2c9288a0e5982d2b,-1,-1
28036,namethief,-1,-1
28037,cKibR2tlGU,-1,-1
28038,IS1c3edd43fd7eea2444342,-1,-1
28039,IS1146ae3686e4bd3b8c9d2,-1,-1
28040,uxn2hxiWme,-1,-1
28041,IS1b489080c05a96e7f594b,-1,-1
28042,GzfhLDhrtQ,-1,-1
28043,IS11415ee6b932e222d8af3,-1,-1
28044,IS1569522c12e25d973b68e,-1,-1
28045,IS1ae7536cab364df00ccae,-1,-1
28046,Alamut,-1,-1
28047,Profanisaurus,-1,-1
28048,IS13b8ceb74e12b8685b96a,-1,-1
28049,IS1dd9a0e505ed7830ea299,-1,-1
28050,DualShadow,-1,-1
28051,IS12b69d3d81c735bfd6181,-1,-1
28052,Jek1n,-1,-1
28053,Pacolicious,-1,-1
28054,IS16ef159173bfb8109abc2,-1,-1
28055,IS13297ba960eb5bd78155c,-1,-1
28056,IS162dfc183f9366936fe85,-1,-1
28057,IS11e745b22a06c25aff7ab,-1,-1
28058,IS170356ccf94a415c454ff,-1,-1
28059,Soxes,-1,-1
28060,LordZero,-1,-1
28061,IS1376f2b9815c231b3e1a5,-1,-1
28062,IS17d5700c2cc9e937bd348,-1,-1
28063,PHm4Ko3pUE,-1,-1
28064,IS1da03e3d4798fe5824e31,-1,-1
28065,J1Cjgkb3zn,-1,-1
28066,IS13cb60dc35e49a62f4f24,-1,-1
28067,IS165190eff64bba29de004,-1,-1
28068,IS146824c273eff3c8513ee,-1,-1
28069,IS133559773fd2f6e46c2fb,-1,-1
28070,IS15c39795b6d0b7cb71ebe,-1,-1
28071,IS1ff3c8907acbe1bda1191,-1,-1
28072,IS18b65c2afb0d0532a311b,-1,-1
28073,IS13ad6abc065d1ac24ab25,-1,-1
28074,IS1bce604b98729e2a5b424,-1,-1
28075,Sersi X,-1,-1
28076,Chickenbranches,-1,-1
28077,IS11e282089b789f5f73b24,-1,-1
28078,Zendalle,-1,-1
28079,NeverGuess,-1,-1
28080,Wheelcock,-1,-1
28081,IS13c62352414aa58e525c2,-1,-1
28082,IS13c541d16253342ab39c4,-1,-1
28083,IS1fb66cf6b7946dc16a20e,-1,-1
28084,IS1f905f4c210b495748a79,-1,-1
28085,cFangNasty,-1,-1
28086,IS18c74dc8146b00c1ed489,-1,-1
28087,IS1397efb3fa90138fffaae,-1,-1
28088,lUDF9zxGRQ,-1,-1
28089,Kendandra,-1,-1
28090,IS1999610c8c5ab9aeb2107,-1,-1
28091,sukatsu,-1,-1
28092,IS1f77ff4bd82e015a2f624,-1,-1
28093,IS16d9434c270b85ddf187c,-1,-1
28094,Vadius,-1,-1
28095,IS14f83565449f2cce9d5d5,-1,-1
28096,IS1410a2bcdcbc7e9978ce1,-1,-1
28097,IS1ecd6469c3a9eb3ddb48a,-1,-1
28098,IS1b47b87226f5e2abfbca7,-1,-1
28099,IS12e3cfec7ee3112206e6b,-1,-1
28100,badzombie,-1,-1
28101,IS119341cce4399afa2c7dd,-1,-1
28102,Grotok,-1,-1
28103,3933,-1,-1
28104,JayKay,-1,-1
28105,IS13f90f64fa07e4fc2d5cf,-1,-1
28106,Sraaz,-1,-1
28107,IS1b040dadaeed846ac6b4e,-1,-1
28108,IS1c325e7ba5b3e3d2830d7,-1,-1
28109,IS18f393da9c34d4883524f,-1,-1
28110,IS170ead9cc2f6f0a37f1af,-1,-1
28111,IS1204546e793d51f41ab68,-1,-1
28112,yurua,-1,-1
28113,DemonBanana,-1,-1
28114,IS1b8c08804168ddcf1c172,-1,-1
28115,Shadowrise,-1,-1
28116,IS1f442ace4af9fe8c9a754,-1,-1
28117,HLTsngSuBw,-1,-1
28118,IS1008794c59ec41cfd297b,-1,-1
28119,IS1a1e33dd712a6df38af98,-1,-1
28120,IS196abb1e7f91ba1a690bc,-1,-1
28121,LoneLord,-1,-1
28122,IS1cc822e6cebe4361364ba,-1,-1
28123,IS11f9f3cd816418d376ff9,-1,-1
28124,IS187b6e31e834e8c94ca32,-1,-1
28125,Dinshu,-1,-1
28126,Nyuk,-1,-1
28127,IS167b11e3b1064b10fb2c3,-1,-1
28128,IS176ac94d5237046a7f9fe,-1,-1
28129,IS18009e0a093bd3c708420,-1,-1
28130,TangentTangerine,-1,-1
28131,IS1b2545d93de0400874b63,-1,-1
28132,IS101e8f77299ddbf89cbcb,-1,-1
28133,IS19f7730394bc4db6b58ab,-1,-1
28134,Slothrop,-1,-1
28135,o6Zv5CnvAJ,-1,-1
28136,Rubric,-1,-1
28137,IS11cab59eaac4e2125b4b1,-1,-1
28138,lirmax,-1,-1
28139,IS1584a460c9a316b24ad74,-1,-1
28140,Ledivin,-1,-1
28141,IS1b69bae70a0d2d6ac514e,-1,-1
28142,I am the Predato,-1,-1
28143,Azrifal,-1,-1
28144,IS1f5c21148e6c85b241947,-1,-1
28145,TheSexyAlbexican,-1,-1
28146,IS1f27b4e0f00842a67eced,-1,-1
28147,IS134b5d3ca215040c64e2f,-1,-1
28148,IS1640fd6c2ae1853d0e313,-1,-1
28149,IS1eb74c18dff91f162331a,-1,-1
28150,Parzaius,-1,-1
28151,IS1595e5127c235cb95ad2f,-1,-1
28152,IS123471f62fe8c58922658,-1,-1
28153,IS1f95afa9d080819f95717,-1,-1
28154,IS12ba265cbc19868f5b553,-1,-1
28155,IS1be6481955d28feb72a2b,-1,-1
28156,Shadowkiller,-1,-1
28157,IS19d88ceb45f6403016b05,-1,-1
28158,IS1dbeefad9b3206537deba,-1,-1
28159,IS14f9dfe786aba9d7be0da,-1,-1
28160,IS1f4026f6fd44b5ddd7c76,-1,-1
28161,IS1831eb03da9c1cef03f61,-1,-1
28162,IS16344d7c493e22ad1e1f7,-1,-1
28163,IS16f27c1b6f6d2820e5c90,-1,-1
28164,IS1e1ef2e5795dda7b9d213,-1,-1
28165,IS1b8a0fbfd52a4cb0214cf,-1,-1
28166,IS11f394600a1590e2d931a,-1,-1
28167,IS118bdc77c73ef28c50a49,-1,-1
28168,IS1cc43c5b987d4caf2406a,-1,-1
28169,IS152bc1f65d6dbebdbee94,-1,-1
28170,BNdD1UPaVM,-1,-1
28171,ovvo ovo,-1,-1
28172,YungGucciLordBro,-1,-1
28173,IS1d1a8ab728b02fa3cd66a,-1,-1
28174,IS13a5d77f5dea10b77030b,-1,-1
28175,IS16da994c4f9cb09635d10,-1,-1
28176,IS1da2954a024c081db7e50,-1,-1
28177,IS1916378bd28d529ab3a33,-1,-1
28178,Crash Bandicot,-1,-1
28179,IS1b0d2e959428e140468ce,-1,-1
28180,IS1e85336296d909745a1ad,-1,-1
28181,FiveVowels,-1,-1
28182,Akkirus,-1,-1
28183,IS19dc7de09bf4bc0d808a1,-1,-1
28184,DonkaiKong,-1,-1
28185,SandFlanPandaMan,-1,-1
28186,IS16aa6fbe68c50f740cc94,-1,-1
28187,Caleman,-1,-1
28188,IS11bc9549eef056c00b7c1,-1,-1
28189,TearforBeers,-1,-1
28190,R9nnRA1JqW,-1,-1
28191,IS14b23e284094112b8ce94,-1,-1
28192,IS1e6c2017380002b8b3851,-1,-1
28193,ReAzem,-1,-1
28194,CREEE,-1,-1
28195,IS1d0a8594a28d81d32c8b5,-1,-1
28196,IS1e34fb2de2050a0bb1353,-1,-1
28197,IS1dcc5171cd962e3c83862,-1,-1
28198,IS1852991bc20ed97caa574,-1,-1
28199,IS104691ee209eb36654b3c,-1,-1
28200,Z2 Ferrolho,-1,-1
28201,IS127859b1ec6128a36a974,-1,-1
28202,IS15cdb77d6fd933f43d6b9,-1,-1
28203,IS1bf1b3932abf6806f9c39,-1,-1
28204,IS17951187d0da02230773d,-1,-1
28205,Viandante,-1,-1
28206,IS19f15b4193301f7d9e467,-1,-1
28207,IS19220e4b55153a6e20730,-1,-1
28208,Branduarte,-1,-1
28209,IS1cfac39702e8e947cb0c0,-1,-1
28210,Niuyoi353,-1,-1
28211,1010101010101010,-1,-1
28212,Dakiaris,-1,-1
28213,IS175e6c6d0831dbd5a9c81,-1,-1
28214,IS1f64821ecd00e781680d1,-1,-1
28215,IS1c050d3d6c57e5e6f2d76,-1,-1
28216,jaku78,-1,-1
28217,IS1656f65782847ddb57ad9,-1,-1
28218,escure,-1,-1
28219,skao,-1,-1
28220,IS11ea46585fe693b4330ec,-1,-1
28221,Nosferax,-1,-1
28222,IS14790fa6f10e67a8d35cd,-1,-1
28223,Vislike,-1,-1
28224,ComaliesFR,-1,-1
28225,PhamTheGreat,-1,-1
28226,LateNightLOL,-1,-1
28227,Z2 Falke,-1,-1
28228,Hath,-1,-1
28229,tyzar magna,-1,-1
28230,IS10760805077c584b137b7,-1,-1
28231,IS11c3ce64477a73b88eaf2,-1,-1
28232,28232_DEL,-1,-1
28233,IS18086f5aef6f2ea34b722,-1,-1
28234,IS162aee44893300d695f99,-1,-1
28235,IS17f5dc50fe7c5a03322c1,-1,-1
28236,IS1bc11e0ef4e9892ebc6fa,-1,-1
28237,IS14def149681f47e629ad7,-1,-1
28238,Shoichi,-1,-1
28239,IS15192146e99c863a08119,-1,-1
28240,cpudemon,-1,-1
28241,IS1ac0869fcb90cd22b96c0,-1,-1
28242,IS140dd56dcdebf58161f58,-1,-1
28243,IS1ae18a5b306a057d7c886,-1,-1
28244,ConditionaI,-1,-1
28245,IS184e6ee984f5f2132f42f,-1,-1
28246,Ridmann,-1,-1
28247,Zazka,-1,-1
28248,IS1f1e054b8c9fb59c08058,-1,-1
28249,IS1cc8c48d47eb8bcd760c6,-1,-1
28250,4IXe1dz8zB,-1,-1
28251,IS1d351efe1814d7339e9d9,-1,-1
28252,IS1805306cede26cd66cb6c,-1,-1
28253,IS1d079d6a230f011a0ff26,-1,-1
28254,IS139c31c44eb38bddf613f,-1,-1
28255,Chipmonk,-1,-1
28256,IS1cace2f9546ca80eee53f,-1,-1
28257,IS1102c83aaed81f3b175d8,-1,-1
28258,IS101e6edeb0a4a077ad082,-1,-1
28259,IS104f6cff01c4f46b83812,-1,-1
28260,Ragmanni,-1,-1
28261,IS16679ea5563e9b3c1fb26,-1,-1
28262,IS142a1b20884b84be895fe,-1,-1
28263,lolshoray,-1,-1
28264,Sitius,-1,-1
28265,Ooomfoofoo,-1,-1
28266,IS17231d85216a98c98687d,-1,-1
28267,IS1f76f8f8e5f467814c499,-1,-1
28268,dekkeng,-1,-1
28269,OMZfjq5W5y,-1,-1
28270,IS1b05666d177dd85d81a3e,-1,-1
28271,TibuJJ,-1,-1
28272,sebq,-1,-1
28273,Ser Iddy,-1,-1
28274,Tomtefar,-1,-1
28275,IS16f4c47d54f841995ae2c,-1,-1
28276,IS11f338d36458ca11cc876,-1,-1
28277,DragonArmy,-1,-1
28278,IS167e6251acf2dd3e5f403,-1,-1
28279,IS1408c7f4b3d6c4a9d4563,-1,-1
28280,IS1b612e0c3538da027be95,-1,-1
28281,Daybringer,-1,-1
28282,IS1af91ae454a32f7717a36,-1,-1
28283,Moklok,-1,-1
28284,IS1d6f606e37cfc93234991,-1,-1
28285,IS12db3a4e6ca27193cb152,-1,-1
28286,JeSx,-1,-1
28287,IS164c1c6f6922c6d4b960f,-1,-1
28288,Brainshack,-1,-1
28289,IS1c6b1177abe7dbe18384d,-1,-1
28290,flavius717,-1,-1
28291,IS102d261c04c136b08484c,-1,-1
28292,duhcao,-1,-1
28293,Spolcrat,-1,-1
28294,Castrodna,-1,-1
28295,guy9027,-1,-1
28296,Lilitu,-1,-1
28297,IS1476b8dee04ab18de8e5d,-1,-1
28298,IS1ea4db52a8d56c556a0d5,-1,-1
28299,IS1bc94ffeb4c785f547942,-1,-1
28300,IS10d53d71c80cde8b5c954,-1,-1
28301,IS14e5d7eaa5951efd43aa3,-1,-1
28302,IS1b5b8474a8e3e81ab50f9,-1,-1
28303,IS1d49f7983904b497d50b2,-1,-1
28304,IS1e73d218c375817c81083,-1,-1
28305,Fredv2,-1,-1
28306,AHanzik,-1,-1
28307,IS15070faa56e0d03825120,-1,-1
28308,IS1e59b5faeabc5667d5c01,-1,-1
28309,BelsoValtozas,-1,-1
28310,IS1ebe97db4611a4328b141,-1,-1
28311,IS19bd4c90d6c37555f7a3c,-1,-1
28312,IS1c5f7dc93a3d11f9edfb4,-1,-1
28313,IS1ebfb58df77f586ad919a,-1,-1
28314,IS1a27a6a96e9efb4c102d2,-1,-1
28315,IS1a09babe859cf5c71d898,-1,-1
28316,IS176c2e2d735efcf997cc4,-1,-1
28317,IS1500a10f65f4d6b1d4490,-1,-1
28318,IS118a79074b836ddb2d544,-1,-1
28319,l3eReal,-1,-1
28320,IS18e3bd2c4c2205afdfc44,-1,-1
28321,keanex,-1,-1
28322,IS1da9780bc88cbb048d417,-1,-1
28323,TheSteelCondor,-1,-1
28324,IS12e133bc29dc386104bd5,-1,-1
28325,calio,-1,-1
28326,IS1181d33b91c6dbc8de9d7,-1,-1
28327,IS14e9a3ad092e9ea0d6bb0,-1,-1
28328,IS11bebf30b1f5488a96cb7,-1,-1
28329,IS147661f14bb99b7c74544,-1,-1
28330,torlop,-1,-1
28331,IS19b4e076699ee4c6afaee,-1,-1
28332,celestica,-1,-1
28333,shkl3271lksf,-1,-1
28334,IS10c8cd0a4582f9c4c34ec,-1,-1
28335,IS1e4b1d8bf20fbc24343e7,-1,-1
28336,IS1c12e4041b8e3eaa3a623,-1,-1
28337,Biikuajet,-1,-1
28338,choni,-1,-1
28339,murderer,-1,-1
28340,IS18f16299d8df03178584b,-1,-1
28341,IS1a2f4be6919b9f773f921,-1,-1
28342,Kalani,-1,-1
28343,BgnyW5MQJk,-1,-1
28344,IS1d13d76804c9a504c7aca,-1,-1
28345,IS1dbe6d687ecf4d698447a,-1,-1
28346,IS1d3f4744a12808b202219,-1,-1
28347,iezJIqbWUA,-1,-1
28348,IS1056bf6ebac5a4c908540,-1,-1
28349,IS15c3bd530a37df3de1c7e,-1,-1
28350,IS1f3c6ff1f3e8006ac0816,-1,-1
28351,Anty,-1,-1
28352,IS17c95a06600456effd501,-1,-1
28353,IS141dd6c3ab5757a5e103b,-1,-1
28354,TrueTony,-1,-1
28355,IS1d166a891ccad57c42d2d,-1,-1
28356,ßoostedßoy,-1,-1
28357,frankhuan6,-1,-1
28358,rikezz,-1,-1
28359,IS19cf6705728b677a107cd,-1,-1
28360,IS110d0c3c072c56bed7a10,-1,-1
28361,IS1afcdd799870f374cea4c,-1,-1
28362,IS1e7692778ef5065aa3d04,-1,-1
28363,Maledictus,-1,-1
28364,korgan,-1,-1
28365,IS1bc2a170725b884863354,-1,-1
28366,SirSni,-1,-1
28367,IS1ba666dd389fa64766b2d,-1,-1
28368,IS17202a9acb8a6d5204e7e,-1,-1
28369,IS19651eb0425589272fd3d,-1,-1
28370,IS19bd7bc7b332159cab1e6,-1,-1
28371,IS16b3f223d5afc2052e89d,-1,-1
28372,ZuNsxkJsWJ,-1,-1
28373,LacTo,-1,-1
28374,IS1737f3f8456b63b50f5ff,-1,-1
28375,IS1948357e1a0281de24080,-1,-1
28376,Roosterblock,-1,-1
28377,Naralas,-1,-1
28378,Jaskip,-1,-1
28379,Studly,-1,-1
28380,Enziet,-1,-1
28381,Ohwleeball,-1,-1
28382,pIRV29SRFo,-1,-1
28383,Salieri,-1,-1
28384,Agusum,-1,-1
28385,IS10ddfecbfba02cc20b13f,-1,-1
28386,Cepstral,-1,-1
28387,Dread Pirate Redbeard,-1,-1
28388,IS1917c2df87b96ac795ef2,-1,-1
28389,Esdue,-1,-1
28390,IS194f77fbbeb5f57c210a1,-1,-1
28391,IS145e87fcae7d3186a03be,-1,-1
28392,IS13fab8f0ab9111af027da,-1,-1
28393,IS1ecfbb7cc738556f86916,-1,-1
28394,IS10726a95c2e16e56c3997,-1,-1
28395,IS17acbab1aabb76e12739f,-1,-1
28396,IS1d9df93e27ecd4db31d4d,-1,-1
28397,p0usty,-1,-1
28398,VillainTux,-1,-1
28399,IS162b13d4185fa795032af,-1,-1
28400,Cody,-1,-1
28401,IS1fb3b5b2d428625f42bff,-1,-1
28402,IS1bcd6132d551c8cbdd594,-1,-1
28403,borkweb,-1,-1
28404,IS1eb07cf5c2bbce1489eb3,-1,-1
28405,IS12b63c027def22ced5230,-1,-1
28406,nlMmiGUmZL,-1,-1
28407,IS184bb152aa9d26a93ecca,-1,-1
28408,IS1566f85564149a8cc8324,-1,-1
28409,IS1b1470aa3d49b3ba4360c,-1,-1
28410,doraslil,-1,-1
28411,Knapkin,-1,-1
28412,IS1e1f80415f7e5a1dc815f,-1,-1
28413,IS13c859c8363e50fe09a3f,-1,-1
28414,IS1ab224a1649e8e6e9a2a0,-1,-1
28415,IS1db068513c07855282ed9,-1,-1
28416,Entensity,-1,-1
28417,IS1a6d80d602a20133d2bf8,-1,-1
28418,IS10269e84d75fa4c63868c,-1,-1
28419,IS194254ed8fe408268b7a7,-1,-1
28420,IS1d088e0216147377171b2,-1,-1
28421,Guella,-1,-1
28422,IS18eb44dba6e4bb7dff7f5,-1,-1
28423,IS18459d26309b177005b10,-1,-1
28424,994vi719bN,-1,-1
28425,Larsiny,-1,-1
28426,IS1ec091322fd15e197b897,-1,-1
28427,Darko,-1,-1
28428,IS1f8ac35f2a820488c342c,-1,-1
28429,Avenger Zero,-1,-1
28430,IS17bbec48a0bc22602e968,-1,-1
28431,IS1c5fa8da27b4e2e7d4745,-1,-1
28432,Eastman,-1,-1
28433,IS1694985bb302d8bd2d44b,-1,-1
28434,IS14ac70a9a55cfab1118c8,-1,-1
28435,IS1d33ac95d675366558a27,-1,-1
28436,IS130d91b9340e3b4e57c11,-1,-1
28437,IS1675960d6822b6bdffb7a,-1,-1
28438,IS11769da5e20b374f20f43,-1,-1
28439,IS172d48f5f78498616ec4d,-1,-1
28440,IS1b1a0ae549a11190e0853,-1,-1
28441,IS1757955db1cae7efb9c3a,-1,-1
28442,IS1ab07b864cbf7ab69974e,-1,-1
28443,IS19c124affa4023764635d,-1,-1
28444,IS1afa5d30f46b482c3030a,-1,-1
28445,IS1bc3b1a208cfaacc4b2d2,-1,-1
28446,IS1d872e9afc52918b0fd46,-1,-1
28447,SexyBoySquirtle,-1,-1
28448,IS122108a5247cc18253a0a,-1,-1
28449,IS1cf8345243e912885f1a5,-1,-1
28450,CaffeinatedTank,-1,-1
28451,A2M5SF7eAd,-1,-1
28452,IS13826e43979bd3e800bbd,-1,-1
28453,Ninjutsu,-1,-1
28454,Fizzlewidgit,-1,-1
28455,D1wq5mCrAg,-1,-1
28456,IS143ef133eec4e483b3565,-1,-1
28457,IS18b197974f5105052609a,-1,-1
28458,ANVERDI,-1,-1
28459,GrizzK321,-1,-1
28460,IS1ca209ce8a08ecd8b2ff0,-1,-1
28461,IS1749628ccbd9e7d3f377b,-1,-1
28462,SummonerOfKings,-1,-1
28463,IS1dec000154bc98e800cc5,-1,-1
28464,IS1cb01b7c3316db9310a09,-1,-1
28465,IS1cf540d9878cf8c991278,-1,-1
28466,IS1fee7cad4702caf594d18,-1,-1
28467,p8bRvKUITe,-1,-1
28468,IS1510eafbbfb055280e433,-1,-1
28469,IS1e9ca1519ab84406ef2b2,-1,-1
28470,JessMan,-1,-1
28471,Trevil,-1,-1
28472,DyZg1waY6u,-1,-1
28473,Zombizle,-1,-1
28474,Fantus,-1,-1
28475,Treee,-1,-1
28476,IS14ec47d4de5373b97d797,-1,-1
28477,IS1a02c40a53b26fde2bc4a,-1,-1
28478,IS103db3e1e5fb653ca0a89,-1,-1
28479,madAzrael,-1,-1
28480,IS1f7eb2a73ea78a115d94a,-1,-1
28481,IS1fc501c049e2fc85f8be4,-1,-1
28482,IS18e89992ce70459e669a3,-1,-1
28483,Ouranos,-1,-1
28484,Malfisar,-1,-1
28485,bombtracks,-1,-1
28486,IS1e1397fe94938013a9161,-1,-1
28487,IS1380159f3d579500b11cb,-1,-1
28488,ZHour,-1,-1
28489,IS1725a975602564298d4b9,-1,-1
28490,Elorest,-1,-1
28491,IS1cda83c9671a3645f905a,-1,-1
28492,IS13046a8c1115ec1a8b8a7,-1,-1
28493,dmbrandon,-1,-1
28494,Lord Byron,-1,-1
28495,gQDbqY7b0k,-1,-1
28496,dalcian,-1,-1
28497,IS17572593dba22b536d449,-1,-1
28498,IS1e6097524b74f9f242765,-1,-1
28499,IS1300eba377709f15e4ffd,-1,-1
28500,IS1c0548f8a58114a011955,-1,-1
28501,Raden,-1,-1
28502,IS172948ca543bcb05a29b2,-1,-1
28503,IS1e07da16874517cf3fa54,-1,-1
28504,IS1f1be6e1c0a29e21bb1c5,-1,-1
28505,IS180482beaf440a005e271,-1,-1
28506,Dan no Dan,-1,-1
28507,auOPeLLIo5,-1,-1
28508,IS1b822024e647cc943596d,-1,-1
28509,IS1689a1eea23db5b29f0f9,-1,-1
28510,Graffle,-1,-1
28511,IS1c3bb0534870f6b8272e4,-1,-1
28512,IS18b0110b80821cc5bd761,-1,-1
28513,IS14a264646efdfe79a9212,-1,-1
28514,Zeventis,-1,-1
28515,IS1fa77828d4f011a237ea5,-1,-1
28516,oxRhbzrViX,-1,-1
28517,ResistTheDawn,-1,-1
28518,IS14609df0f78c4960e9589,-1,-1
28519,IS1cac5588e45a0b8602baa,-1,-1
28520,IS1e34da1c696cb44993a56,-1,-1
28521,IS10ed569626fdb23520d02,-1,-1
28522,chocobonight,-1,-1
28523,IS101067db052ea5cfd254c,-1,-1
28524,IS171fc46379b974330b3eb,-1,-1
28525,IS16a1bcfdc5a0bd08ac34f,-1,-1
28526,IS159218ff725f59419a5a1,-1,-1
28527,IS12a81cf2dc6a7ca9903ea,-1,-1
28528,IS16a3182fc526ae3018403,-1,-1
28529,IS1c7404ea82530ae517768,-1,-1
28530,ekoms2k,-1,-1
28531,IS16a344457e1537dce906d,-1,-1
28532,IS1a92bd4e1f870eaaa6add,-1,-1
28533,stevedore,-1,-1
28534,Siguard,-1,-1
28535,IS1f2a1b92531d913349940,-1,-1
28536,IS149f879058d1825887571,-1,-1
28537,HugeMonkeyNuts,-1,-1
28538,Cocytus,-1,-1
28539,Knowledge,-1,-1
28540,CHAOSkid42,-1,-1
28541,IS1da4e538326c9691fa4f2,-1,-1
28542,IS135ad3223816b439045e3,-1,-1
28543,TheOneTrueMatt,-1,-1
28544,IS1ad8d235542b789c591f0,-1,-1
28545,IS17e26567a1e06dd2728b5,-1,-1
28546,DarkSouls12,-1,-1
28547,IS168762a72dc1a4038d1ff,-1,-1
28548,U77KsaLM5T,-1,-1
28549,bronze34,-1,-1
28550,Black,-1,-1
28551,yanro,-1,-1
28552,RatchetGalactus,-1,-1
28553,IS18a9b8cc08f57363e8733,-1,-1
28554,IS1c5a92883d9a7afb4262e,-1,-1
28555,IS14c64cd1f481b59db4b45,-1,-1
28556,TwoSense,-1,-1
28557,IS1ce046df7b17642eed05a,-1,-1
28558,Mong Ji Hyo,-1,-1
28559,IS1d42809e0dd0119492b24,-1,-1
28560,IS132f71a6a15556ee5d6c6,-1,-1
28561,IS179d0121f4973000eeba5,-1,-1
28562,IS1e931cef4d22f7b0cb58c,-1,-1
28563,p3r50n,-1,-1
28564,IS1e244d7dc3534d3c81e2a,-1,-1
28565,IS1d62696d967a8e84e450f,-1,-1
28566,Ahmintar,-1,-1
28567,IS17cdccf5f9012450904f2,-1,-1
28568,CBase,-1,-1
28569,IS10da2c778f2ad47a9b1f0,-1,-1
28570,IS1ba4f0ce32ab6f6350603,-1,-1
28571,IS169c0ad4795f295a48b25,-1,-1
28572,YmlB4rWSXz,-1,-1
28573,IS1b28eb938384500b8ad60,-1,-1
28574,IS14a7607130621ad106180,-1,-1
28575,OnimenoRyu,-1,-1
28576,Wololo,-1,-1
28577,IS15b01ac62b2bc46cfdb76,-1,-1
28578,IS105b83f0db871f6794b61,-1,-1
28579,bKush,-1,-1
28580,mokushle,-1,-1
28581,IS199ec99bc79d5de20f9d4,-1,-1
28582,lGZexVsXGj,-1,-1
28583,Klav,-1,-1
28584,IS1c09abb3034c751912bd9,-1,-1
28585,Madcow199,-1,-1
28586,Evernight,-1,-1
28587,IS187a4dc56052bc6d035dd,-1,-1
28588,IS1316a32b96e87686c44d9,-1,-1
28589,IS166bc599c6fb168c1f9f8,-1,-1
28590,IS1e345d291eea0a5968985,-1,-1
28591,IS15270453226df079b8d5f,-1,-1
28592,IS176ab487e51448cc1c57f,-1,-1
28593,IS1969e1244e60155863090,-1,-1
28594,CorruptClockwork,-1,-1
28595,WMTWdDkSD0,-1,-1
28596,IS12e88f2cb714b641b8cc4,-1,-1
28597,IS1c6c3992eb55812168e55,-1,-1
28598,IS1ce50d68d3e1ebe2e03d7,-1,-1
28599,IS1c1781df239d00b004d3b,-1,-1
28600,IS18b6e2f3637f77b97ac9c,-1,-1
28601,IS1d05eeb1ce32e241a7c55,-1,-1
28602,Soluna,-1,-1
28603,TheKing,-1,-1
28604,Jestaur,-1,-1
28605,IS1656611d6bb3bb61a0804,-1,-1
28606,IS159426466904cf2b77aa1,-1,-1
28607,IS157b7db6ec47711b21770,-1,-1
28608,Argantes,-1,-1
28609,IS15baeeb4021f7c9f3047d,-1,-1
28610,Phale,-1,-1
28611,IS1905853625e0e9762120f,-1,-1
28612,pmAIjQ0NqX,-1,-1
28613,Phuz1506,-1,-1
28614,IS13a126aa3cae19027a2f8,-1,-1
28615,Nathis,-1,-1
28616,Misbehaving,-1,-1
28617,IS13f015fb4e11adbeb6f29,-1,-1
28618,Edrobot,-1,-1
28619,IS18268005021e704312097,-1,-1
28620,IS1674f898cc7add8841a39,-1,-1
28621,IS16470ad672ceb57717192,-1,-1
28622,D1rtyD3vil,-1,-1
28623,IS177780b83a3b31e226465,-1,-1
28624,Lil Roachh,-1,-1
28625,Weedgoku,-1,-1
28626,Scrubbintubs,-1,-1
28627,eRated,-1,-1
28628,IS1ead6eb8c4aee9a7f5d71,-1,-1
28629,IS103176dbc54320450c12f,-1,-1
28630,IS1bc4b922aeda874e96d5b,-1,-1
28631,Isuress,-1,-1
28632,badboixxx,-1,-1
28633,IS10e4cd7c5e9d77b8b19f1,-1,-1
28634,Silfner,-1,-1
28635,IS1f2eff62de390e531c25d,-1,-1
28636,grayfin,-1,-1
28637,IS178c5fbed9a26c481d8cb,-1,-1
28638,IS127aa8cce63e2757c100d,-1,-1
28639,IS147f64edaa52fa184dfb0,-1,-1
28640,ctide,-1,-1
28641,IS1728fd14f20133233d33a,-1,-1
28642,Lord Wrona,-1,-1
28643,IS1a605e84974ded63d24c1,-1,-1
28644,IS122658eb1347e27ff55f3,-1,-1
28645,Buttgineer,-1,-1
28646,IS180d83ab4acb6a4bf5ac7,-1,-1
28647,IS169c346c060a2f8c31c18,-1,-1
28648,MasterRamsey,-1,-1
28649,IS1cb4989be859bcbda433a,-1,-1
28650,IS18a840371c62855241ceb,-1,-1
28651,IS1a4766ffbe5f12a7dba10,-1,-1
28652,IS12029683b6b136654777f,-1,-1
28653,IS146aad4aa5cf3f424d215,-1,-1
28654,IS102646cd3d927de1c36bf,-1,-1
28655,IS10bfb8e3aa8becac3e65c,-1,-1
28656,Bonolenov,-1,-1
28657,IS1306479ebdcc6fec136b3,-1,-1
28658,IS1a5d47eeb3659f9c36935,-1,-1
28659,IS193adaa38bc178da51e75,-1,-1
28660,IS12aa5779a02e2bd3fb899,-1,-1
28661,Aimurg,-1,-1
28662,IS1e14b9d8a41551d9256fa,-1,-1
28663,IS150629fa2c36769285d53,-1,-1
28664,IS1209f0b0bd9d3c025ad98,-1,-1
28665,IS1e4735c50168fce9b688f,-1,-1
28666,IS1ea26fbf960dbf6800c84,-1,-1
28667,BioDwarf,-1,-1
28668,Gonzalolz,-1,-1
28669,hobibit,-1,-1
28670,ecb23oFH7k,-1,-1
28671,IS147ae7dbdf1cda6163c72,-1,-1
28672,Snuffleupagus,-1,-1
28673,IS1661dfc01777ed24cc7ad,-1,-1
28674,Rammus King,-1,-1
28675,IS1b3df4157cd1e53027137,-1,-1
28676,IS192997468cd17aa72399e,-1,-1
28677,IS191def3ee7293fcda8670,-1,-1
28678,Fighthesky,-1,-1
28679,IS12c89c54a93e61a88e761,-1,-1
28680,MrLidenbrock,-1,-1
28681,IS1837cc8852e447e161e3e,-1,-1
28682,IS16fac95156c1a1d632bd4,-1,-1
28683,IS1ddc385975dfd869f2e94,-1,-1
28684,Coif,-1,-1
28685,IS1d7d8a27fb9e8d366d365,-1,-1
28686,IS18e344ac946c2f5a982e4,-1,-1
28687,uv5aXyJYUV,-1,-1
28688,IS1736d81b6a9fde18fc13c,-1,-1
28689,IS1a74ce50cae9e92e0edb2,-1,-1
28690,IS1fece53fd3750fb3016d0,-1,-1
28691,goncaloflp,-1,-1
28692,Danwe,-1,-1
28693,Sazragore,-1,-1
28694,ibjeremy,-1,-1
28695,IS1d8e906a502237185a436,-1,-1
28696,IS1d1debfff97fc0667e95a,-1,-1
28697,IS1b0c0d02f0833df49ec20,-1,-1
28698,Harbingerlll,-1,-1
28699,IS171c20405a6c9296b5517,-1,-1
28700,Supra,-1,-1
28701,IS1d5b7536719ff1d14cb1f,-1,-1
28702,IS181052eb44432bc73c6a3,-1,-1
28703,IS1c0059ee86d8508dfcbec,-1,-1
28704,MMMMDATAZZ,-1,-1
28705,BullyDaSensei,-1,-1
28706,IS1ee6d1c699d2fd5980d32,-1,-1
28707,IS14c069af5121745e2c46f,-1,-1
28708,IS19449f866b64722a0b7c9,-1,-1
28709,IS12d575177212da2570e5d,-1,-1
28710,IS163b290c7e47209cd2ad7,-1,-1
28711,Velan,-1,-1
28712,Asez,-1,-1
28713,IS1353956e83513b7952168,-1,-1
28714,IS1c9feecef21e5a7123291,-1,-1
28715,IS18f42f6d60ae0c8e2d63a,-1,-1
28716,IS1ec79658f56f14f699674,-1,-1
28717,IS11ee11ab991e1dea13c47,-1,-1
28718,IS158e227aeb252f734364d,-1,-1
28719,IS102c530e64152bb9ec137,-1,-1
28720,IS1d3ee4cbb942a0b87eb9e,-1,-1
28721,IS1a9b987b5b64c6c28f1f3,-1,-1
28722,Ashalka,-1,-1
28723,IS129e1101d7c23e170fe4b,-1,-1
28724,floshion,-1,-1
28725,IS1ec5f7e607422b67cd180,-1,-1
28726,IS107780fad8848469baca1,-1,-1
28727,Thunderstyle,-1,-1
28728,Gooble,-1,-1
28729,IS16a9855a8a7967b121b3e,-1,-1
28730,SF Jumper,-1,-1
28731,GrahamII,-1,-1
28732,azlItbz02a,-1,-1
28733,dendenmusubi,-1,-1
28734,IS11e88380c96bbf5ad99bb,-1,-1
28735,IS100658ac4fd2817ea4fef,-1,-1
28736,IS1215c1786214f5118b5bc,-1,-1
28737,IS12525e525dd444eceaa99,-1,-1
28738,Siegberg,-1,-1
28739,Alumina,-1,-1
28740,fieldsurgeon,-1,-1
28741,Ub3rPubb3r,-1,-1
28742,Kainuma,-1,-1
28743,Austral,-1,-1
28744,Qmj1VpdUlS,-1,-1
28745,IS17df1e55b59ec7ad75533,-1,-1
28746,DraZaX,-1,-1
28747,Antiquus,-1,-1
28748,Kootyz,-1,-1
28749,IS10b12eabbd2f483581b2a,-1,-1
28750,IS18f80a3b0f7fd4b639da9,-1,-1
28751,IS1fa9f9d4ffc41d1d68160,-1,-1
28752,IS1822cdebb3c80d823794b,-1,-1
28753,ICciRjYzW7,-1,-1
28754,IS12773a12c81d85fb0a090,-1,-1
28755,IS1214b9749fe1c5364cff2,-1,-1
28756,IS1e77cf9daf170c6fdd7ab,-1,-1
28757,IS15cc383ada6d082abf978,-1,-1
28758,OpTicz Degreez,-1,-1
28759,PatrickTheTroll,-1,-1
28760,TCYaZmaTiK,-1,-1
28761,IS1834c6a4808a11fb2716a,-1,-1
28762,priusko,-1,-1
28763,IS1cbc9dc33606cfc3edd1c,-1,-1
28764,Brokenmirror,-1,-1
28765,IS1c5fe40f10ac6aabf6854,-1,-1
28766,Whisper135,-1,-1
28767,Zenx,-1,-1
28768,Telor,-1,-1
28769,IS17eacf5682802ce3ea179,-1,-1
28770,fukthx,-1,-1
28771,IS1e916c116c41d3746cc73,-1,-1
28772,almgren,-1,-1
28773,SH3IK,-1,-1
28774,Telonas,-1,-1
28775,HaydenM3m3,-1,-1
28776,IS11adfc923e0e5434455bd,-1,-1
28777,IS17ab28e59ae80d25dd86d,-1,-1
28778,sorrowesque,-1,-1
28779,IS183895e59f360a8ef992c,-1,-1
28780,IS1bf872822c2621b715908,-1,-1
28781,IS1ef667dcae46317bbf8cc,-1,-1
28782,Lee Jaedong HWAITING,-1,-1
28783,IS15dc48cffaee6253b790c,-1,-1
28784,gscarc,-1,-1
28785,IS1e771fbcc107aad43186e,-1,-1
28786,Pataco,-1,-1
28787,IS12751578bf6f9a84f359e,-1,-1
28788,IS1f6b8228c9df8a7e68d30,-1,-1
28789,IS1f0dbaceb95fb9191e7ee,-1,-1
28790,IS175c7e5f659371d2cc656,-1,-1
28791,IS19f15dc52fa5fb102e12c,-1,-1
28792,IS12e9e816cd12654a2bdc3,-1,-1
28793,Kersplackle,-1,-1
28794,Sugsug,-1,-1
28795,IS1649003bcf15ba4da931a,-1,-1
28796,Angron Horus,-1,-1
28797,Gibybo,-1,-1
28798,IS1fcad049b164a59d1fe2f,-1,-1
28799,Hamenkgu,-1,-1
28800,Xervious,-1,-1
28801,IS1803a1bac6aad641085c5,-1,-1
28802,IS148bda56f8b6c1c96b955,-1,-1
28803,IS1e5fa0c9f999e787d1573,-1,-1
28804,IS1c894bc420163d6d27aa3,-1,-1
28805,IS1285086823c82d267ef12,-1,-1
28806,IS1140d186fe48def60b528,-1,-1
28807,IS1338f1504b9b4b34fa4e2,-1,-1
28808,BwAEh0YUGx,-1,-1
28809,Teem,-1,-1
28810,Latrine,-1,-1
28811,IS1aeab234a87005b9d1209,-1,-1
28812,IS1df571ab0d67b89fa64f5,-1,-1
28813,IS15ddaf0a3b33c67e3c016,-1,-1
28814,Nokturnal,-1,-1
28815,IS1710e6ef5000032e1c514,-1,-1
28816,IS1051f9c7f3cf8b77434fb,-1,-1
28817,IS1dae100f62459a3e2f6a3,-1,-1
28818,IS1bfa798ab738ead1d2045,-1,-1
28819,IS14798a0364267bcc94422,-1,-1
28820,Bagram,-1,-1
28821,Varamatheris,-1,-1
28822,T3nshi,-1,-1
28823,Centerpoint,-1,-1
28824,Worst Evelynn BR,-1,-1
28825,IS1017ba51093527ac1ee3d,-1,-1
28826,IS1aad025c100d7f845865e,-1,-1
28827,gravix,-1,-1
28828,toksi,-1,-1
28829,IS1023e6acdd5174baae917,-1,-1
28830,Suddz,-1,-1
28831,IS1d76db73c21774ae1a96e,-1,-1
28832,IS1e737a29f52d4b7263dac,-1,-1
28833,IS1bad46f1cb5dac528f1e8,-1,-1
28834,IS1e57e0d8d0ea4274c38f0,-1,-1
28835,drackjohn,-1,-1
28836,Gribbles,-1,-1
28837,Helkaz,-1,-1
28838,MdwjIIotVk,-1,-1
28839,ElWorte,-1,-1
28840,IS1b13928d9558651397be2,-1,-1
28841,TR0YIdzrl6,-1,-1
28842,IS11b89b0d035473288f07a,-1,-1
28843,IS1fb8ae350f8a8062d9a4c,-1,-1
28844,merrywidow,-1,-1
28845,c7a1,-1,-1
28846,Duowen,-1,-1
28847,Dhonovis,-1,-1
28848,illbomb,-1,-1
28849,FQIHKSWS1,-1,-1
28850,IS1dbde46bb43f0ccae1a55,-1,-1
28851,iSbkwOeSPh,-1,-1
28852,irdx,-1,-1
28853,Karkass,-1,-1
28854,IS18c05350f75ce49aecb2a,-1,-1
28855,GoreMushroom,-1,-1
28856,Lord GiantR,-1,-1
28857,FireAlch,-1,-1
28858,IS1c505962035deb80bc233,-1,-1
28859,IS126e7e2233a1619364eef,-1,-1
28860,SirHamlet,-1,-1
28861,HaunterV,-1,-1
28862,IS1d8920decdc4951488103,-1,-1
28863,Morgod,-1,-1
28864,IS1918b9d39801a9dcb9167,-1,-1
28865,IS1be426bce2d42a72c2f1f,-1,-1
28866,IS1959f577e143845dd852d,-1,-1
28867,IS1312002fecc6e75a1b4c6,-1,-1
28868,IS1ba09a5de65ee3621198f,-1,-1
28869,IS1881437173e9a15f78aa5,-1,-1
28870,IS162f30e5e8be425774d30,-1,-1
28871,Nhine,-1,-1
28872,IS19bca627434dbf4b98d01,-1,-1
28873,IS13e3a64b55176df02a9d5,-1,-1
28874,IS13a6a0c88762b38d97f65,-1,-1
28875,VXyodd2w7M,-1,-1
28876,IS113b6310d1b17bafc98ff,-1,-1
28877,IS1c0b44e0162f8dc4ea237,-1,-1
28878,Imwgsgtys4,-1,-1
28879,IS150a05bec1772b798591a,-1,-1
28880,darktemplar424,-1,-1
28881,IS14774c3ee26cd87e3f0df,-1,-1
28882,CasualT3a,-1,-1
28883,nfV061Vta3,-1,-1
28884,IS10e50a1f789d6bdf396bc,-1,-1
28885,Skitterling,-1,-1
28886,IS1171f1349ce64dc0529c9,-1,-1
28887,Onegun,-1,-1
28888,d dd d d qwsd q,-1,-1
28889,IS188fe64c756f330c11598,-1,-1
28890,infobiter,-1,-1
28891,IS1778fe3fc122c1b2e3202,-1,-1
28892,a68KEa7kNb,-1,-1
28893,JerichoHM,-1,-1
28894,IS1089233379be996f7bbdd,-1,-1
28895,Kaesemuffin,-1,-1
28896,IS1e25cd518da38b02af653,-1,-1
28897,Tyroine,-1,-1
28898,IS166a8ab324313cfc45300,-1,-1
28899,IS1bbfc879f505df7122e2e,-1,-1
28900,IS1fa0ab83a053e89b9866a,-1,-1
28901,Frozen,-1,-1
28902,WeToddDid,-1,-1
28903,IS1cf820b8ac1d6e77f69fd,-1,-1
28904,IS10d0062065a7657486c8e,-1,-1
28905,IS1a2058dd5855564c6b5ea,-1,-1
28906,IS1fe99cc2d6dbd64e1319c,-1,-1
28907,IS1e6abcf9ebe52b57a61a1,-1,-1
28908,IS1ce12be0faf0958263356,-1,-1
28909,IS1a4ba0b5685dbd875c2fa,-1,-1
28910,IS19d6209d8356fca703f13,-1,-1
28911,happyfluffykitty,-1,-1
28912,IS1fc3fa896bb3ebcd47ee7,-1,-1
28913,IS14dc2c97d12877dd7cd8c,-1,-1
28914,IS177f5d77f534687f46691,-1,-1
28915,Dolank,-1,-1
28916,Gashar,-1,-1
28917,IS1dda93b96f3bfaee56c1c,-1,-1
28918,O Doggy Fresh,-1,-1
28919,IS1362f5f588135883d37b6,-1,-1
28920,IS1f44e3bf7f79d4f1f5593,-1,-1
28921,SkillYoSelf,-1,-1
28922,Happy Ciel,-1,-1
28923,IS1d949dcf019ce06a2ae95,-1,-1
28924,IS15d02cbc6959c1145e886,-1,-1
28925,IS1f293c9a687412f78cc6f,-1,-1
28926,Samanok,-1,-1
28927,IS1d1fce58c8794e90c5840,-1,-1
28928,IS11b24a803ff3b7d61734b,-1,-1
28929,IS1c612e5ff6b96c64e2465,-1,-1
28930,IS14b3a901f25f66e7f911e,-1,-1
28931,fejdakin,-1,-1
28932,IS1a0b88ce4a16d38f53e37,-1,-1
28933,thecowsmeow,-1,-1
28934,IS14f437f169de31d370f1b,-1,-1
28935,IS187619c396282057de79a,-1,-1
28936,IS1c6fda612026c7cf70140,-1,-1
28937,IS1115379ecf1765e027c36,-1,-1
28938,Christop,-1,-1
28939,IS144b1e09f2702f50e775b,-1,-1
28940,1337db,-1,-1
28941,IS1f3a6b9a11d6ca58c4057,-1,-1
28942,IS1c97965b156b23136c1c9,-1,-1
28943,ALPHABETAclly,-1,-1
28944,Starswords,-1,-1
28945,IS1e6a27e0697a11918958e,-1,-1
28946,IS18b8e73fe7b865fd36bde,-1,-1
28947,IS135cf3f9d762aa6acaa45,-1,-1
28948,IS18b2485fe6b57ac0c6b1b,-1,-1
28949,Chad Warden ABAP,-1,-1
28950,Idol,-1,-1
28951,P13lyHU0vB,-1,-1
28952,Krangbot,-1,-1
28953,ClownFox,-1,-1
28954,IS16af397177a53a709860e,-1,-1
28955,IS1d0903f0b39042fb55753,-1,-1
28956,IS1e62aab5e6dcd475d1a32,-1,-1
28957,IS1f1400527d32a286f63ad,-1,-1
28958,IS182d0fa8919c666fa4710,-1,-1
28959,Z2 Aya,-1,-1
28960,IS12eaaf63f44ce341c08a7,-1,-1
28961,kl0wn,-1,-1
28962,IS1cd584364696695b075de,-1,-1
28963,IS1b5f3cc748bfe9f68b472,-1,-1
28964,bLanked,-1,-1
28965,IS1e2e5a7b573c151cfe64e,-1,-1
28966,IS1cebfa39a613c3c59c3e2,-1,-1
28967,Mixomatosis,-1,-1
28968,ArcticSl0th,-1,-1
28969,IS1630382026fc43ba12869,-1,-1
28970,IS11a77dad1fa90ced28eaa,-1,-1
28971,IS1ae2f4ced909341741792,-1,-1
28972,IS179e8e8b85252f1bfe005,-1,-1
28973,IS18ed6229ba2da69234a14,-1,-1
28974,JPM70NgP3M,-1,-1
28975,JamesFrosty,-1,-1
28976,FiddlesMcGee,-1,-1
28977,Loeron,-1,-1
28978,IS1026488d8ffeeea82fb8a,-1,-1
28979,Keojin,-1,-1
28980,Z2 Insane,-1,-1
28981,seriousadam,-1,-1
28982,IS135f35f70175031cb4697,-1,-1
28983,pimpkillah,-1,-1
28984,IS19a47831eeea9854a29a2,-1,-1
28985,IS1177cb0942bf4620eac11,-1,-1
28986,Arminel,-1,-1
28987,European account,-1,-1
28988,IS12c1ebbcb63c52542825f,-1,-1
28989,IS19a97ad293c680a215696,-1,-1
28990,Athran,-1,-1
28991,IS17da0e75c898a89bc4097,-1,-1
28992,IS12ede561ad7e3cbdd2757,-1,-1
28993,FeniXbc,-1,-1
28994,IS1ea9a6cbe6c6f6e812cde,-1,-1
28995,IS1c828db4806df02b88cfb,-1,-1
28996,DjinnAndTonic,-1,-1
28997,KKND,-1,-1
28998,IS1780ca37daff6501c60a2,-1,-1
28999,IS11aeba278f7885ddb8d35,-1,-1
