32000,Pwned panda,-1,-1
32001,IS187aa9f7a83de8586c016,-1,-1
32002,IS18bb4ddeead82d229441a,-1,-1
32003,Xedap,-1,-1
32004,HssbbsrdEdghc,-1,-1
32005,IS10c3ce9f7a1516a62e587,-1,-1
32006,IS190f28408a41df0924160,-1,-1
32007,Noradeth,-1,-1
32008,Omnomnomics,-1,-1
32009,IS1ee739f61b49c659a25f5,-1,-1
32010,Fleshharrower,-1,-1
32011,IS19449e54fa33d1879db76,-1,-1
32012,IS1c63b1a738968656ce939,-1,-1
32013,ching128,-1,-1
32014,IS1f535f8e41969d0319e06,-1,-1
32015,MushyWaffles,-1,-1
32016,IS12650a3f77605c634b2d9,-1,-1
32017,IS1cc5a1514a05b6c5a172a,-1,-1
32018,Sickening Fats,-1,-1
32019,IS1946f1236281a3b4ddc81,-1,-1
32020,IS1a020f9e345fd6cb3dcaa,-1,-1
32021,IS1567e41e4efe843b42dcd,-1,-1
32022,IS1fca1d318ba330cb2140a,-1,-1
32023,mighty huy,-1,-1
32024,pandastar,-1,-1
32025,IS137f47e6c20a256045cc1,-1,-1
32026,IS14b4297446a1b23b0b3e1,-1,-1
32027,Goatbane,-1,-1
32028,IS17e5fd086ad26541740cb,-1,-1
32029,IS1ece66bfc2859d7b1df96,-1,-1
32030,Eigor,-1,-1
32031,IS1f2007b650aea104ac5c1,-1,-1
32032,IS199d4406eacc7e898b258,-1,-1
32033,IS14977e75a9321cbc6413e,-1,-1
32034,1BKLmSyoK9,-1,-1
32035,YummiiKrista,-1,-1
32036,IS1379353243b15bf77c560,-1,-1
32037,EngageWarpEngines,-1,-1
32038,icpeyesin,-1,-1
32039,JCuzzi,-1,-1
32040,FuyuYuki,-1,-1
32041,IS115a671a25d08b07f1e51,-1,-1
32042,Xandaril,-1,-1
32043,Thallun,-1,-1
32044,IS113f88bc7c2d855e963a5,-1,-1
32045,IS1310dfffc60459c4d1c78,-1,-1
32046,IS1cc30e734c8201ae46d5c,-1,-1
32047,Inahk,-1,-1
32048,IS1fb7ba24ca81f38cac114,-1,-1
32049,Ghost2311,-1,-1
32050,IS1161216483cfaf7ad8333,-1,-1
32051,IS131483cb7dbbf6fc1fea9,-1,-1
32052,IS164bf63dcc323945aecae,-1,-1
32053,Flail Bot,-1,-1
32054,IS184221cd84aec455fdcad,-1,-1
32055,raynefall,-1,-1
32056,IS124ef8dc2a8ea42503bf4,-1,-1
32057,IS1a88697227d16d33d7012,-1,-1
32058,IS1cd4523eb187d543a65b5,-1,-1
32059,Germzilla,-1,-1
32060,IS118f43ad5a5274e7d437c,-1,-1
32061,MadNerd,-1,-1
32062,DarkLawnGnome,-1,-1
32063,CriioeG,-1,-1
32064,IS1bd103faadb6c9ae0ad1f,-1,-1
32065,Mijinkiyo,-1,-1
32066,Friedbeefjerky,-1,-1
32067,IS1c018cf0586ee96bb9227,-1,-1
32068,EnjGdZ0IOf,-1,-1
32069,7O3aYweMWi,-1,-1
32070,IS10b800aaa1251b561c14d,-1,-1
32071,IS1e3136f27b5e6ac12aca1,-1,-1
32072,Kaaletram,-1,-1
32073,IS19b053e683be7c62e2cff,-1,-1
32074,Dongathon,-1,-1
32075,FrozenTwinkie,-1,-1
32076,choppy,-1,-1
32077,dinos1986,-1,-1
32078,Karmah,-1,-1
32079,imnotjames,-1,-1
32080,6vGEMJI5Ld,-1,-1
32081,Progheed,-1,-1
32082,IS1b8d42ab30baf36bc70e5,-1,-1
32083,DurnValo,-1,-1
32084,Donkiepunch,-1,-1
32085,IS16a87ba9f8ce13564234a,-1,-1
32086,IS122ff683a5a23dc239683,-1,-1
32087,SO SPlCE,-1,-1
32088,IS1a5c30b84d36435f99094,-1,-1
32089,Evandro,-1,-1
32090,IS1b3151c453c764cfaf1ca,-1,-1
32091,IS15dd5bda141d7761e38e4,-1,-1
32092,IS1a7274439efccbdaa8c40,-1,-1
32093,IS175e90f1491c11b758a77,-1,-1
32094,Phildeeznutz,-1,-1
32095,IS13261efde5b7ff7c9d422,-1,-1
32096,IS10cb95ff9168746896768,-1,-1
32097,karmu,-1,-1
32098,IS15ba1e65d7f41c8090f61,-1,-1
32099,Drugen,-1,-1
32100,IS1b9fb30d6992ccc821c9d,-1,-1
32101,fLoReaN,-1,-1
32102,IS1b9d57f35dc4424b892fb,-1,-1
32103,IS12b4af19c2ac94b536bfa,-1,-1
32104,jenovaschild,-1,-1
32105,minty0,-1,-1
32106,IS108ded145994ef2b906d7,-1,-1
32107,Vallithor,-1,-1
32108,IS1e5987819b83fc055cb33,-1,-1
32109,IS19fc5418f59234d55eecf,-1,-1
32110,IS11ad870248833660fdff8,-1,-1
32111,IS1785e7c983630e787bb58,-1,-1
32112,m5OcHjD15G,-1,-1
32113,S T A R S,-1,-1
32114,IS157d4c1cd180d42d91182,-1,-1
32115,bhorridge,-1,-1
32116,dakro,-1,-1
32117,IS16585144b89a9d2890c7c,-1,-1
32118,IS171bd9eef46ed6da69398,-1,-1
32119,IS1877af9e4f86af207c469,-1,-1
32120,1nv1n,-1,-1
32121,IS17069a68471d5b3b5bd63,-1,-1
32122,IS10eb276c83f6530bc7f63,-1,-1
32123,IS1dc5025f60ee6f5cb4298,-1,-1
32124,h4ter 4 life,-1,-1
32125,IS1eb24248fe91b3411e42a,-1,-1
32126,Rammus Gonna Ram,-1,-1
32127,GM1337,-1,-1
32128,IS1d3ff7f45556ad117f48a,-1,-1
32129,IS152357168c5899a82bccd,-1,-1
32130,zaisan,-1,-1
32131,IS1b82ffab9301d2d72a625,-1,-1
32132,IS1bbff4cfd811606745cd8,-1,-1
32133,Jaggro,-1,-1
32134,Drellgor,-1,-1
32135,Grimtooth,-1,-1
32136,Rearay,-1,-1
32137,IS1b8ba6bd98224365ed43d,-1,-1
32138,Batholomeus,-1,-1
32139,KratosJKT,-1,-1
32140,IS161b916697ba7f095f98c,-1,-1
32141,8pJGWrdJEE,-1,-1
32142,zaizdras,-1,-1
32143,VaMpStRiKe,-1,-1
32144,Dome,-1,-1
32145,IS166a1cacd0fb4b8644671,-1,-1
32146,IS173fa5a9070258528a905,-1,-1
32147,IS1d3168c472b237f37b43a,-1,-1
32148,IS19eeed5086689a8a905d9,-1,-1
32149,Cr3amCh33se,-1,-1
32150,IS1b605bb3abdec33573855,-1,-1
32151,Blarg9k,-1,-1
32152,bMsaTmYCXm,-1,-1
32153,IS14dce6b9c6f8ca4c28ad5,-1,-1
32154,IS139044df81b56aa7667f3,-1,-1
32155,ICKJKmEZRo,-1,-1
32156,IS1fb4e5b4736dac6bc525b,-1,-1
32157,IS184a2cc7696582bcd39a4,-1,-1
32158,IS19f9a040f90a9f042b046,-1,-1
32159,IS1c9ad83e82c989a6d3c23,-1,-1
32160,IS1ce526eb40ffce9440f75,-1,-1
32161,IS13e0713278dd6cd49c502,-1,-1
32162,IS1ddfd5f3f010d5507e13e,-1,-1
32163,IS17c85df8c8e940f3ed965,-1,-1
32164,bohender,-1,-1
32165,Zombeez Returns,-1,-1
32166,massiveguns,-1,-1
32167,Bakuashen,-1,-1
32168,IS15d2537336920d33c85e6,-1,-1
32169,Ninjaporn,-1,-1
32170,Ransack,-1,-1
32171,IS1050a6b9ff605ed3864fb,-1,-1
32172,Kanktank,-1,-1
32173,poulrus,-1,-1
32174,iF LoD,-1,-1
32175,IS111738d399b187ddea317,-1,-1
32176,n5eWBEhzlK,-1,-1
32177,IS1419180916d7eb6d29599,-1,-1
32178,IS13b0cb8b753e7ce8f0307,-1,-1
32179,MrCantbebothered,-1,-1
32180,IS1b31148d3229797c8e3c3,-1,-1
32181,bacflip,-1,-1
32182,Digitalpirate44,-1,-1
32183,EvilChoco,-1,-1
32184,hyCQvxAInu,-1,-1
32185,bigbem,-1,-1
32186,IS166651048b4b2086d5b5a,-1,-1
32187,IS1d5818ebf5eb128f0de13,-1,-1
32188,IS1d6b943f8eba0dbaac3c8,-1,-1
32189,Fenrisar,-1,-1
32190,IS1ec9365aebdc9542616a0,-1,-1
32191,playforkeepz,-1,-1
32192,Oldmangray,-1,-1
32193,IS117483ac74c19ca10381d,-1,-1
32194,JlFKQCBSaG,-1,-1
32195,Vagatarian sF,-1,-1
32196,IS159e84008db87c8c1106c,-1,-1
32197,2bNFF8SJU2,-1,-1
32198,Squael,-1,-1
32199,IS19872ffe1902a16286563,-1,-1
32200,IS14b6cf6b99f10916325bc,-1,-1
32201,Jaystar86,-1,-1
32202,IS1e6d890a8f82f75c94a2e,-1,-1
32203,IS12ada11fbe8c64342be26,-1,-1
32204,IS1b35b4527160c7aacd2df,-1,-1
32205,The Condor Hero,-1,-1
32206,IS19c5060ae88ef7b2faf70,-1,-1
32207,IS1c4fbc98789c5303a7a3c,-1,-1
32208,IS12d3e89f307c10d71ebb0,-1,-1
32209,IS1bee67ef879eb8dd796cb,-1,-1
32210,IS19a464bf6584c3d9d7051,-1,-1
32211,Daaku,-1,-1
32212,IS117e388e1f286163b130b,-1,-1
32213,IS1e965b9a5e5ee9c8965b1,-1,-1
32214,IS1bb9e1625d65aae66491a,-1,-1
32215,dustinbalsagna,-1,-1
32216,IS16ee8b17d41858f80bb2c,-1,-1
32217,IS14f12b0705acba0ed409e,-1,-1
32218,YoSoO,-1,-1
32219,Toberman,-1,-1
32220,IS1862b6a4fe6c40e474641,-1,-1
32221,IS1b302e0f0d17f59d08a10,-1,-1
32222,IS1ffe967089b43666e4844,-1,-1
32223,IS13cc2ffd24ddfb8ee4b4c,-1,-1
32224,IS1c2a557d3193855f3773e,-1,-1
32225,IS182c8790a015fb912f677,-1,-1
32226,IS124b9b88943cb8794c776,-1,-1
32227,Stylze,-1,-1
32228,IS12823d37da3071facc9d0,-1,-1
32229,kaento,-1,-1
32230,Mr Koopa,-1,-1
32231,HawnLee,-1,-1
32232,Onlyzuu1,-1,-1
32233,i2mNKVat9h,-1,-1
32234,IS1dcd0eea6ef6e8f4790a6,-1,-1
32235,IS145f92be8094007e338f5,-1,-1
32236,IS1a6277a576f50af1d387b,-1,-1
32237,IS10493242d9d104389c7df,-1,-1
32238,IS10b63fc8143ff18cab6f1,-1,-1
32239,IS114e379c3061e65193a35,-1,-1
32240,IS1290bb5cb27596845f186,-1,-1
32241,shalexih,-1,-1
32242,IS1404aeecc86a670e50766,-1,-1
32243,HappyJacks,-1,-1
32244,Sheep Landey,-1,-1
32245,IS16acb17e0a51adbd374bf,-1,-1
32246,IS177d8b1071d5fd2b4c91a,-1,-1
32247,Deferio,-1,-1
32248,IS1b589c5b262d72a395c4f,-1,-1
32249,IS1cc664226b3d4b8660cd7,-1,-1
32250,IS1e1ddf71ec316a9ddefc7,-1,-1
32251,IS11a3e981e909506c0b5cc,-1,-1
32252,IS1ec401567724ae89d6c4b,-1,-1
32253,IS196b4d67d7ef9a0edf1f9,-1,-1
32254,IS1607f8acd53d6954ebcaa,-1,-1
32255,IS1163d98a5e91b3a1c737c,-1,-1
32256,IS18401e93441d7f174ad00,-1,-1
32257,Fazuul,-1,-1
32258,Menonn,-1,-1
32259,Sneakykorean,-1,-1
32260,IS1babd678ca505f4e04f4d,-1,-1
32261,IS10e49b1cbc3b66c65a22e,-1,-1
32262,SilvisLaW,-1,-1
32263,Sabelas,-1,-1
32264,IS1489671ff1733c1dd0eae,-1,-1
32265,IS14f7b8a997233f02f3273,-1,-1
32266,IS13d3af68f7d4003f796b5,-1,-1
32267,IS108de84a2fc8b92305691,-1,-1
32268,IS1dde10750f0b7031dcb5e,-1,-1
32269,IS106e614f7ff02e7b22fde,-1,-1
32270,IS154f7fecd2fb80419572f,-1,-1
32271,IS1b64f9ca84fbb763fe500,-1,-1
32272,IS1b0874226a3eb6d20b38d,-1,-1
32273,IS17a950be0386ba0e43157,-1,-1
32274,Porich,-1,-1
32275,IS1106d9117905e58eb0951,-1,-1
32276,IS1bf411f8eaae5204ffdfe,-1,-1
32277,IS12b65dae06d56d48b8073,-1,-1
32278,IS19dc939750d1104c8a7f2,-1,-1
32279,IS127dad06cc706baf81a70,-1,-1
32280,IS13142771b03cad25cfc79,-1,-1
32281,IS1a4378988e8191304a914,-1,-1
32282,Master Rivu,-1,-1
32283,IS1f379f44c93dc844acd62,-1,-1
32284,phuphighter,-1,-1
32285,Garrett is a Bastard,-1,-1
32286,Fiox,-1,-1
32287,IS19bc21f0eec123b85119d,-1,-1
32288,Darthangel,-1,-1
32289,vinclim0912,-1,-1
32290,Sianon,-1,-1
32291,IS13a8ab20092edeacf2ff0,-1,-1
32292,OhSleeper,-1,-1
32293,IS128e5f1631932d6e5c382,-1,-1
32294,IS1df0db46886555ae8cca5,-1,-1
32295,IS1033b28694aa1c830b330,-1,-1
32296,Rhalp,-1,-1
32297,IS1868235b1851b87492a39,-1,-1
32298,IS1621616d15c0a82f58016,-1,-1
32299,IS1cf67416ab6d2abf34d46,-1,-1
32300,IS1aea3f907428563a4437c,-1,-1
32301,IS15528f185ebbd3f344307,-1,-1
32302,Wslchwsrghss,-1,-1
32303,IS1019a9d5909d771fdef61,-1,-1
32304,IS1b437182d4c27536b43c2,-1,-1
32305,IS11cd15bf516c1961ea0b0,-1,-1
32306,IS109a34ef4bb9605ec5ba9,-1,-1
32307,IS11043db00bea461f55d33,-1,-1
32308,IS1e62de9d8496a0b7c33f8,-1,-1
32309,IS16860ca392b2b06d5643f,-1,-1
32310,Khuzd,-1,-1
32311,IS1e2ac683f842e34831256,-1,-1
32312,mpoe,-1,-1
32313,oplag,-1,-1
32314,j00ce,-1,-1
32315,IS17369b95f15d8d806128a,-1,-1
32316,IS166349e1bd614cba89796,-1,-1
32317,IS12a1fe70c2d18aa6289d3,-1,-1
32318,IS11d3496e7e6609a197521,-1,-1
32319,IS171111dfca121ae9cdc14,-1,-1
32320,IS1b1bf3ff447e6292aaa3a,-1,-1
32321,IS1de5c7a690992128111da,-1,-1
32322,Angeliccc,-1,-1
32323,IS1e88067e51bfd2bb0c50e,-1,-1
32324,IS1c2698ba7704faedeaf82,-1,-1
32325,IS1115a1bd761ec64bd2c55,-1,-1
32326,IS171ce7a126a71d7ac507d,-1,-1
32327,IS1d13e8eaf3276fec6769a,-1,-1
32328,Slowmad,-1,-1
32329,Reportmyname,-1,-1
32330,IS187f62fc8619ae288236f,-1,-1
32331,IS19b5246e4b11990fb8184,-1,-1
32332,Mitch3dsvs,-1,-1
32333,IS16a5bbede9b710b12b0c7,-1,-1
32334,Zevon,-1,-1
32335,IS137e9374dd85cd2233d3c,-1,-1
32336,qbertp,-1,-1
32337,IS14ca5abe30785d226d695,-1,-1
32338,kinizsi858,-1,-1
32339,IS1f503d6508ebea2945200,-1,-1
32340,IS17cd38fe084c40325e479,-1,-1
32341,IS12a3153149069672e626a,-1,-1
32342,Wojas,-1,-1
32343,PUA Gosu,-1,-1
32344,IS14c61c9516cf488344005,-1,-1
32345,IS11389a1a583bda03540bd,-1,-1
32346,IS10ad6d5c27933d9aa8ef3,-1,-1
32347,IS1cb75c1cb8ea5cc55c0cd,-1,-1
32348,IS124fd1bf3055bf98c2678,-1,-1
32349,IS1dc2285a4d98d10bc228c,-1,-1
32350,IS1a2a6a192697de248fd77,-1,-1
32351,IS1ce5755740cbfaae04e7c,-1,-1
32352,IS1c29d800c8c1523d009e2,-1,-1
32353,IS166c292689023e6c22e09,-1,-1
32354,IS1e52eb21b3e33d464dd83,-1,-1
32355,AquaBlue,-1,-1
32356,Gunhed,-1,-1
32357,BobbyJack,-1,-1
32358,Schpain,-1,-1
32359,IS17e0f41cf74c280927314,-1,-1
32360,sLxbYwRC6N,-1,-1
32361,IS19bd9597f4b03217e8fff,-1,-1
32362,IS1bb16c654383299bc7740,-1,-1
32363,IS14eb96bc92ed51b8e5f94,-1,-1
32364,IS10df5043cf5673a197ce0,-1,-1
32365,SaltLick,-1,-1
32366,IS183249829baf38f28cb25,-1,-1
32367,IS11b1f704be4396af294ac,-1,-1
32368,IS142c45540de606eb57534,-1,-1
32369,IS1144a1f97ac8883514a8c,-1,-1
32370,Thirteen0013,-1,-1
32371,IS17bd418876e88d42f1bfa,-1,-1
32372,IS169ee6854a8c70aa78689,-1,-1
32373,IS195d23d420b323f28c613,-1,-1
32374,IS1b4e611dc2bdcaa9a6cc4,-1,-1
32375,IS12131ccbfe12d0a0fa0af,-1,-1
32376,38IOfNP1jI,-1,-1
32377,IS1bd84c86db33b225828a4,-1,-1
32378,IS13fdece94e55dea899444,-1,-1
32379,IS11c36765ffb4c04a86f35,-1,-1
32380,IS18a8cda8a30a3c35963cb,-1,-1
32381,IS1194468cf78fa7dc1cb99,-1,-1
32382,IS1271cd60a9cb5ac5e862b,-1,-1
32383,Spars,-1,-1
32384,besthijacker,-1,-1
32385,IS1a707db6dfae2a3551504,-1,-1
32386,IS1652919d07f02c6de8608,-1,-1
32387,IS1037050c550acf1b6d183,-1,-1
32388,IS10f61a75c8dbfdf78b61b,-1,-1
32389,IS1342fd6c3fce3d49106a4,-1,-1
32390,IS109da18951116349397c4,-1,-1
32391,IS19df1473a02c463ebb11e,-1,-1
32392,IS1d343906d085ba0500783,-1,-1
32393,IS170de28eaf291774d94db,-1,-1
32394,Val Capone,-1,-1
32395,ShiShanks,-1,-1
32396,IS15c63b4bf03cd90582cab,-1,-1
32397,Cyko,-1,-1
32398,IS101d28e6f13e361008545,-1,-1
32399,IS1789d1d83178002a9b07f,-1,-1
32400,Urganot,-1,-1
32401,Gradlush,-1,-1
32402,IS1568a0f8524fcce92b6bd,-1,-1
32403,Oi3LY7R4Ff,-1,-1
32404,AmishElf,-1,-1
32405,IS1f469275039d7ad17380c,-1,-1
32406,IS13b5f12b4dd19575edf62,-1,-1
32407,IS1bee4a1f05558d0d34b3f,-1,-1
32408,IS1f75ac1bc2269f1e2a58e,-1,-1
32409,Narrel,-1,-1
32410,IS1fead09767e79b7ee4326,-1,-1
32411,IS1f1e9d37a453da0385b3b,-1,-1
32412,IS1abf60cf5abe86e9b0465,-1,-1
32413,DaGreenMachine,-1,-1
32414,IS1f26faaa44e79476af2f0,-1,-1
32415,SoothingACTION,-1,-1
32416,IS1eeb014d31dce575faa61,-1,-1
32417,Lopatnik,-1,-1
32418,IS1910a6e9016c9a58ee9bb,-1,-1
32419,IS1eb9ad09f15443be54561,-1,-1
32420,IS1efb62d56f6090cf943eb,-1,-1
32421,IS11e6732dbb644bd52d6fc,-1,-1
32422,IS1e3e0e687573af8f7e1fa,-1,-1
32423,IS1e98dee11852a48215193,-1,-1
32424,IS1f1fd4facb51a89229e09,-1,-1
32425,oneincher,-1,-1
32426,hishong,-1,-1
32427,IS15311a8b922614a675764,-1,-1
32428,IS130d49e255de822a921cf,-1,-1
32429,IS173d75687e1db220d74de,-1,-1
32430,IS1fb29e2a74a181f06560f,-1,-1
32431,Protectoris,-1,-1
32432,IS17d6128d3c292102b5730,-1,-1
32433,IS167d5d793e720ca3f2da2,-1,-1
32434,xjie,-1,-1
32435,IS1584f4087404f6a84866d,-1,-1
32436,IS1f5098a0a57a29558ed31,-1,-1
32437,edtgreselyssRghc,-1,-1
32438,Piet,-1,-1
32439,IS101d7098534835e2ca260,-1,-1
32440,IS14dea6dfeef9c4fc5ece9,-1,-1
32441,IS14c1bc64bb26038c3841e,-1,-1
32442,IS13275b60878669bba0be0,-1,-1
32443,IS1f625744239ef1c60e5e8,-1,-1
32444,Matchita,-1,-1
32445,IS1762cf59f50e09159ca84,-1,-1
32446,IS110b453eb63028f4f770a,-1,-1
32447,IS1d1de09b779f4f97ca59b,-1,-1
32448,IS1c46255d00263c715c9d4,-1,-1
32449,IS102b2d8297ab009bbef0b,-1,-1
32450,IS1641db1e7badbfbe9240b,-1,-1
32451,IS11d4bb13ef7c59076be56,-1,-1
32452,IS14ddf543e7a76356de13c,-1,-1
32453,IS11b0b4751bce524a94c4b,-1,-1
32454,IS1c74c8c6dd02123836612,-1,-1
32455,IS195a5a58b40173eb7abfd,-1,-1
32456,IS1b693713eb0de173f6937,-1,-1
32457,IS13521170fcaa92e24bbfb,-1,-1
32458,IS1afe662cc8c922cc35ecf,-1,-1
32459,Feyz0r,-1,-1
32460,IS10d50d5200128a455979d,-1,-1
32461,IS1fed58ed8483bf205990b,-1,-1
32462,IS19f71e128a380cbb0c64e,-1,-1
32463,IS12f4c297dc23606a0fedf,-1,-1
32464,IS141587cabab631a81f89e,-1,-1
32465,IS1557c40cbbd0273d5083b,-1,-1
32466,sdfdsfgdsfdsgdsg,-1,-1
32467,PhearzMeh,-1,-1
32468,IS196a3adb59e6d0ec7e9dc,-1,-1
32469,CassiusCinna,-1,-1
32470,IS1e31e2474cac0fd74bb40,-1,-1
32471,IS157680b14408c30c53a11,-1,-1
32472,Ranfel,-1,-1
32473,IS1f07a005c3c9de446436d,-1,-1
32474,IS1822a8509e75eaaaa3762,-1,-1
32475,IS18a0f707dc24326038c8a,-1,-1
32476,LilAb,-1,-1
32477,IS18307a0e91a10c608d675,-1,-1
32478,Euphorbia,-1,-1
32479,IS13fef4bd6cde9eb72be0a,-1,-1
32480,IS1a1dda729c02c9cfa4dea,-1,-1
32481,Bendery,-1,-1
32482,IS1b38bcc3e61c975f3e7f3,-1,-1
32483,IS14022d50c45dbd3be1f9a,-1,-1
32484,IS15c5ceab4d8702ffdf7bd,-1,-1
32485,IS165c3002b712383c4cfc2,-1,-1
32486,Gigarayzor,-1,-1
32487,IS1a41f0875755cca6fdc5e,-1,-1
32488,Shoogun,-1,-1
32489,Furoya,-1,-1
32490,IS196b0a96239fe8481f208,-1,-1
32491,Excidium,-1,-1
32492,Z34UjEJPWJ,-1,-1
32493,IS17ff55d0b928bf21b2d0f,-1,-1
32494,IS1f935b4500b8391c0ddeb,-1,-1
32495,IS14ccf77df86be93a43d5a,-1,-1
32496,IS17b8045c68492c5f43682,-1,-1
32497,IS144f68ca184d2696ec807,-1,-1
32498,IS1439175f357d1d543e6e3,-1,-1
32499,IS1c30a7f870d4024076553,-1,-1
32500,IS149f89634d06546d454c4,-1,-1
32501,IS1b5e662f49e8c031ed0d5,-1,-1
32502,IS191a77a8bf45f2bdbac78,-1,-1
32503,bLdeden,-1,-1
32504,IS1497a5bd64847085f5603,-1,-1
32505,IS17a1da41f5af48f1818f0,-1,-1
32506,Croyd Crenson,-1,-1
32507,IS1dbb10067989ea36f38cf,-1,-1
32508,IS11ac2f4d58e0a45621922,-1,-1
32509,IS1c2f9c68a65575d7fa7eb,-1,-1
32510,IS1e297c6365f23dbedd92c,-1,-1
32511,Rekka,-1,-1
32512,IS17382b54abe58f8dd31a3,-1,-1
32513,lchiban,-1,-1
32514,IS113596a1be1534a791c3b,-1,-1
32515,IS12524890797e9e0f29899,-1,-1
32516,IS1a559cb7403cd0121d5c1,-1,-1
32517,IS1c8fa0d584db91ca5fba9,-1,-1
32518,IS11337b5286a02bfbae6a0,-1,-1
32519,I like the Style,-1,-1
32520,Quantum Sheeps,-1,-1
32521,IS131074f2d9f16adb2ea71,-1,-1
32522,IS17497ff945ea4c695073b,-1,-1
32523,IS1214d24718690a39f67e9,-1,-1
32524,IS19807d24869fd9ffb1700,-1,-1
32525,IS10f26f14ba3583,-1,-1
32526,IS18427195669e68a0016cb,-1,-1
32527,IS1ac4e9a1a1f619f539b51,-1,-1
32528,IS1eae3e41be1456f28aa17,-1,-1
32529,IS1f29a32e41242e2fdf55a,-1,-1
32530,mercurion,-1,-1
32531,IS18abb3e8fe7238c6103ac,-1,-1
32532,Janet,-1,-1
32533,IS15cde2b1a1f338a06a086,-1,-1
32534,IS16a396fe53361b0f3553f,-1,-1
32535,IS1d558f357434c6686a565,-1,-1
32536,Redoubt,-1,-1
32537,IS1fc02708427c7b8fada90,-1,-1
32538,IS19a1166fa15753157ea11,-1,-1
32539,IS10b8e6f421bd0bd33056c,-1,-1
32540,IS1f13b47c8da3aebd12ad1,-1,-1
32541,CaptTentaclesTim,-1,-1
32542,IS1123c2b3c61f0283eeaea,-1,-1
32543,IS1be0665abf1354689014d,-1,-1
32544,IS1ff991e894e5f577e53e6,-1,-1
32545,MFMTUDZH1,-1,-1
32546,Tuqiri,-1,-1
32547,IS100be28badfcfaed92b99,-1,-1
32548,IS11ed7d13cdec4cc2a6340,-1,-1
32549,IS1765c79d8745c5ae7e0c2,-1,-1
32550,IS12c5394bf8ba9911d66ea,-1,-1
32551,UnleashTimTebow,-1,-1
32552,IS1ff8ff653522c48a3a327,-1,-1
32553,beefyjerkyum,-1,-1
32554,Percolat,-1,-1
32555,Kristie Qual,-1,-1
32556,IS118b7bf374189df696ede,-1,-1
32557,IS19f45820e6df11e801f88,-1,-1
32558,IS1f543db9fed5c03f6e29c,-1,-1
32559,IS19081a9985ba58f5c3ad6,-1,-1
32560,T0il2m6nb9,-1,-1
32561,IS11802066ba28a4f8d959f,-1,-1
32562,IS10011db5b660c463f325f,-1,-1
32563,Braen Kloud,-1,-1
32564,z0QNWgGAWn,-1,-1
32565,IS1474d12c4a05a1ef50598,-1,-1
32566,IS1a972e4d810f6bd181881,-1,-1
32567,IS1aa748b087caa061fdf94,-1,-1
32568,IS1e49d68d1ed2c3481a36a,-1,-1
32569,IS1a70a088659ac5d80a3af,-1,-1
32570,IS1d0cd0efd90b5c2182243,-1,-1
32571,Jeleasi,-1,-1
32572,IS1a64af0201c75de9e12c0,-1,-1
32573,macdre707,-1,-1
32574,ZoGoff,-1,-1
32575,IS19207f81bf13a7210a5ec,-1,-1
32576,IS115639a51915b4b7917bc,-1,-1
32577,skoot,-1,-1
32578,IS1e6bdfdb879afead2f39c,-1,-1
32579,Dun8ko6EkX,-1,-1
32580,IS15b5a25f333e5ce7f3f42,-1,-1
32581,IS14d01b27b529f4e9bae7e,-1,-1
32582,IS1f1633ad91f9f0e870da7,-1,-1
32583,IS104cde54da6c7cb7ba701,-1,-1
32584,QPsw9xywfC,-1,-1
32585,IS1a82c8adbad3912cb6b5d,-1,-1
32586,Rafoids,-1,-1
32587,IS12451045bd30dd347821b,-1,-1
32588,IS1871ee8acfc834622791f,-1,-1
32589,BudmanIV,-1,-1
32590,Fatalis,-1,-1
32591,IS1fc1b3fbef0018e0773a0,-1,-1
32592,IS123b9c19b35a4a09b989b,-1,-1
32593,IS199e630613862e62a06de,-1,-1
32594,IS149d618129c45511b5cad,-1,-1
32595,IS19b0c0fdb83c1c4d8b3e0,-1,-1
32596,IS1c5ccd69f544fce81f5a6,-1,-1
32597,IS118e50c7ec204618abb3f,-1,-1
32598,IS1042bae95680a60789701,-1,-1
32599,IS1667418d251769277200c,-1,-1
32600,IS1cc5483dc318bcbbf8d0f,-1,-1
32601,IS195aa6e4d1962101d336d,-1,-1
32602,Ix3iV4BW7d,-1,-1
32603,IS12e7c879e010041cc0d29,-1,-1
32604,IS12f0ea3fa54515ff0dc08,-1,-1
32605,IS1f9664f41efb0c07e9461,-1,-1
32606,IS15aa9a5ab21f76159ff3d,-1,-1
32607,IS1cc1b8556a8868469a55b,-1,-1
32608,IS1f98b3a9de74ed0be9ecf,-1,-1
32609,IS18637154b348ac946c963,-1,-1
32610,IS18e3fe0c9624d709f2fde,-1,-1
32611,IS1b95a44c848293b3d586b,-1,-1
32612,IS1ffe90944824f53364ed9,-1,-1
32613,IS1ffe5fa7383a7bfee2beb,-1,-1
32614,IS11d8a2a2a05770f1a3395,-1,-1
32615,Necromonius,-1,-1
32616,IS1de568dfeef21fea8e5f2,-1,-1
32617,IS18c698d4800fd00be9533,-1,-1
32618,IS1b6c92061f717b147db71,-1,-1
32619,BOKEP,-1,-1
32620,sflow,-1,-1
32621,IS13b4653ab81fa42161a4a,-1,-1
32622,IS169ecebb1acfc6748b4fe,-1,-1
32623,IS14d649f235cd521c8b8cc,-1,-1
32624,IS1ec0ac07cb501db562b47,-1,-1
32625,IS1adbfd8b7e9328fc0f0d1,-1,-1
32626,IS13909b9297f07351739b2,-1,-1
32627,Skaze,-1,-1
32628,IS1ae5cff036e366de104cf,-1,-1
32629,DaedaluS,-1,-1
32630,IS191045d7bd8a39bff5d0b,-1,-1
32631,IS1af316014430acdcfa78c,-1,-1
32632,IS117a2fcea7e7f720c734c,-1,-1
32633,Darth Awesome,-1,-1
32634,Bob Maid,-1,-1
32635,IS162556621b49222ccf78f,-1,-1
32636,IS1c029d38adcc2d157027a,-1,-1
32637,IS19fbd4600299e4e7706ed,-1,-1
32638,IS18ce19a65dbfc61d6e87d,-1,-1
32639,Dresdal,-1,-1
32640,IS1f9ab6beb7a7cc0872f20,-1,-1
32641,deadjack,-1,-1
32642,IS10beb0464a8a8288ab931,-1,-1
32643,NullMaster,-1,-1
32644,Intersol,-1,-1
32645,IS1f5c614db5d48447871d1,-1,-1
32646,IS10480823a98cf49ed061a,-1,-1
32647,IS1fd0336394f370163d43c,-1,-1
32648,sddsdfsfdsfds,-1,-1
32649,IS1e7c94c75231aa830dfee,-1,-1
32650,IS1f35a2bb4105e85ff9957,-1,-1
32651,admanb,-1,-1
32652,IS1c49332e769d5fe78898c,-1,-1
32653,IS119234f7eb081c20d87ac,-1,-1
32654,IS1bcf427da3e7bd696a73f,-1,-1
32655,JayBreezy,-1,-1
32656,Nightbird,-1,-1
32657,ZyBVPtpLzl,-1,-1
32658,sgtjackal,-1,-1
32659,MicahES,-1,-1
32660,Streitcr,-1,-1
32661,IS110ef417c8e52fe96cc94,-1,-1
32662,IS1e109dbb5b96fd7aae4e8,-1,-1
32663,IS15e233fb20c2e475c7970,-1,-1
32664,IS1cc3aa74cf59301228626,-1,-1
32665,4QJnXjVyZj,-1,-1
32666,1PPV4lZ02p,-1,-1
32667,Lexforce,-1,-1
32668,IS1a8f9e8403033b7444f34,-1,-1
32669,IS18bc380bef39264f7fbb8,-1,-1
32670,IS19e69afe1e025d0ff8d1f,-1,-1
32671,IS19059767d5af370618046,-1,-1
32672,Phillmore,-1,-1
32673,ASmJD4Lx04,-1,-1
32674,wKW7F7YHHZ,-1,-1
32675,Cheenz,-1,-1
32676,IS14fb4658780f317085ddb,-1,-1
32677,Allatu,-1,-1
32678,Potato Lee,-1,-1
32679,gsOLZ00Yb2,-1,-1
32680,Pekk,-1,-1
32681,Mythos,-1,-1
32682,IS11c230b512eed3695a7e1,-1,-1
32683,IS156181cde376c247209c8,-1,-1
32684,IS120b9237cac812c1019f8,-1,-1
32685,IS1d2bc2ca54b3405e641d0,-1,-1
32686,IS1e916891b91645367a32a,-1,-1
32687,IS1ee75a103500e772d1ac3,-1,-1
32688,Fizz0nmyj4yce,-1,-1
32689,IS1a875892de1a197002f5f,-1,-1
32690,IS1ef0d52fb31dee10ea5a1,-1,-1
32691,IS14f8de73557dc4c264c53,-1,-1
32692,IS1f1c3909858553f094a35,-1,-1
32693,Teiran,-1,-1
32694,Mr Razorface,-1,-1
32695,IS1072aee9c07cf4442b238,-1,-1
32696,IS183beaa5af3e1905773db,-1,-1
32697,ubiqutious,-1,-1
32698,CaptainUnderpants,-1,-1
32699,gafvk,-1,-1
32700,IS1e5bde67da64ea2010562,-1,-1
32701,IS14941235298b2e5fb678f,-1,-1
32702,IS10a82b0585c1011f97d7e,-1,-1
32703,IS171fda4133b730b054d09,-1,-1
32704,IS199dc8054041bc90be347,-1,-1
32705,IS196faef1cb51b5517732f,-1,-1
32706,Farilis,-1,-1
32707,IS1d374692ca3d65509d771,-1,-1
32708,Crazybrae,-1,-1
32709,Alaiac,-1,-1
32710,Dontinquire,-1,-1
32711,IS14d06550912d2a5c1f314,-1,-1
32712,IS190e9af21101206b54248,-1,-1
32713,IS15b4d860c4af4c9f1eea7,-1,-1
32714,Colbyy,-1,-1
32715,IS1e5b70d7465c28eed4088,-1,-1
32716,IS17791d5bcdd3e91c617a7,-1,-1
32717,IS1076e34f393efe9019ed2,-1,-1
32718,IS102b3ca7e545d509be7e6,-1,-1
32719,Phiring,-1,-1
32720,IS130e178cd52820e063396,-1,-1
32721,IS1bee9ef68c74d76a50ec4,-1,-1
32722,IS118d3e64f4904d659c3e4,-1,-1
32723,Exirrel,-1,-1
32724,IS1ea6a0cb96d6b7c780f59,-1,-1
32725,fghdgfhjdtgyj67,-1,-1
32726,g1GIlb1XJk,-1,-1
32727,IS17832f02987c16a5d7f11,-1,-1
32728,YoyoYogurt,-1,-1
32729,panthroq,-1,-1
32730,w00tz0r,-1,-1
32731,CLG FineWhore,-1,-1
32732,IS1b98d6a41b41cab45fe6c,-1,-1
32733,HellMister,-1,-1
32734,IS17efe47c421645d19f2f1,-1,-1
32735,IS1589df528d2bdd69b6b03,-1,-1
32736,Nica2Nica,-1,-1
32737,Warmog,-1,-1
32738,IS18d893bb7b5fa1fdcabcc,-1,-1
32739,Groovetron3050,-1,-1
32740,So many coconuts,-1,-1
32741,Reaata Lbasemaa,-1,-1
32742,IS1998a580ee5222ca63f28,-1,-1
32743,IS19456c2613f3bc84de1e4,-1,-1
32744,IS1e6cf9343ff9b2585e67c,-1,-1
32745,IS14ee98c07ce83a5e39cff,-1,-1
32746,AylBlue,-1,-1
32747,Cookie1,-1,-1
32748,IS16f7d827ac8e157b722f0,-1,-1
32749,shadowvice,-1,-1
32750,IS1f01d8f1f94a8b0b1f97b,-1,-1
32751,M9NWNlNZtp,-1,-1
32752,IS1fda207fbc03d30f4e77c,-1,-1
32753,IS1dfeb2f7f883fd067887b,-1,-1
32754,IS112aa3947547bc7c83fa9,-1,-1
32755,IS13821134d814887982635,-1,-1
32756,IS17472b111e5fef377b46e,-1,-1
32757,1havnSzUcJ,-1,-1
32758,h4J0n4O71y,-1,-1
32759,DvCe0AT6jJ,-1,-1
32760,IS1a74a2f45e5ebe7f5c92f,-1,-1
32761,Roflstrike,-1,-1
32762,IS1837f496d5efe3a5b878c,-1,-1
32763,VolCM,-1,-1
32764,IS1b6586229fc477d77ab09,-1,-1
32765,evolutionx1,-1,-1
32766,IS16a7b11432fb3c698f10c,-1,-1
32767,melaton1n,-1,-1
32768,Rokfreek,-1,-1
32769,IS1cbd3302a26fdb40d0b41,-1,-1
32770,GameTimeGreg,-1,-1
32771,IS1df36ea69da7bee48304b,-1,-1
32772,vWIBrhIdRb,-1,-1
32773,n7qvswt2mY,-1,-1
32774,pezzy,-1,-1
32775,IS1124c430f41b7413bcdb0,-1,-1
32776,IS13908a8397eb3a6bbb45b,-1,-1
32777,IS11c8cde2b3bbbd9c3b744,-1,-1
32778,IS18d4c640974e88c4c1b2a,-1,-1
32779,cygnus,-1,-1
32780,IS135dc9ca1f15c72f13e0e,-1,-1
32781,Aokban,-1,-1
32782,VCCYMPWZ1,-1,-1
32783,IS12a1fc11cc41033a7b76f,-1,-1
32784,IS15e401166cb6cbfd53b1f,-1,-1
32785,Dagos,-1,-1
32786,IS1b3e153cdfced9024d514,-1,-1
32787,bldwerwichell,-1,-1
32788,IS1d85cdc62c00083ea4871,-1,-1
32789,IS193dbb2d1cbbac77eb59b,-1,-1
32790,IS1de66943d8025b3fa7e33,-1,-1
32791,Sarkazein,-1,-1
32792,Mr Agana,-1,-1
32793,Marcos,-1,-1
32794,fXNXuOJxLT,-1,-1
32795,IS1356a4b872fa0857e540c,-1,-1
32796,DatSmurfizzle,-1,-1
32797,IS15149a995245284f2c62e,-1,-1
32798,IS1569567e62e86357dc118,-1,-1
32799,IS1b226541c17d5b92034c1,-1,-1
32800,Blacksurt,-1,-1
32801,Zairia,-1,-1
32802,IS13c981378b1c2960e2871,-1,-1
32803,IS1480f7b5565085552ed21,-1,-1
32804,IS1521138ee3d5b5e9e4514,-1,-1
32805,IS10ab6cd2a273912d51767,-1,-1
32806,IS14fb371e4c8e66bde7b3b,-1,-1
32807,IS1f8df5c422232fe758c5d,-1,-1
32808,IS1ccf5c2c0dd2a6254a7a4,-1,-1
32809,ra1MoQqeGo,-1,-1
32810,Pythux,-1,-1
32811,IS1fc1e6b3f78778d48c67d,-1,-1
32812,IS10917f4c11a449252b048,-1,-1
32813,IS1724f90ef5135b2899251,-1,-1
32814,Klinkin,-1,-1
32815,Mrtakeiteasy,-1,-1
32816,rdCiJlbAZt,-1,-1
32817,CrsLonin,-1,-1
32818,IS15718fb7f85797028d9fe,-1,-1
32819,xjapan,-1,-1
32820,ALaURY8GzL,-1,-1
32821,Desmonte,-1,-1
32822,IS1df454ab869c32d22f029,-1,-1
32823,IS1c64f62d77277c4af5c66,-1,-1
32824,magfrump,-1,-1
32825,Oligator,-1,-1
32826,IS106dbd803a0fa5ece533e,-1,-1
32827,IS1562400a0cd1111471d6a,-1,-1
32828,IS1f1b8a981bb023b363043,-1,-1
32829,IS1b062774d395dac7280a2,-1,-1
32830,IS1acc6f2d3d5850cacae28,-1,-1
32831,OXICLEAN,-1,-1
32832,superdarkbob,-1,-1
32833,IS184b93800b97f217cfd38,-1,-1
32834,hOTm1vYdPm,-1,-1
32835,punjabistick,-1,-1
32836,IS1dd4c33a51d173a220b77,-1,-1
32837,IS119bd1d0925e3aeb26f86,-1,-1
32838,IS1cd6535770dbe5e638a02,-1,-1
32839,IS128cf270c4d7af3798b03,-1,-1
32840,BigBohtah,-1,-1
32841,IS11bd95a11e66e9b8324a7,-1,-1
32842,IS11c91e7696c92ba188715,-1,-1
32843,IS15dbb3b1d6d94c2157df5,-1,-1
32844,U5DZi0wm4g,-1,-1
32845,IS1438109dd51bfbdfd2eda,-1,-1
32846,IS1bb1755a43cc4f9be9dc6,-1,-1
32847,Aiuv,-1,-1
32848,IS195991d9ead4e57696ec3,-1,-1
32849,IS164650913cc80a50d4d78,-1,-1
32850,moblienymph,-1,-1
32851,Illuwin,-1,-1
32852,Shpeckinator II,-1,-1
32853,IS1d338f24228a80e9c62b9,-1,-1
32854,IS1fab2fea045403bedfb1f,-1,-1
32855,Southern Senpai,-1,-1
32856,IS1102fb56edc9f88de45fb,-1,-1
32857,IS1484f6731b0d778f8cc2e,-1,-1
32858,Ajai,-1,-1
32859,Dirk,-1,-1
32860,IS1a5db2663dc798cbb64ff,-1,-1
32861,IS1c4d45892fe3ab22a846a,-1,-1
32862,Houds,-1,-1
32863,kazinova,-1,-1
32864,IS1aea484f4384134824c69,-1,-1
32865,AAFgyp1rix,-1,-1
32866,IS195030f2a634a56e19042,-1,-1
32867,IS13a6ca81ca314500535f8,-1,-1
32868,Acxthedark,-1,-1
32869,Osir1s,-1,-1
32870,IS1debda3f4df29549bf5fb,-1,-1
32871,Augs,-1,-1
32872,IS167f23a1b6dee06f1f66c,-1,-1
32873,zdman,-1,-1
32874,IS174d4c16da3186f2b9be0,-1,-1
32875,IS149d39e2328a007ffb4fa,-1,-1
32876,IS124414be94770dba45137,-1,-1
32877,IS1c2e693df4a6206c71b00,-1,-1
32878,IS1f15e2cd7f7f737931518,-1,-1
32879,IS1af9723fcfeade897b7fb,-1,-1
32880,Demnok,-1,-1
32881,IS106f1672c912bd16b4e7b,-1,-1
32882,IS1f80e32d5b155a7bf6197,-1,-1
32883,Bricklayer,-1,-1
32884,demondealer,-1,-1
32885,IS1691357188406c25cadf8,-1,-1
32886,IS1a6db70e5e4f1cd1f7a02,-1,-1
32887,IS199026ddcbae5f0f67ef0,-1,-1
32888,Kobalt,-1,-1
32889,IS18e94ed5b0f4b477097fc,-1,-1
32890,Mbk5KclJ21,-1,-1
32891,d0uglaZ,-1,-1
32892,IS16b9e6b4bd5ab99904afb,-1,-1
32893,IS175a582fa8305bae74fcd,-1,-1
32894,IS11a61f9e2fb94daefbfb6,-1,-1
32895,IS1e946fb068f6b604ea868,-1,-1
32896,salteran24892,-1,-1
32897,SoCal Dabs,-1,-1
32898,IS150ec6ba7cce1e82f04d2,-1,-1
32899,Handman,-1,-1
32900,Bulgar,-1,-1
32901,IS198af6fb846125dd80314,-1,-1
32902,Mim Tiller,-1,-1
32903,IS10f214058d84fc7aba126,-1,-1
32904,IS18f1b1d02014a0b91a7c9,-1,-1
32905,IS1385bcf5453dee7f0591f,-1,-1
32906,IS1cd670413a9ce474c814d,-1,-1
32907,IS1eada053a189cb95d88de,-1,-1
32908,BishopofBlood,-1,-1
32909,IS1617d041802a8813d6d66,-1,-1
32910,IS1639fb9c31e75355dfae5,-1,-1
32911,Bunnson,-1,-1
32912,Meleaguant,-1,-1
32913,IS153f1b118e0dadc52f9ba,-1,-1
32914,IS16433afcb3c00c56209d0,-1,-1
32915,IS1b14a02c2fb5499046766,-1,-1
32916,IS15ca0d6d06fd06a37ff6e,-1,-1
32917,Rhino56,-1,-1
32918,IS1b7483a0c79502cd8c571,-1,-1
32919,IS1ba8a3aadbbf1999a2382,-1,-1
32920,IS191ac670eb590ea7f8a77,-1,-1
32921,IS141e7cc59f718a5cc6213,-1,-1
32922,Malphes,-1,-1
32923,IS1936bda7ac43bdcb32449,-1,-1
32924,IS1ba2268a701ac6bb80cf7,-1,-1
32925,IS1b51b5852dc9a08092d47,-1,-1
32926,Warrior Poet,-1,-1
32927,IS165bd59d7093454b8d8d5,-1,-1
32928,v535gamer,-1,-1
32929,ZGAHy51TRA,-1,-1
32930,Dire747,-1,-1
32931,IS1655ccffee7f306a81888,-1,-1
32932,IS15d8ead4a18b1e830d504,-1,-1
32933,BoomTown,-1,-1
32934,Pendray,-1,-1
32935,IS1533f338ec3847320b0d1,-1,-1
32936,rolls,-1,-1
32937,Ralgarog,-1,-1
32938,Izalor Dantin,-1,-1
32939,Silverioos,-1,-1
32940,Arcaner,-1,-1
32941,corunir,-1,-1
32942,IS129da382df8717f41a8b1,-1,-1
32943,IS176fc4c32a41f19dad179,-1,-1
32944,IS19a98d9d9fa9145b7cca8,-1,-1
32945,IS158f45c97a98864ad067b,-1,-1
32946,Bliiz,-1,-1
32947,Walleye,-1,-1
32948,IS113d95eb34c39c6fb59b0,-1,-1
32949,IS1d589371b58b6f3a695b7,-1,-1
32950,IS13fa2db268f88cca0fd7f,-1,-1
32951,AtomicDiego,-1,-1
32952,IS19dbcb155bfe047377890,-1,-1
32953,thegazettepl0x,-1,-1
32954,Enderdejorand,-1,-1
32955,muiy,-1,-1
32956,IS127490903f1d2a49da9b9,-1,-1
32957,Kisho,-1,-1
32958,IS1a073ab5158d0a58a4bb1,-1,-1
32959,IS1bbcc28244c0c00f8089d,-1,-1
32960,IS11b9a5d6737f21171bcc7,-1,-1
32961,IS187d3f310d3fc1cd94fc6,-1,-1
32962,ItryHARDinPubs,-1,-1
32963,IS17170a77cc98cc908684b,-1,-1
32964,xhlKuYB6vD,-1,-1
32965,IS18558546a42770711ed62,-1,-1
32966,IS1d16dea22ca045c684182,-1,-1
32967,IS165a7e3f6c413a30c3b31,-1,-1
32968,IS1bbf46165926f98c9418c,-1,-1
32969,IS109721df10dd1abfeae21,-1,-1
32970,Floodge,-1,-1
32971,blzzrd,-1,-1
32972,IS1807721dddb3cf623ed90,-1,-1
32973,IS172c8b82b7d1ece3c07b6,-1,-1
32974,IS142e965e53b0a85354bd3,-1,-1
32975,IS10aa85f2fb4b97682190f,-1,-1
32976,TMaç,-1,-1
32977,Bu2F83hRqU,-1,-1
32978,IS171801589ea08667466f0,-1,-1
32979,IS1c1d3f78ba2f8744a653b,-1,-1
32980,Eugina,-1,-1
32981,Zellyqbear,-1,-1
32982,IS13fd83b0125ad4e9b2f92,-1,-1
32983,IS11d84b4e832c1aa0005e3,-1,-1
32984,IS12372383929e6d8f7de0e,-1,-1
32985,ADGHVn6Xtc,-1,-1
32986,RHL03WUO84,-1,-1
32987,IS19845f83ff215eb10c452,-1,-1
32988,IS14716877ebf47579352e3,-1,-1
32989,IS163605c64a2afbee14366,-1,-1
32990,IS168fb6e18a7e2de543002,-1,-1
32991,IS117ad713c907fdada37d1,-1,-1
32992,I HAVE THE AIDS,-1,-1
32993,NiftyX,-1,-1
32994,sdfsdfsdfds,-1,-1
32995,IS1320ebc9692558107b536,-1,-1
32996,IS1780f6bf6cf14e12c063f,-1,-1
32997,WaxeD,-1,-1
32998,IS11b17d0192b40d1d041de,-1,-1
32999,Setekhra,-1,-1
