33000,Krowsly,-1,-1
33001,Swineavionix,-1,-1
33002,Somakatsu,-1,-1
33003,Zadith,-1,-1
33004,IS1180b893a1776ae281820,-1,-1
33005,IS1c8182dc984fd544a4f07,-1,-1
33006,IS1bb942488b1996b2d6c27,-1,-1
33007,IS1502810bbe54a398e1dac,-1,-1
33008,IS137bfde132463d77ac17d,-1,-1
33009,IS110f8a4918a64350c92ba,-1,-1
33010,IS1c0fdca43fda781fd1062,-1,-1
33011,evYugi,-1,-1
33012,IS1ec57e134f8f3efce0e8d,-1,-1
33013,rAqnoDIhnE,-1,-1
33014,IS1fa59e122b5ad6f2da83c,-1,-1
33015,j6yCTNXRt8,-1,-1
33016,biggiy,-1,-1
33017,TheResolution,-1,-1
33018,BlazingEmperor,-1,-1
33019,Warch,-1,-1
33020,Al GOOre,-1,-1
33021,Tinman,-1,-1
33022,IS14dc5b670a2ffcc67dbc7,-1,-1
33023,PMRFed,-1,-1
33024,IS1a6b2aaf39d00667f7dbb,-1,-1
33025,IS1c18cb3786a7d96780aa1,-1,-1
33026,Philoni,-1,-1
33027,64u7Rm2xA4,-1,-1
33028,IS1602b619b6d8ae567bb59,-1,-1
33029,IS143d90baa6e132b414b1b,-1,-1
33030,IS1713258bb51b894c085ea,-1,-1
33031,ViXoZuDo,-1,-1
33032,IS1d5f3de817714c17d64cd,-1,-1
33033,Valianth1,-1,-1
33034,IS1f74db73175ba5429ec11,-1,-1
33035,BeckaX,-1,-1
33036,OqQaKaN5lF,-1,-1
33037,IS14f4e8eb4b7194575e1e4,-1,-1
33038,Sadza,-1,-1
33039,IS1119029e5ad06fe039644,-1,-1
33040,Furhands,-1,-1
33041,Slinkyzz,-1,-1
33042,IS1eadc9f7915a90d91aa92,-1,-1
33043,HugableBear,-1,-1
33044,IS1000f58d3b0f57bc83964,-1,-1
33045,IS1cc7067f93df32d3ab1cb,-1,-1
33046,IS1fdb307d636dd3972171a,-1,-1
33047,IS169e14489202ab2a296be,-1,-1
33048,IS12344e119750b0cb6ce1b,-1,-1
33049,IS1b87813b7cc0d703b7d9d,-1,-1
33050,PheNOM07,-1,-1
33051,IS15f0067ea4243c44a5028,-1,-1
33052,IS148602d84d27b2d741133,-1,-1
33053,kithios,-1,-1
33054,IS13d8d192d865b8ce49faf,-1,-1
33055,Thelynt,-1,-1
33056,Tazarok,-1,-1
33057,IS12d37fc12e8aa4abf7e86,-1,-1
33058,NC5kkgMfTC,-1,-1
33059,s1jZNqjYLd,-1,-1
33060,IS12843cdb2260dd0055694,-1,-1
33061,IS124248e56383cd5349856,-1,-1
33062,KurtRussell,-1,-1
33063,IS1ffd6341ef930ad5dc94a,-1,-1
33064,t5sDVNlUIf,-1,-1
33065,PapaSnuff,-1,-1
33066,gyome,-1,-1
33067,IS1ba0356d81db8d8dde70f,-1,-1
33068,IS1afb683a16c324f740515,-1,-1
33069,Strobius,-1,-1
33070,IS1ad8469415b24f9e13fea,-1,-1
33071,IS17814843c08149489dc12,-1,-1
33072,Fingermo,-1,-1
33073,IS1585b6dffad00b6c3d19e,-1,-1
33074,IS197a4d255b4df13d8ffde,-1,-1
33075,PinkSnoopy,-1,-1
33076,KromaV2,-1,-1
33077,3WKtXP0N2c,-1,-1
33078,DuSteef,-1,-1
33079,IS12b133d6db84a22df8dd4,-1,-1
33080,Big Woozy,-1,-1
33081,IS18d72658717f3d3d135f7,-1,-1
33082,IS146dd9e6bd1162c9cfb60,-1,-1
33083,IS1b587f63193032da45961,-1,-1
33084,ThatSlotBekka,-1,-1
33085,IS1a04990671a4da604ff17,-1,-1
33086,xj3r3myx,-1,-1
33087,Valryn,-1,-1
33088,IS11daea7ad4f5bab21e7dc,-1,-1
33089,ChiefPoonGod,-1,-1
33090,IS11b341f845d6903b80e62,-1,-1
33091,IS142ae117dbaff02e5f7c7,-1,-1
33092,bomberbob6,-1,-1
33093,IS1755ca40df716874ff32e,-1,-1
33094,yDwPCEbHds,-1,-1
33095,Shelteredmom,-1,-1
33096,IS1cd94f44733de18ea736b,-1,-1
33097,FAPKINS,-1,-1
33098,IS15a2c8eec5cdbd2299ad3,-1,-1
33099,IS198a59715fd4bb89d5e39,-1,-1
33100,IS13b01058f16f6e398b69c,-1,-1
33101,patatitesko,-1,-1
33102,Latomique,-1,-1
33103,1tIxpM55C6,-1,-1
33104,hotchair,-1,-1
33105,IS195ef2f93d8851c932e9d,-1,-1
33106,IS129e49e8fe0d2fd26d577,-1,-1
33107,koula,-1,-1
33108,Mashugana,-1,-1
33109,hOK6u4QQo8,-1,-1
33110,IS171aeb3557011787c11cd,-1,-1
33111,Zakas Wang,-1,-1
33112,ahmmmmm,-1,-1
33113,IS10e98cf7c33c582d2c3b8,-1,-1
33114,Timlan,-1,-1
33115,IS15e2d78b10ac123bb2a97,-1,-1
33116,8ighty8ight,-1,-1
33117,Omegareaven,-1,-1
33118,IS16a8099182c4d83191291,-1,-1
33119,IS13a4d5fc379bf96fabea8,-1,-1
33120,Care,-1,-1
33121,Satamoto,-1,-1
33122,IS16328782352c6d1cea205,-1,-1
33123,vladstormpike,-1,-1
33124,IS12f702ba41b53941ccdc8,-1,-1
33125,hlm3ZrMGmd,-1,-1
33126,IS124e4a93cfa88131b4185,-1,-1
33127,IS140776f9caf88e48fd6dd,-1,-1
33128,Menguele,-1,-1
33129,Rhoxork,-1,-1
33130,Cermet,-1,-1
33131,IS19fa357123f438e1d0407,-1,-1
33132,Redstar,-1,-1
33133,IS1bda7a60420406dcb4fc0,-1,-1
33134,Sinistra,-1,-1
33135,IS161957c24c0fc38861bd0,-1,-1
33136,IS14ba580cc93345e2c6775,-1,-1
33137,IS1c1b7c5b322f161cdcf0b,-1,-1
33138,IS1463d96c343cc0682c6fb,-1,-1
33139,IS13d6fecc68ea485e32c99,-1,-1
33140,HVxnmhSKMe,-1,-1
33141,bakakai,-1,-1
33142,IS1d1701464b76fc7872103,-1,-1
33143,IS1cfcef2e90cd705df5bf5,-1,-1
33144,IS1d1a1c71bd27f92c0869c,-1,-1
33145,maraxus94,-1,-1
33146,Yegnud,-1,-1
33147,Eastwood,-1,-1
33148,IS1caaadb505ab52c682786,-1,-1
33149,closs11,-1,-1
33150,tKxElOD7n2,-1,-1
33151,IS1d16cff399438c09c3fb4,-1,-1
33152,zeUno,-1,-1
33153,IS150373e9a5121703034a1,-1,-1
33154,Kyoshin,-1,-1
33155,MrWezzle,-1,-1
33156,LDwNmisVjG,-1,-1
33157,IS1fd1275226368f76f59d3,-1,-1
33158,Siflus,-1,-1
33159,IS19d6724c1e6ecacf0f8c9,-1,-1
33160,blueskye,-1,-1
33161,IS1de704e51ed05e5d306db,-1,-1
33162,IS1cc64db06d1001676c913,-1,-1
33163,IS1f655534893019447d118,-1,-1
33164,Z3 Sealine,-1,-1
33165,ninjai,-1,-1
33166,Beedy112,-1,-1
33167,Babouu,-1,-1
33168,IS1ec1302e3b8518554d1c5,-1,-1
33169,IS15685be7824a01ace7350,-1,-1
33170,IS1bf630e1693d502be299b,-1,-1
33171,Mehk,-1,-1
33172,Tibbers,-1,-1
33173,Crg68,-1,-1
33174,IS15c4d0a22d903d41ebf2d,-1,-1
33175,IS11b3a0505949bfa5f181f,-1,-1
33176,Neoviper,-1,-1
33177,IS108af7e2bbda4f46445ca,-1,-1
33178,Ded Game,-1,-1
33179,Esauce,-1,-1
33180,IS1e6d7fd4fc607cb65c45e,-1,-1
33181,PonPon,-1,-1
33182,dRONek,-1,-1
33183,IS1b60c2e3dc164e2b1f849,-1,-1
33184,7mlN3APC16,-1,-1
33185,htE,-1,-1
33186,IS1f1d6f1decc14e1ccb05e,-1,-1
33187,ESF Strife,-1,-1
33188,IS1b1bdcc2af1ffa99022f4,-1,-1
33189,LWKJ,-1,-1
33190,iStroke,-1,-1
33191,SlothChampion,-1,-1
33192,gmfaux,-1,-1
33193,iHippie,-1,-1
33194,IS10f069c2e609348abfc77,-1,-1
33195,Jayce God I,-1,-1
33196,Chompers,-1,-1
33197,Morzas,-1,-1
33198,IS19adb12cd8b015520d51b,-1,-1
33199,IS16c51abac608d51afa607,-1,-1
33200,AsXoP,-1,-1
33201,IS1edcc283f59dae4bcdc43,-1,-1
33202,wcgoh,-1,-1
33203,IS1954c8a781d31f83166b7,-1,-1
33204,Delfofthebla,-1,-1
33205,IS1d63fc14b1178cfd8d997,-1,-1
33206,IS1fda938f73af62259c7e0,-1,-1
33207,IS179fb680ac438824048bd,-1,-1
33208,IS1c074eea2bd2ad6b0851d,-1,-1
33209,stowned,-1,-1
33210,IS12b5cbd289c8471ff7ace,-1,-1
33211,tF3XdKncZW,-1,-1
33212,IS1381873ec2207506aa62a,-1,-1
33213,IS1b60145835654b541b443,-1,-1
33214,NarKeLioN,-1,-1
33215,Harllequin,-1,-1
33216,Chechof,-1,-1
33217,AnnBear,-1,-1
33218,IS140a58cc1dbf24855dd26,-1,-1
33219,Caustic,-1,-1
33220,2zOjwRctSi,-1,-1
33221,IS1ecf48381d76e16c143ba,-1,-1
33222,J4eIvkFTuu,-1,-1
33223,BlitzKriege,-1,-1
33224,IS153232baf69748ec96457,-1,-1
33225,IS1d0c5cd741edb9ae24d81,-1,-1
33226,IS143597fc3758b29dbe9ff,-1,-1
33227,Haruchi,-1,-1
33228,IS154ec44a890080c4e4fc0,-1,-1
33229,Akkim,-1,-1
33230,Precious Preston,-1,-1
33231,IS1c5a4fa96ba0c75dd7de2,-1,-1
33232,IS1633a1537cfa054833703,-1,-1
33233,IS175594477989a6098627d,-1,-1
33234,IS1518fcf1694d875ff259e,-1,-1
33235,Orsen,-1,-1
33236,IS1d08674ebf1784ea8f3fa,-1,-1
33237,IS14a551aac833db0baf14c,-1,-1
33238,IS16ccb1ae4d1c1d29ce9af,-1,-1
33239,IS14a819d5945713a67e174,-1,-1
33240,Krazystraw,-1,-1
33241,IS1d2a8d01036aa1e0eeda2,-1,-1
33242,Boopsi,-1,-1
33243,IS1da61d6b95433e2db89a1,-1,-1
33244,IS185ce939641039a212de4,-1,-1
33245,IS14fecdb409658f08df693,-1,-1
33246,Phyrex,-1,-1
33247,bigolfish,-1,-1
33248,jeremiahhhh,-1,-1
33249,j0k3r5an,-1,-1
33250,IS1c0d5ab824361d92cba34,-1,-1
33251,IS155ec6dc7ac0590baf52d,-1,-1
33252,IS13999917feb3a31afec8d,-1,-1
33253,IS1ea73c52fc5c746840b16,-1,-1
33254,Kitaris,-1,-1
33255,IS13e1ddb8f5764ddf8834f,-1,-1
33256,IS1d8b28137801625a24524,-1,-1
33257,Moffafa,-1,-1
33258,Sphen,-1,-1
33259,Mightyvvhitey,-1,-1
33260,IS192b7d499ef4739e8ffc9,-1,-1
33261,IS1670f13cffa0f38a8d775,-1,-1
33262,IS1a1820d18efcd9160dbd4,-1,-1
33263,IS19ad0067ab7ef5a06daa4,-1,-1
33264,IS141a96dde26c626062207,-1,-1
33265,IS1fe8b1d65d814fb68e477,-1,-1
33266,IS1314f682359cd4851c342,-1,-1
33267,SoLDieRx24,-1,-1
33268,Juannaclo,-1,-1
33269,IS11c146325d7dfb664c09d,-1,-1
33270,IS195a1dc1d01d4dfc6e272,-1,-1
33271,UltimateMale1,-1,-1
33272,IS1dfa82a33d943abb0b8b6,-1,-1
33273,Masalin 619,-1,-1
33274,FlowerViolence,-1,-1
33275,linkalex,-1,-1
33276,Kanonji,-1,-1
33277,Daschal,-1,-1
33278,Intile,-1,-1
33279,ninjaturtledude,-1,-1
33280,IS194a82b9d376d39efdace,-1,-1
33281,IS1c2f7779585ef3f9102f0,-1,-1
33282,IS1bb30e7bb43248f54dc17,-1,-1
33283,false idol,-1,-1
33284,IS1754b78be3d9709965276,-1,-1
33285,Magroodles,-1,-1
33286,IS1dbcfd808b001f0bb8d69,-1,-1
33287,Nes6o6,-1,-1
33288,IS1be85dec249c9c11d8e35,-1,-1
33289,Saric Krass,-1,-1
33290,AngrySquirrel,-1,-1
33291,Spahm,-1,-1
33292,Shushio,-1,-1
33293,Ben Dragneel,-1,-1
33294,Savage Felon,-1,-1
33295,Archirond,-1,-1
33296,gdwPvsvl,-1,-1
33297,IS17673735c3baf4bf63b71,-1,-1
33298,Xenvleid,-1,-1
33299,IS1f08d55c7d6edf05eafe7,-1,-1
33300,Sinc,-1,-1
33301,Nerubian,-1,-1
33302,IS17e45c72cba48b091cbd9,-1,-1
33303,IS150d4bc066c5026dc7437,-1,-1
33304,Aksimus,-1,-1
33305,IS15dae50b0ce6c62959fed,-1,-1
33306,Cyrane,-1,-1
33307,IS1d3da0fef86743fe142f2,-1,-1
33308,IS1e75cafa24ec9b9530352,-1,-1
33309,IS1e43b350159093c4401bd,-1,-1
33310,Phyxx,-1,-1
33311,IS1e3386d7df8c34dccb1d2,-1,-1
33312,The Illustrious Orgzilla,-1,-1
33313,IS123188afd6326c1ccd15b,-1,-1
33314,Zeatious,-1,-1
33315,IS114eef5cb64d16d685a73,-1,-1
33316,ComradeBrad,-1,-1
33317,IS12b58bfc892041bd2b0e9,-1,-1
33318,IS1ddf581f02abecf0fac97,-1,-1
33319,Nyghthawk,-1,-1
33320,IS1e720c0a940b9cf8101a9,-1,-1
33321,IS134f3a437e429724078f9,-1,-1
33322,IS12ac488fc4595df350a9a,-1,-1
33323,Dittox,-1,-1
33324,Defenestr8ed,-1,-1
33325,IMT Dardìck,-1,-1
33326,End3rLike,-1,-1
33327,yooyoo honey sin,-1,-1
33328,IS1d7ffa2a7a9ffc9d555ca,-1,-1
33329,IS113e156495fe26f8e64cd,-1,-1
33330,IS19fc4a4e0af7edf6fa9f0,-1,-1
33331,IS145ab391dcef95c06b788,-1,-1
33332,xSeven,-1,-1
33333,HanTheHero,-1,-1
33334,IS1c41cb551e104181e0004,-1,-1
33335,IS12bac2479280f775d1fb7,-1,-1
33336,IS13251e52c40213cf9a78d,-1,-1
33337,neegawu,-1,-1
33338,IS183748512ced1c72c5da3,-1,-1
33339,AnanaZZZ,-1,-1
33340,IS15b7916e5e9cbbbab739e,-1,-1
33341,1tjQDEcFPF,-1,-1
33342,IS1bd19ec1969b5127ae616,-1,-1
33343,9ciwj9Jiha,-1,-1
33344,IS11b3f9c62b1857f4a0e81,-1,-1
33345,IS12180eb73465d8f5a5cd5,-1,-1
33346,IS11f3f36e1c123974f7ca7,-1,-1
33347,Khangfucius,-1,-1
33348,Violent NaTioN,-1,-1
33349,IS1500c8bc5cf26c73db07b,-1,-1
33350,IS1a0983e006ec371a1b274,-1,-1
33351,IS1c7a7840b3548fe19ffda,-1,-1
33352,flipstar916,-1,-1
33353,iPoveLussy,-1,-1
33354,IS14f47dc1bd7520a7b2b59,-1,-1
33355,IS18857eba8e3531c96fa06,-1,-1
33356,IS127132d6097582ec1722d,-1,-1
33357,IS1c7a473f1520a583918c0,-1,-1
33358,IS1b5cd92e42773de154b0b,-1,-1
33359,IS158381278c767399ec80d,-1,-1
33360,IS1cdb475d07522426292cc,-1,-1
33361,IS11837f75b77a2e4e6013b,-1,-1
33362,IS1a4470f2516488e70c61f,-1,-1
33363,IS15429dd5309b4bea2eb0c,-1,-1
33364,netjeans,-1,-1
33365,IS193ae9aa25f2885a828cc,-1,-1
33366,IS12480f079ce6bdd49af8a,-1,-1
33367,Asianbaron,-1,-1
33368,IS152e476fe29e3d9eae992,-1,-1
33369,IS14eaf91d22d2b2ba54f52,-1,-1
33370,IS1dca112eef1dd0ca26bed,-1,-1
33371,IS1483feb86b0718e1d3716,-1,-1
33372,addama,-1,-1
33373,IS1d1e2bbdce27998c98aeb,-1,-1
33374,Meadowfoam,-1,-1
33375,IS10728e3f1ce4ba40aeeeb,-1,-1
33376,IS168593e80de97752745e8,-1,-1
33377,IS15d312a1c8de8bcf81a62,-1,-1
33378,lindrai,-1,-1
33379,IS1aa39b2f93cd9c67ff456,-1,-1
33380,IS15c765f40d0b490ebd619,-1,-1
33381,IS19b896ddb745d2706d470,-1,-1
33382,IS1930bda1e0a19cc88ae87,-1,-1
33383,Infinity03,-1,-1
33384,b2miKsZdzH,-1,-1
33385,IS193b377cd217b72bd15b9,-1,-1
33386,IS1242b15ec3cd88f4e4afe,-1,-1
33387,IS1fb861b0057eb2a143c51,-1,-1
33388,Honjo Masamune,-1,-1
33389,IS1aec7cd103d263221fe95,-1,-1
33390,IS1d3decc1002cebe776612,-1,-1
33391,goGNrw3n9q,-1,-1
33392,IS1175eaa9cd0eb4392eacb,-1,-1
33393,IS175208ddc9dca5db18bb0,-1,-1
33394,IS14505c470fe812b5908ce,-1,-1
33395,WpeNhnHhDs,-1,-1
33396,IS1320604fde0f16c1d4590,-1,-1
33397,IS1158412abd7bb0c7c4229,-1,-1
33398,IS11f5a9bf5da61a248fc0c,-1,-1
33399,DTMLFIIJ1,-1,-1
33400,Andymaniwxe,-1,-1
33401,3o8cACq2ZC,-1,-1
33402,IS199920dd077fc04c19715,-1,-1
33403,IS177ebf381e4c5dd0eb503,-1,-1
33404,73UHhrCqyD,-1,-1
33405,IS1491dae460bf266ca4998,-1,-1
33406,IS1e3c1d4f4e48ef5308211,-1,-1
33407,GodRealm,-1,-1
33408,IS140302bb4b2bcd20c6989,-1,-1
33409,youii,-1,-1
33410,Staticy,-1,-1
33411,IS196f19844156459d09bbb,-1,-1
33412,Emrys,-1,-1
33413,IS1ebdd703844cffcf6601c,-1,-1
33414,Uber,-1,-1
33415,EVILHamser,-1,-1
33416,IS15777f5b29c1c85441749,-1,-1
33417,IS1333ec4c3916bf59aad87,-1,-1
33418,IS111f87db75444e82f0b70,-1,-1
33419,IS1d88889ce18c38d865a8d,-1,-1
33420,IS1542ff82747b10d2ed8af,-1,-1
33421,VDsRDeQPwR,-1,-1
33422,IS1755aa468aeb5f28df335,-1,-1
33423,Buff Drinklots,-1,-1
33424,IS1665cef811c43fd8f2b87,-1,-1
33425,IS12b29d5646210aa2b797a,-1,-1
33426,IS189696680731b2f46e563,-1,-1
33427,IS151cf6052a8eaa344dbff,-1,-1
33428,Etakon,-1,-1
33429,IS185125f0e274b3f6b8d8e,-1,-1
33430,IS1ff241756b47582c09582,-1,-1
33431,DannNDouglas,-1,-1
33432,IS14038d8dd927dfa5aa8f2,-1,-1
33433,IS1e0115c5d44951cd88be6,-1,-1
33434,deteego,-1,-1
33435,IS15e3f0ea3ae276c774ac6,-1,-1
33436,IS1ae528cf582e19,-1,-1
33437,IS10b40287791e44c671be6,-1,-1
33438,Ie66D1T1jU,-1,-1
33439,IS163cfc1f24c15232bb3f0,-1,-1
33440,IS143d306361df547bfd25d,-1,-1
33441,IS1282d6080ad4fe333eb1a,-1,-1
33442,IS10fdd57fda1bd637ad712,-1,-1
33443,IS1b548560221d9c07ca79b,-1,-1
33444,PentakilIKarthus,-1,-1
33445,IS12ad5710750cfbae4414b,-1,-1
33446,IS105a1fdcde52b0bfdf356,-1,-1
33447,IS1feeb7c607e85fbafe724,-1,-1
33448,cTse,-1,-1
33449,IS13c0ed3479bf1be85ce3b,-1,-1
33450,Manpurse2001,-1,-1
33451,IS1dcd7b0faa082d82cdb1d,-1,-1
33452,IS186cc65ac48f671cc203e,-1,-1
33453,IS155f5ddcea74d5488ec7f,-1,-1
33454,decozero,-1,-1
33455,IS1d1c823c983c952c1fac8,-1,-1
33456,kopflos,-1,-1
33457,IS1b878aa5ff70df000cd5c,-1,-1
33458,IS16eb73427f2a01e672d22,-1,-1
33459,IS1d211938bc18620855069,-1,-1
33460,IS14cc5533ed460f7b6faac,-1,-1
33461,IS14b8e8ca2ebc12fcbd59d,-1,-1
33462,CallmySoul,-1,-1
33463,Kuuggeli,-1,-1
33464,IS109eaf8430b56c790acda,-1,-1
33465,IS198671c7bda2da9938f89,-1,-1
33466,IS13017193100356d788742,-1,-1
33467,IS13c92ff1b855a0733b635,-1,-1
33468,IS1789be5711b296a030b52,-1,-1
33469,Truthie,-1,-1
33470,Freeker11,-1,-1
33471,IS1fcc338f82c9abe645cc2,-1,-1
33472,IS1976ea538cdcba019a9a7,-1,-1
33473,Salisimo,-1,-1
33474,IS1a8c274b4f8a6a9317f15,-1,-1
33475,IS1dc7179ca228c0d1cda31,-1,-1
33476,IS1f9f1e9c863560c45d4e2,-1,-1
33477,IS1f95704808379fb9d29d0,-1,-1
33478,IS177ddf8a8e1aa840c8884,-1,-1
33479,IS149750284251766254fae,-1,-1
33480,IS1547490f9fca80f2e5cf1,-1,-1
33481,IS18503a95175b8099693a6,-1,-1
33482,IS147d7e081b220f8fa67ac,-1,-1
33483,IS17e4b041c73e7e47d0808,-1,-1
33484,IS16f246e7d1ac54932745e,-1,-1
33485,IS1c505013ca40816d40532,-1,-1
33486,MadChemistNot,-1,-1
33487,IS1829fcfda406ee2cebd69,-1,-1
33488,IS1c9c9e498ba1d3fbe1e81,-1,-1
33489,IS1ece738f2fe2467c21cde,-1,-1
33490,Atracia,-1,-1
33491,IS12d78421bced1bc1e36e3,-1,-1
33492,IS1617d01504227c5f5b597,-1,-1
33493,IS1f117ca776b46d2edc43a,-1,-1
33494,IS118773e2ab2d58ab2b428,-1,-1
33495,IS1027d55d1d2c79841ab9a,-1,-1
33496,IS1f73f849bf17d85c0aee7,-1,-1
33497,IS1b05d63b15c8ce9623d9e,-1,-1
33498,z0rn,-1,-1
33499,IS18e48fd98477d8d0f22e4,-1,-1
33500,IS1f06f787079c89480f5dc,-1,-1
33501,IS12e2d2eef39b3afc939cc,-1,-1
33502,IS1b615a831bdb225bc15fb,-1,-1
33503,IS15226c097acc8c6b76d7f,-1,-1
33504,IS1645b75e0218b503e2377,-1,-1
33505,IS135343fdf507be3dabb02,-1,-1
33506,IS18dc15925b7d42a7a9c0d,-1,-1
33507,IS19d0fb3c8b5f66bc02308,-1,-1
33508,FoxAlive,-1,-1
33509,IS151ea2ca2d21953d845c4,-1,-1
33510,IS1f8beacc2978bc3f1c002,-1,-1
33511,IS1498bb3fe153d37fedc89,-1,-1
33512,IS1ccb4776231dd48d45a79,-1,-1
33513,IS15fd54555ecd1bd9ed8e3,-1,-1
33514,IS156acc0e0756a3f8eccea,-1,-1
33515,raWr CUHz,-1,-1
33516,IS12bc127010daa5acce587,-1,-1
33517,IS171cd6a3bc0e53d77f619,-1,-1
33518,IS19a1ff12bc405e3af182a,-1,-1
33519,faqz,-1,-1
33520,IS13d86e5880b1e8c546e6a,-1,-1
33521,Rolleh,-1,-1
33522,IS17a489155b135f3fee210,-1,-1
33523,IS13c7be4a97e711d55970c,-1,-1
33524,IS1e2dbc239ca05391544e1,-1,-1
33525,Cuedadar,-1,-1
33526,IS16fae441aa6f0b09bd9e4,-1,-1
33527,IS1a67062421310c6f52004,-1,-1
33528,REacWvwXKP,-1,-1
33529,Fonky McBloop,-1,-1
33530,Clhwch,-1,-1
33531,IS1d70bd214726f58d08fa4,-1,-1
33532,IS1dc90a4d4a1f27ef741ae,-1,-1
33533,IS15f4e5286237e4e32f21a,-1,-1
33534,IS1a109d899c4ec7d9d30c0,-1,-1
33535,seeyan24871,-1,-1
33536,BTS0x0,-1,-1
33537,IS13f62c65202031ce32653,-1,-1
33538,DwarNoob,-1,-1
33539,IS1956d04fd0fa003007e27,-1,-1
33540,IS18cab4c93569cb42469ba,-1,-1
33541,IS16aaa94c495fd6f58a2ec,-1,-1
33542,IS19d8a2738fca7459ab810,-1,-1
33543,IS1d301bf571ff6ca7a9edb,-1,-1
33544,zOy7ux4wvY,-1,-1
33545,IS146b2382974698dbcb264,-1,-1
33546,IS174e07949cfcd1f75e91e,-1,-1
33547,IS18a4842a137486ef6bf29,-1,-1
33548,IS1ac2830a81ac63178e9a4,-1,-1
33549,IS1643f88e0d5ad1979f3a9,-1,-1
33550,IS1bba92a1312e03a0b590d,-1,-1
33551,IS1dcb413f0d0e3b768888a,-1,-1
33552,iFFDd1dFCl,-1,-1
33553,IS1ebfff6005c6ed2a35ce2,-1,-1
33554,pepitogrillo,-1,-1
33555,IS18a9ac1bd4709da0ca695,-1,-1
33556,hatcheteye,-1,-1
33557,IS1a55054e2fb61a30092a6,-1,-1
33558,IS1abd7509a937022950f8b,-1,-1
33559,IS19e7552aa0552cb387c92,-1,-1
33560,IS1c180cd035d70f9bc7b0c,-1,-1
33561,Zerobeast,-1,-1
33562,IS1d5bc3f6c862609372b59,-1,-1
33563,IS1b8d5349051f30e0cc345,-1,-1
33564,IS163331981e0ad1d91b6ad,-1,-1
33565,IS1755f4e15eaa2a662ec02,-1,-1
33566,Flishbee,-1,-1
33567,IS153ed680e6a72159e7d69,-1,-1
33568,IS1c83dc9d328bdd8aa426c,-1,-1
33569,Denzak,-1,-1
33570,IS1ba92dc274342c874d373,-1,-1
33571,IS155a2d0642af437bc9d22,-1,-1
33572,IS140d921767181f83ae321,-1,-1
33573,IS19a9fa187456ec1764d5d,-1,-1
33574,IS16af80adff48592c93e37,-1,-1
33575,IS17e6a435948b8912a67cf,-1,-1
33576,IS17d9fdf8f375606198ebb,-1,-1
33577,Kochknocker,-1,-1
33578,IONx,-1,-1
33579,IS114957adbe5aa77e2ace3,-1,-1
33580,IS1aa47491da4eeb35e4535,-1,-1
33581,Sotraits,-1,-1
33582,IS1e46ad94b491dc175ff05,-1,-1
33583,IS18583d22479f67f86d67d,-1,-1
33584,IS12b4581fe5ef1cbda2527,-1,-1
33585,IS1a3680f4369dbbd4f3e52,-1,-1
33586,IS13e338caea40379659556,-1,-1
33587,IS1ee3b57dd489ce6a672c1,-1,-1
33588,IS1e92e6f877c47a130d645,-1,-1
33589,Kraylos,-1,-1
33590,IS13bab15ebec50b4cefa7e,-1,-1
33591,IS133a35b44640aa148b33d,-1,-1
33592,IS14307771e928cc3293131,-1,-1
33593,IS1fcb84c1795cbf3c2e638,-1,-1
33594,IS111090038e3250be05577,-1,-1
33595,IS152dc90b1467503632664,-1,-1
33596,IS15166ab342f2eeb9244ad,-1,-1
33597,VFgoi0NCLr,-1,-1
33598,Boberish,-1,-1
33599,IS157f52b803e6b6ada53cc,-1,-1
33600,bambooboy,-1,-1
33601,IS1a01b10c86b9137f57d69,-1,-1
33602,IS1f036e45e7ec3e246ef67,-1,-1
33603,Hot Dragonslayer,-1,-1
33604,IS12194ef32e74820a3fff4,-1,-1
33605,IS13dea388012e907110fc4,-1,-1
33606,IS19415116096af48f96579,-1,-1
33607,Rabkorik,-1,-1
33608,IS11036c02ecd1d7647c37d,-1,-1
33609,IS167e31a146489d65cf5f6,-1,-1
33610,IS1111858309f64e2d68ebd,-1,-1
33611,IS1e6e4a43d00a11c2fa783,-1,-1
33612,IS1d0119be83a57d690b58f,-1,-1
33613,jmlsteele,-1,-1
33614,IS19cd53cdedd3c039a15b0,-1,-1
33615,N3cronlord,-1,-1
33616,IS1346b6ca748f650432953,-1,-1
33617,Fenux,-1,-1
33618,IS19eff662bb05fc149d094,-1,-1
33619,IS1087056a99065861a6f65,-1,-1
33620,Zer3ul,-1,-1
33621,Somath,-1,-1
33622,IS111aba0a4dad801b4e874,-1,-1
33623,IS11f31866ad96f6b352596,-1,-1
33624,IS11fd927eda133e9c1c248,-1,-1
33625,uiBIcm4L8I,-1,-1
33626,xD3ATHx,-1,-1
33627,IS15ff5809928e60934704b,-1,-1
33628,IS119bc4ca3d38b851ef8d6,-1,-1
33629,IS1fd3dc006a3cdc9869978,-1,-1
33630,IS1303632d2c749bb9304cc,-1,-1
33631,JKF,-1,-1
33632,IS162e71e973391840efca4,-1,-1
33633,IS145a86614223897b4f765,-1,-1
33634,IS1cf82d67238baa762fba4,-1,-1
33635,IS180b0ece18dc1c5af0579,-1,-1
33636,themassa,-1,-1
33637,IS1aadfc0f8c9f2feb6f8e7,-1,-1
33638,IS18554a8f5afc37b6d40cd,-1,-1
33639,IS1a9e86ae6944ea1d94597,-1,-1
33640,Utkso9yiiG,-1,-1
33641,zoTFvZAkzI,-1,-1
33642,IS1094edb7e9a63cdabbe9c,-1,-1
33643,offeret,-1,-1
33644,Volkl88,-1,-1
33645,IS17637473e543d53ceca49,-1,-1
33646,IS11cdad329f08cd5a1f770,-1,-1
33647,Tomsawyer426,-1,-1
33648,Shadowglyph,-1,-1
33649,IS15e4c9c9108e38b1e94ec,-1,-1
33650,lNqoUWp3zn,-1,-1
33651,Dukens,-1,-1
33652,IS1c9d71744e35fa3625217,-1,-1
33653,Commodorpismo,-1,-1
33654,IS14c738ce3e1e2b0a247ec,-1,-1
33655,kKK2IFO9RS,-1,-1
33656,IS1f5f27f0e78c82ad7099d,-1,-1
33657,Judg3,-1,-1
33658,IS1e7aaadf9466f121ce1a4,-1,-1
33659,IS1369ee16c728e6c50fb57,-1,-1
33660,Malleus Deum,-1,-1
33661,IS1b525756b981d54351da6,-1,-1
33662,Picobozo,-1,-1
33663,IS1ef4795f38f84306486c4,-1,-1
33664,Tacomelt,-1,-1
33665,ThePokeMaster,-1,-1
33666,IS19944a46e42ea11bebee1,-1,-1
33667,IS1ddb3bff4e38d74435d5f,-1,-1
33668,IS16ac22707eb6e017acdbc,-1,-1
33669,IS15a96e83003e98cea1340,-1,-1
33670,IS16064643a2d215e7ae6e1,-1,-1
33671,IS106fa45e86636212e2956,-1,-1
33672,IS1f954019844b23965b110,-1,-1
33673,irishguyute,-1,-1
33674,IS106682e348b22a722266a,-1,-1
33675,IS1afb404aa2620230fd829,-1,-1
33676,IS149c0923cd85e6957bfb3,-1,-1
33677,TehPWNisher,-1,-1
33678,IS19da72bd0de3897b4c9d3,-1,-1
33679,IS1c0d47bf74b4c40cc1753,-1,-1
33680,IS116fe2105f1228418a8bd,-1,-1
33681,IS1ba40d59edf694a65d456,-1,-1
33682,Dr Rekkles,-1,-1
33683,IS10e5bd8d30919a78e336e,-1,-1
33684,IS184c2737fa0426abe370f,-1,-1
33685,OBoLB3nA9k,-1,-1
33686,IS167e4f6c0522e2cd9f008,-1,-1
33687,ReVampp,-1,-1
33688,Teufonz,-1,-1
33689,Spellsong,-1,-1
33690,IS19bf87570bf8491809064,-1,-1
33691,Fauztin,-1,-1
33692,Recgonize,-1,-1
33693,IS1115e2b5bedb1d94dc878,-1,-1
33694,IS18fa9ca917616ab79b456,-1,-1
33695,saltygooch,-1,-1
33696,IS152c6f264fbfabff6aac0,-1,-1
33697,IS101c4337451ab836f62ef,-1,-1
33698,LuckyAlcohole,-1,-1
33699,MantisDeath,-1,-1
33700,IS1e63b3cbb63f069ffe923,-1,-1
33701,IS12ce64d51e38d917d7fd3,-1,-1
33702,IS1319c2c51c7f536ead80d,-1,-1
33703,IS1dd51f68c32c2a564b300,-1,-1
33704,L2FqPJcHVf,-1,-1
33705,Batcave,-1,-1
33706,IS1ec5a7842944270fbe749,-1,-1
33707,IS13807361351c19dee7af7,-1,-1
33708,Icthenue,-1,-1
33709,GalaxyHero,-1,-1
33710,IS16c3f3d6bcb4094024b27,-1,-1
33711,mooshant,-1,-1
33712,IS1c0a044dca009d99028db,-1,-1
33713,Zacharius,-1,-1
33714,IS11e44d8c958c58cd22051,-1,-1
33715,HellSap,-1,-1
33716,IS18f2defc188ce786fbbf8,-1,-1
33717,GODZEEERAAAAAAAA,-1,-1
33718,IS1a4e3a2dde7c2ccbc49e3,-1,-1
33719,VooDooJake,-1,-1
33720,Karthule,-1,-1
33721,Ariyesia,-1,-1
33722,IS1d9974e0777084bb8ab2c,-1,-1
33723,IS13dba122532f9e2da77e7,-1,-1
33724,IS1b2bc038e0d7b4ea464b2,-1,-1
33725,beliel,-1,-1
33726,Cinna,-1,-1
33727,morgan iye,-1,-1
33728,IS1abad7782f03d08c9abf3,-1,-1
33729,Idiothoplite,-1,-1
33730,IS1f9f58104bdfafc6b41eb,-1,-1
33731,Sanicos,-1,-1
33732,ZioThainE,-1,-1
33733,IS138fc67df0a93d57ada14,-1,-1
33734,Harciog,-1,-1
33735,Zaphid,-1,-1
33736,IS1764cd01815f779c22729,-1,-1
33737,Kultra,-1,-1
33738,bloodhgarm,-1,-1
33739,IS117a1fe3dcad7dabff3eb,-1,-1
33740,IS1177cb5d99ad2d30ef446,-1,-1
33741,IS15d56025fc1f76b4e2424,-1,-1
33742,IS1ad3e37b2593a58f37459,-1,-1
33743,IS13a69f75336c46e974848,-1,-1
33744,IS100f8045d7ba0b670927b,-1,-1
33745,IS1842515bfe342cf196929,-1,-1
33746,Inkypinkie,-1,-1
33747,Lorio,-1,-1
33748,Vereth,-1,-1
33749,IS1056b62e11e7921b559a5,-1,-1
33750,IS1bec80640b3286d175afa,-1,-1
33751,IS1e454d93e55e4403d8ac8,-1,-1
33752,IS1a2e477eefe535fedc9dc,-1,-1
33753,IS1e323bb610faf147e1700,-1,-1
33754,dafunkeemonkee,-1,-1
33755,IS15bb3f42df059d58ae0c3,-1,-1
33756,IS1f07c17771b5027167353,-1,-1
33757,IS1106763e656dcd371299f,-1,-1
33758,DOMKIRE,-1,-1
33759,WID8ot1hYV,-1,-1
33760,IS19c66a96f14d2c9c60185,-1,-1
33761,IS1e9758eb68ccc741176f4,-1,-1
33762,TuKoxzjLK9,-1,-1
33763,afQvgn8nmg,-1,-1
33764,IS1d8689c449bba56feea7c,-1,-1
33765,IS133bd1a861f24a711de11,-1,-1
33766,FlameJackal,-1,-1
33767,IS1cbbb2067395e806570a6,-1,-1
33768,IS18ffd09d8d88107468c9e,-1,-1
33769,IS1157258a02f85221648e3,-1,-1
33770,IS162688e4aa8a2b28651a3,-1,-1
33771,Markawitz,-1,-1
33772,IS18a72f8e5dcaf59124d45,-1,-1
33773,Fmross,-1,-1
33774,IS19c7432a55e9c0fb4cec6,-1,-1
33775,IS19f72cd1f25fa1bdab5bf,-1,-1
33776,Tuille,-1,-1
33777,IS1b31e36353cb70553f541,-1,-1
33778,EAXpZeshs2,-1,-1
33779,IS136797fc5c552cc86b96b,-1,-1
33780,IS1daae6df84356ee27cf20,-1,-1
33781,Zorlac,-1,-1
33782,IS140ec6e432a7fc28688cb,-1,-1
33783,brokebakblushoes,-1,-1
33784,IS18e1db81e5e452f02470e,-1,-1
33785,IS14a4dd11b5ebbdde1386b,-1,-1
33786,IS17c8c052dfd22e68339e0,-1,-1
33787,Brovaltine,-1,-1
33788,IS12b9258bee0e3695b6ca1,-1,-1
33789,mortylen,-1,-1
33790,IS166fdc565f91ad6e9a534,-1,-1
33791,IS1845cfb00cebc25b2edae,-1,-1
33792,IS1a2bf33e366fe78461e31,-1,-1
33793,Danbotica,-1,-1
33794,Blindreaper,-1,-1
33795,NubCakes09,-1,-1
33796,alzs,-1,-1
33797,IS102772dfb2a2414b8309e,-1,-1
33798,smoothietime,-1,-1
33799,Gezora,-1,-1
33800,IS15aeff9a456e4487f9924,-1,-1
33801,IS10d77863c9f8b31d02529,-1,-1
33802,Shumiry,-1,-1
33803,IS1a7c094082c5eaca043b4,-1,-1
33804,Grozacorp,-1,-1
33805,zKezia,-1,-1
33806,IS1712d2c342d34df21f193,-1,-1
33807,IS18bf9b5dbd6eca7f37f74,-1,-1
33808,IS119c614b5621c121c0bdc,-1,-1
33809,Heruvim,-1,-1
33810,IS10e15567ce7e2d014f19c,-1,-1
33811,IS15864d6b7107734bcbcdf,-1,-1
33812,HeX SprayMan,-1,-1
33813,IS1ff46b4351667b3c4a663,-1,-1
33814,IS182171d5707e5df2c98d1,-1,-1
33815,Theodore Pain,-1,-1
33816,Delivis,-1,-1
33817,DemonsElemental,-1,-1
33818,IS15c717dd76d74a888ee5a,-1,-1
33819,MadMab292,-1,-1
33820,IS18c0760723c747006a5a4,-1,-1
33821,IS14321edd03c158baf1328,-1,-1
33822,IS11a735257468f5b31d02d,-1,-1
33823,Mister Oatz,-1,-1
33824,IS1ca95cfa5e585b5ac4a61,-1,-1
33825,45874845,-1,-1
33826,IS15fb39ccc8d6cd645f584,-1,-1
33827,IS13af38093925e27205843,-1,-1
33828,IS1f9fe3ad4f29b4cacf1fa,-1,-1
33829,gaoopewpew,-1,-1
33830,IS167a1a9fbce4362325e89,-1,-1
33831,aS6KWHH2eN,-1,-1
33832,IS11db79a00e9632a8b87cd,-1,-1
33833,Viver,-1,-1
33834,Tavas,-1,-1
33835,IS12dfd719925f3fa1fed01,-1,-1
33836,Graulex,-1,-1
33837,IS16c51b8dc76441cd414bc,-1,-1
33838,IS15b5b3dcecf1576af8863,-1,-1
33839,IS1ac52738618e33cb751cd,-1,-1
33840,xblackdemonx,-1,-1
33841,yMMiJ,-1,-1
33842,silloh,-1,-1
33843,IS16c041b895a9fdb6db557,-1,-1
33844,IS18f2e87f24657505a6a3e,-1,-1
33845,IS10b4d5e3f17829bbe29b8,-1,-1
33846,AngryBovine,-1,-1
33847,IS1479553290dc5a69d2d4e,-1,-1
33848,chichichi1,-1,-1
33849,IS1f1a1f47e276f48a0151a,-1,-1
33850,Narrisch,-1,-1
33851,darkyz,-1,-1
33852,IS176f6fef5c1654eb42596,-1,-1
33853,IS121b65dfdf6ea5f27f704,-1,-1
33854,Tachikoma,-1,-1
33855,IS112c3d2358c1ed0bc1bea,-1,-1
33856,Jin Deoro,-1,-1
33857,IS17caffc6d6e6484e04f5e,-1,-1
33858,zatti,-1,-1
33859,IS10f70942856ad09b144d0,-1,-1
33860,IS111b9e98d92ccb12a9c20,-1,-1
33861,IS12517efea925bab949a63,-1,-1
33862,IS123339fed96f2ff63ae4a,-1,-1
33863,IS107d8a9fc36fa6c7b05c8,-1,-1
33864,IS140ad566636b229ded3c8,-1,-1
33865,Exobiologo,-1,-1
33866,IS1659a9064d8c7fb2bfaed,-1,-1
33867,IS1c0af22ba14f87794479f,-1,-1
33868,IS1074637a289fb2b000805,-1,-1
33869,IS1a074e91cd741550ee379,-1,-1
33870,Slyddur,-1,-1
33871,IS1f285f2ba33615cde0d0f,-1,-1
33872,Gryety,-1,-1
33873,NightHawkX083,-1,-1
33874,BL1NK1N,-1,-1
33875,Ktakc3UtoZ,-1,-1
33876,IS1b3060f1b8e51fd0fe727,-1,-1
33877,IS121a89815a28123be4692,-1,-1
33878,IS18f1f5ccce70fb9589d56,-1,-1
33879,ShiftDell,-1,-1
33880,IS17a89d5e723c746d1e21b,-1,-1
33881,IS1bd9637b37e09f0bc3b9d,-1,-1
33882,IS15b36233219a6ea4b889e,-1,-1
33883,Alienado,-1,-1
33884,IS1b191b672e682e4735d71,-1,-1
33885,Maggna,-1,-1
33886,IS1c8139dd035e9de3c81fb,-1,-1
33887,LlamaLover4Life,-1,-1
33888,IS18913eee9e58de86596b6,-1,-1
33889,IS15858f02248a1fd475db9,-1,-1
33890,IS1d66f600e6cadcf102b87,-1,-1
33891,Saloran,-1,-1
33892,IS1b765d71499d899009fda,-1,-1
33893,IS12ce752f8cf90a1f713f8,-1,-1
33894,shOrtyx1,-1,-1
33895,azsxder,-1,-1
33896,Ultimas,-1,-1
33897,IS1a49b22b4596a2ce9fbbe,-1,-1
33898,Baladar,-1,-1
33899,IS1e06df0952aa69c305380,-1,-1
33900,MagicG,-1,-1
33901,skyTL,-1,-1
33902,IS1631ce0ebf71f7e02b3b9,-1,-1
33903,IS1301faaf82502eedbb198,-1,-1
33904,IS1bc1dda47d9024b28fc78,-1,-1
33905,IS1404fbdc72bcb5f4c80e7,-1,-1
33906,8R60ZccyHi,-1,-1
33907,Haloid,-1,-1
33908,IS10391eeb73af2dc7e0d07,-1,-1
33909,IS16be5f431dda0e1fe7473,-1,-1
33910,ADL,-1,-1
33911,IS168a156f2c950eac58e59,-1,-1
33912,IS1b0e8881c3573883adcf9,-1,-1
33913,IS1649bbc39b4f2117eef9f,-1,-1
33914,IS1ea16ecfd79ac1c20a0b1,-1,-1
33915,IS15533c1bfa9c3048f5b96,-1,-1
33916,Midnight2103,-1,-1
33917,IS1fe0164049eb9bfd495cf,-1,-1
33918,lr5SRnsRvJ,-1,-1
33919,IS106cfc853649f75b55b2b,-1,-1
33920,s4ap5edcGu,-1,-1
33921,IS1dd760f7d865e4d4146c6,-1,-1
33922,IS1e6c335e85045b865f1df,-1,-1
33923,IS15bb611afe13ab29c6cad,-1,-1
33924,ilushysenpai,-1,-1
33925,IS17a307900ca15cbebc334,-1,-1
33926,Gnarthok,-1,-1
33927,IS146b5313f18f5f5f4c9f6,-1,-1
33928,IS177124e38b27ee7cba1f2,-1,-1
33929,IS12905498f756ee2a85010,-1,-1
33930,IS197d04e928ef14bbeaacf,-1,-1
33931,IS199344e03fed921222139,-1,-1
33932,Phyrexus,-1,-1
33933,IS1256521816f6ccab00c9b,-1,-1
33934,IS10731ab2d2bc4016e036d,-1,-1
33935,w4phAm04VS,-1,-1
33936,IS13ac615b67923ece11593,-1,-1
33937,IS13ccdc44bf1682d51592f,-1,-1
33938,IS1fc10edd430e6191f8421,-1,-1
33939,IS1fec54a8cb4073a3e2938,-1,-1
33940,IS10c8670a1d8b13a0a6fc2,-1,-1
33941,IS1521a6879cfcc807ac91b,-1,-1
33942,MSpawn311,-1,-1
33943,IS14666cb534d210b8d2c76,-1,-1
33944,IS1be8fd9df9c8d3eefb650,-1,-1
33945,IS1342b5dd4dd69762a0c43,-1,-1
33946,IS1a874242f4d03fe75c57c,-1,-1
33947,ChineseDragon,-1,-1
33948,IS1cdb30bc816319f3287de,-1,-1
33949,juhtgghjkk,-1,-1
33950,Grizler,-1,-1
33951,IS1961edd2eb3d34b1b8849,-1,-1
33952,RandyBoBandy,-1,-1
33953,IS1be2cd6ce7055ade63f21,-1,-1
33954,Madtomato,-1,-1
33955,IS1c798c1ff7f0c1c338f2c,-1,-1
33956,Feeth,-1,-1
33957,IS1d5a913e01b0add7d7760,-1,-1
33958,IS177df29f4c42eb35af078,-1,-1
33959,BorEDDDDDD,-1,-1
33960,IS1ff62eefbafd363b1bbb3,-1,-1
33961,IS16aa4fa2960e6ccb8ae96,-1,-1
33962,IS1a3e0f0396c27a38df6aa,-1,-1
33963,Kilocke,-1,-1
33964,IS16ea0f690cfac1a10e124,-1,-1
33965,IS173c6804fbeb2c9e1d16c,-1,-1
33966,Katana,-1,-1
33967,IS1377db1018636815ce554,-1,-1
33968,IS19522f469c23f7d99fc95,-1,-1
33969,Cooking Panda,-1,-1
33970,IS18248cedceb99f7120338,-1,-1
33971,IS1b61ef2b3ba045c3436f4,-1,-1
33972,IS19498a77d4b72432b98e2,-1,-1
33973,IS1124ee31921d2d6f3111c,-1,-1
33974,jonpak,-1,-1
33975,Kelush123,-1,-1
33976,Rekker,-1,-1
33977,IS16dc103ada0982493576e,-1,-1
33978,Stealth Lord,-1,-1
33979,IS17afe16cff8e7bfa58114,-1,-1
33980,IS149857a783b0845c671c2,-1,-1
33981,chrislolz,-1,-1
33982,IS1349c3c67aab7156eb6df,-1,-1
33983,IS1584aa7dcc9286988847f,-1,-1
33984,IS1abe88580249769561a21,-1,-1
33985,Shuryou,-1,-1
33986,JORDAN GAME 6,-1,-1
33987,IS10faebf737640951c5bc1,-1,-1
33988,dEeCNQzNTn,-1,-1
33989,baala888,-1,-1
33990,IS1cae0536040843c3f6735,-1,-1
33991,Knoedel,-1,-1
33992,IS1d315b9a0856bd3c92195,-1,-1
33993,Karlostrich,-1,-1
33994,tj9XZxXldq,-1,-1
33995,Noodlesonmyhead,-1,-1
33996,IS13dd5a84b478a2b939f68,-1,-1
33997,IS1ff3314655c0dfd09db85,-1,-1
33998,IS12ac98530f20c67b5ab52,-1,-1
33999,Jagger,-1,-1
