38000,IS109f4baa8ea207702d42e,-1,-1
38001,Lbomb,-1,-1
38002,IS184a6eeb5c78108a497bd,-1,-1
38003,IS10b7a877d97303dc036e1,-1,-1
38004,SubtleEssence,-1,-1
38005,IS1e846fcedee48dbdb44fd,-1,-1
38006,Mephitboy,-1,-1
38007,IS199b9a952856a8fe60a54,-1,-1
38008,IS147da1d75808559681899,-1,-1
38009,IS1a8826686790226920fa7,-1,-1
38010,SuperAssGas,-1,-1
38011,IS1e453fad705c87ed6dfda,-1,-1
38012,IS1dc36cf47b133ef4e7237,-1,-1
38013,IS1f1079bfd51cce6a1c06f,-1,-1
38014,IS1e74a1b4099238d203427,-1,-1
38015,SheLookedLevel18,-1,-1
38016,IS16bc1f0a28494155ca096,-1,-1
38017,kUaWBeukHm,-1,-1
38018,IS1fc84bd0ab2ea79b70863,-1,-1
38019,SkarFaith,-1,-1
38020,ShoVah,-1,-1
38021,griftin,-1,-1
38022,Danyo,-1,-1
38023,WarkWark,-1,-1
38024,digthat bigmac,-1,-1
38025,IS180b5ded5f32cdaa0fe0c,-1,-1
38026,IS1257010298baa3936153e,-1,-1
38027,Smarts,-1,-1
38028,IS10279d063413608e0bc4b,-1,-1
38029,IS192e94cdc7f421927d7b1,-1,-1
38030,IS16cc7f3260a7b2001e3e6,-1,-1
38031,IS1f76a2fb5f9cd7fdcbc76,-1,-1
38032,IS1894979163c0345845024,-1,-1
38033,IS1c823620920d740f0f0d4,-1,-1
38034,IS1a73a996f346dd4a69625,-1,-1
38035,BestMofoOce,-1,-1
38036,IS1d4d981176e31e3052170,-1,-1
38037,IS164ccea83777840acfe46,-1,-1
38038,IS17dc955b15305b4d60599,-1,-1
38039,theSchadCaller,-1,-1
38040,IS1b0665ff8980968839e88,-1,-1
38041,51p09P6b0j,-1,-1
38042,IS19fc0ae2b29dc51475852,-1,-1
38043,SWdKSJsWeC,-1,-1
38044,IS1a8883690b0e0656b8133,-1,-1
38045,IS11c84cfee6ab8e3890545,-1,-1
38046,IS19d0085111cb92212ecaa,-1,-1
38047,IS11e8a2ec17e894a2626f0,-1,-1
38048,IS11f7f017fc96b7225cc05,-1,-1
38049,IS18a7e5a3c8b625430c44f,-1,-1
38050,IS16b3de6ba40cfe1aa2241,-1,-1
38051,IS145f0588d168e6837e8b5,-1,-1
38052,IS11f8e1303362092706df1,-1,-1
38053,Sassymcgee,-1,-1
38054,Dram,-1,-1
38055,IS168db73534710d1945c9c,-1,-1
38056,pkthing,-1,-1
38057,IS17569413071a2661aab05,-1,-1
38058,HaZArDeS,-1,-1
38059,IS10121c92f29c1ee4c936f,-1,-1
38060,Roidracer,-1,-1
38061,Trazz,-1,-1
38062,IS15ee6903491686ed7c141,-1,-1
38063,976bob,-1,-1
38064,IS1a3b2cc8a16e418b22612,-1,-1
38065,SpicyCrab,-1,-1
38066,Cyrot3k,-1,-1
38067,IS1182b2235d387e94b66cb,-1,-1
38068,IS1a8d7b6c8a5f2533f4d9a,-1,-1
38069,Isindia,-1,-1
38070,IS1434d800d17df7452ee5f,-1,-1
38071,IS14a424038e07ab2ce8425,-1,-1
38072,Aprosexie,-1,-1
38073,IS1ea3ded2046e8d86d7db9,-1,-1
38074,IS16e6c80d8c6370451845b,-1,-1
38075,IS10a5cbf76b8fafd89afb6,-1,-1
38076,IS1b271a7f0544275e4db34,-1,-1
38077,IS13ef41bc031428e1ed4cd,-1,-1
38078,Scawy Bear,-1,-1
38079,Blackf77t,-1,-1
38080,IS18792f18e3e7049e6f4ef,-1,-1
38081,kicken55,-1,-1
38082,IS12a3adc5cf13082ccf54d,-1,-1
38083,IS19d9a008be459fe0ffe3d,-1,-1
38084,IS1a46afece8d941de64fd2,-1,-1
38085,IS132f245c659f9d0c85325,-1,-1
38086,Biofeedback,-1,-1
38087,IS1a9ea6a6552c3f808a32d,-1,-1
38088,IS1af2ca24401484a6ee64a,-1,-1
38089,IS12d38ee2f2ba2cf07b77c,-1,-1
38090,IS154b7c58f2ba44a6d6a61,-1,-1
38091,tZ3R8e40FX,-1,-1
38092,Koli,-1,-1
38093,dabof,-1,-1
38094,IS146beb32ecf310ac5663b,-1,-1
38095,IS1d5b2a3fb5dff44d7a5d2,-1,-1
38096,IS1d3dcda8c37fbec595804,-1,-1
38097,IS1469e32e7831643ca00ef,-1,-1
38098,IS129d2b60db6dcfb35a5b4,-1,-1
38099,IS1d607bb099fa9387b8976,-1,-1
38100,IS14574d4bc69946aea986f,-1,-1
38101,IS11c1f1b156d5d4ed191fe,-1,-1
38102,Kekz,-1,-1
38103,InducesPanic,-1,-1
38104,Mylor,-1,-1
38105,IS1dd1ea110325095c79c87,-1,-1
38106,IS10f99dc95b57d46d58cbd,-1,-1
38107,IS166739742c2e7b8069a71,-1,-1
38108,IS1433353d3c45c255aed97,-1,-1
38109,MyGoodChum,-1,-1
38110,IS18f9b982c7ac33ffe30e1,-1,-1
38111,IS1cacb6457d1f4af221875,-1,-1
38112,IS179a11854213e392edb2a,-1,-1
38113,IS181a8da059822d6ba1d10,-1,-1
38114,IS12ddcf6bc51274d38c997,-1,-1
38115,IS189aab17964b8766c37fc,-1,-1
38116,IS1255d120a667a2c469f8a,-1,-1
38117,IS1a396ea6a7926493b810d,-1,-1
38118,IS1aeb6f38d8855d0a4ff79,-1,-1
38119,IS1590fd04f354d960b2967,-1,-1
38120,IS10c2348cf257edf501fff,-1,-1
38121,IS13e12366e99da1f7a827b,-1,-1
38122,IS1d8893b0e3c1393b649f2,-1,-1
38123,IS17a7865da156d17f232c2,-1,-1
38124,IS17439087489971f04dfd8,-1,-1
38125,zusix,-1,-1
38126,IS1647f32136353a93f64f4,-1,-1
38127,IS1c60c26bffc2fd69379f3,-1,-1
38128,DeliriumPRX,-1,-1
38129,IS1ff2fda6718e4901fd210,-1,-1
38130,Yoshi Toki,-1,-1
38131,BrujoSol,-1,-1
38132,IS1bb3febac626b8b9d082d,-1,-1
38133,IS12aeca9cb258091bc3dba,-1,-1
38134,IS10f5ac8d4080ec9ca7f86,-1,-1
38135,IS16e96649c1d5606a3e6ef,-1,-1
38136,boomfunkers,-1,-1
38137,IS1d85bee443336d0208431,-1,-1
38138,IS1d4f315845a8e9c99706f,-1,-1
38139,IS173938e2d83c3467ae09a,-1,-1
38140,IS1c14d3321f51798dda751,-1,-1
38141,IS170e8831b1273f4623da5,-1,-1
38142,IS134c0d87be5699382afe6,-1,-1
38143,IS11ee7e374a23077c81e03,-1,-1
38144,skankcore,-1,-1
38145,IS1467c8248dd06b5aa47f4,-1,-1
38146,IS1ec92643ef18e304de03c,-1,-1
38147,IS1b289a840c82ee7bffd84,-1,-1
38148,IS1f2ce2936a649806fe370,-1,-1
38149,IS1433374adf5ddfe658161,-1,-1
38150,IS1a4bd4e07a5c7160506d5,-1,-1
38151,IS1f816872370e6a6e583c2,-1,-1
38152,IS14a2c184b8d16901703d3,-1,-1
38153,IS12b7b9c3e31a1de75d31b,-1,-1
38154,IS105c7bd96c8672cf4dd46,-1,-1
38155,IS1365acad80bc237b70454,-1,-1
38156,IS1db64a18e58883f0ba562,-1,-1
38157,IS1e93c8809e94d5db2a8f2,-1,-1
38158,Yamikun,-1,-1
38159,IS167a23507e34238fc74a7,-1,-1
38160,deathkun,-1,-1
38161,IS19d51858bb8ffeb11fe98,-1,-1
38162,IS1b8eed153fc5b76cfc1d5,-1,-1
38163,IS146abe960095b7a46a8e9,-1,-1
38164,Draven Prodigy,-1,-1
38165,IS1870aa44418b8f0213c07,-1,-1
38166,Fluxx,-1,-1
38167,Itabob,-1,-1
38168,IS1e4056c4c0c3b63259f3e,-1,-1
38169,IS19133908f2826a29176e5,-1,-1
38170,IS1da3be15b0a6f49983bd0,-1,-1
38171,IS145380fd01d0e1820ba12,-1,-1
38172,Jubileet,-1,-1
38173,IS17e2cced6e0cb59b620d9,-1,-1
38174,eGro2,-1,-1
38175,IS13dd440694a2182680ba8,-1,-1
38176,IS1e4270468a07cbfa77cf6,-1,-1
38177,IS19b173a2536fa606fa704,-1,-1
38178,Kudigudi,-1,-1
38179,TenbatsuDave,-1,-1
38180,IS1d923f44727b05792682a,-1,-1
38181,Koreshe,-1,-1
38182,SRtUosE5Kr,-1,-1
38183,IS19efe866a8a238688d686,-1,-1
38184,IS136351cbcc4a682abadc9,-1,-1
38185,IS1d04e260c0173bad7ee31,-1,-1
38186,IS16ee495041def2fe4152b,-1,-1
38187,kingCruel,-1,-1
38188,ygSTuuwqmT,-1,-1
38189,IS1c87f30657e4369bb656b,-1,-1
38190,Polluxe,-1,-1
38191,Kenterik,-1,-1
38192,IS1ee76e687d0175d8655b6,-1,-1
38193,sdfsdfaaa,-1,-1
38194,IS1b06c12c94cbaeabbaae0,-1,-1
38195,NatasRip,-1,-1
38196,IS12b529fb24b9570a29ee3,-1,-1
38197,IS1f00abd837340e16074aa,-1,-1
38198,IS1e120f84cf9606fa1e30e,-1,-1
38199,IS1161036b3338038bd362a,-1,-1
38200,Setimo,-1,-1
38201,Dieglocke80,-1,-1
38202,cronaggles,-1,-1
38203,Capetudo,-1,-1
38204,IS1cae59688c61ccbbca20f,-1,-1
38205,RiotUmbrage,-1,-1
38206,IS12dae75e392564078002b,-1,-1
38207,IS1605534b9a9a0bd50e9f4,-1,-1
38208,IS18713056e55fe0f5c8548,-1,-1
38209,IS1d53447a23cd1980276ee,-1,-1
38210,IS18d621110838c7328c921,-1,-1
38211,IS1bdfe370033148e76cc3b,-1,-1
38212,IS1c31130f92d3bfe5587d0,-1,-1
38213,IS1d7241ba28dbf20bff5a7,-1,-1
38214,Icebeerg,-1,-1
38215,SUBISHI,-1,-1
38216,IS1a21af8e9363b4424a5fe,-1,-1
38217,IS1d481c633a346de1c7c2f,-1,-1
38218,Run Im Urgod,-1,-1
38219,Nooj,-1,-1
38220,dixon balsagna,-1,-1
38221,andys,-1,-1
38222,IS1d71ae451780a2b21520e,-1,-1
38223,IS1cef89314804a7052f131,-1,-1
38224,IS11a05eb02afe90d7322ac,-1,-1
38225,whitc09,-1,-1
38226,IS12092bdfdad5312de26a3,-1,-1
38227,WkdUzVRK8d,-1,-1
38228,sayw00t,-1,-1
38229,Lionyx,-1,-1
38230,IS15a1d486e1e82f8ebef4e,-1,-1
38231,IS1d67796e7cd37471d6ac6,-1,-1
38232,IS1dd257180afdac868edd3,-1,-1
38233,suddzinatub,-1,-1
38234,RectalSquid,-1,-1
38235,Kraldo,-1,-1
38236,IS1df0fa955415dae5f80f4,-1,-1
38237,Kinslayer011,-1,-1
38238,Garadong,-1,-1
38239,BeccgheBsrds,-1,-1
38240,CalmWabbit,-1,-1
38241,IS17884d9563e8037cda496,-1,-1
38242,IS1cc375e5ccad6085fb60c,-1,-1
38243,sadface,-1,-1
38244,IS19b43d91437fc4397453e,-1,-1
38245,DolphinMan,-1,-1
38246,IS1518513480e20d34412ba,-1,-1
38247,IS1dda4fca46bfcc95208f0,-1,-1
38248,IS160050ebd79dbc1343b06,-1,-1
38249,IS11ef0fdfa84179e1bb586,-1,-1
38250,IS1afd89e7003485afefe2d,-1,-1
38251,IS14092f9d14d7a74085df0,-1,-1
38252,I0w09rHy0T,-1,-1
38253,IS19d0f0287f7fd5d2a3207,-1,-1
38254,IS19a92fbfc28f0b467dd5b,-1,-1
38255,IS101b9da4fb28f22fb1e7e,-1,-1
38256,Mal3vol3nc3,-1,-1
38257,IS14e7cfb9005bba,-1,-1
38258,Boopey,-1,-1
38259,Skyrr,-1,-1
38260,Lazirus,-1,-1
38261,No One Ganks Like Gaston,-1,-1
38262,Jaimy,-1,-1
38263,BonerLand,-1,-1
38264,IS11fac1d64bda37667b9b7,-1,-1
38265,IS129369354fbeb79044373,-1,-1
38266,IS158f3e48b27506,-1,-1
38267,dgLO4CNiAi,-1,-1
38268,Malystryx,-1,-1
38269,HellSing,-1,-1
38270,KweeKweg,-1,-1
38271,Deatsu,-1,-1
38272,Tronic,-1,-1
38273,Lerrem,-1,-1
38274,IS1c571b203d4bf0bc19ea0,-1,-1
38275,NinjaTurtleFan,-1,-1
38276,IS122fb8a32da3460e1f1b2,-1,-1
38277,ryuk226,-1,-1
38278,IS1974922524c1cb3172545,-1,-1
38279,IS126abf3d2de3c0dc44944,-1,-1
38280,VKEDSPLB1,-1,-1
38281,IS18bde1b20495f58e462bd,-1,-1
38282,Chameh,-1,-1
38283,IS1f0634c8f132d7e368951,-1,-1
38284,firebird347,-1,-1
38285,IS1dc1b9204513c2aa09a23,-1,-1
38286,PoopingInPublicc,-1,-1
38287,IS17144fe65b8cd59535307,-1,-1
38288,IS1e61a012b07983,-1,-1
38289,Realmjump,-1,-1
38290,Karedis,-1,-1
38291,IS10422f90a4a82ddd9fa40,-1,-1
38292,Iyoku,-1,-1
38293,IS1cc5f8b34d339c,-1,-1
38294,IS164fd24c5731fc9df87a5,-1,-1
38295,Dynako,-1,-1
38296,Razgriz,-1,-1
38297,Meklar,-1,-1
38298,IS1085d619846108cec1b8b,-1,-1
38299,IS1fcec5f012455dda9c81f,-1,-1
38300,IS18e9402716e56f083ebc8,-1,-1
38301,IS15d9379a3762726859df7,-1,-1
38302,IS12e9eebbbb5e643998d8c,-1,-1
38303,IS16ebe926e93fb3c02567a,-1,-1
38304,cashewmang,-1,-1
38305,IS15867573592ed80400bb5,-1,-1
38306,Z1 Wynd,-1,-1
38307,Khaotix,-1,-1
38308,IS1244868c24a2992715607,-1,-1
38309,IS1dd51e0a56cef0401e0be,-1,-1
38310,akVyR7PUrc,-1,-1
38311,IS1d00610e8cdeae7a56ebf,-1,-1
38312,IS14a7b3d80f580eaba64e1,-1,-1
38313,OPESvbZdup,-1,-1
38314,IS11816fffb398d1,-1,-1
38315,Turhaya,-1,-1
38316,IS19f10bdc0e400d0ea79c3,-1,-1
38317,38317_DEL,-1,-1
38318,IS1b3237ab8062d75b542f7,-1,-1
38319,IS10ba07f671b296f8d12f0,-1,-1
38320,IS164b2d3a186e03d8ebdf0,-1,-1
38321,fedfierce,-1,-1
38322,IS1c33834053b09b326657c,-1,-1
38323,Kelveric,-1,-1
38324,IS1623e88d5b3d6dce56562,-1,-1
38325,Brucius Maximus,-1,-1
38326,Thatgooey,-1,-1
38327,McPhorks,-1,-1
38328,Marched,-1,-1
38329,IS154cc72672b40296c76ec,-1,-1
38330,IS1b37d1f715ce48f82c226,-1,-1
38331,Edgemasters,-1,-1
38332,IS1c5852aba40f1f0ce01da,-1,-1
38333,xenoaroe,-1,-1
38334,IS1644d7d4c166038960bfa,-1,-1
38335,dongbeard,-1,-1
38336,IS15185202feab86dce34c3,-1,-1
38337,IS11c7c3c62aeda2e7dd8bf,-1,-1
38338,IS1b26d2f7f9bdc41e0336a,-1,-1
38339,IS18c35aafb4dc80add9aec,-1,-1
38340,tolfo,-1,-1
38341,rztyle,-1,-1
38342,Liue,-1,-1
38343,IS12d6506a69d4e32a02fb3,-1,-1
38344,IS1c43800d9e86cd4d5f77f,-1,-1
38345,IS18bb32e618ce073f4d8e6,-1,-1
38346,BKoon,-1,-1
38347,Ramsalot,-1,-1
38348,IS1426f4894d1f6d87e698d,-1,-1
38349,IS13b5087506eb1eb0005bd,-1,-1
38350,IS1d8681900aa488903e0ad,-1,-1
38351,Dumbanana,-1,-1
38352,IS18626651271cb2b59a644,-1,-1
38353,IS18b2cc93817a072dddafd,-1,-1
38354,IS1df33f44363a1608e4d8e,-1,-1
38355,IS1323d0b14b31a10227588,-1,-1
38356,IS19f61c3696cc12f69b6d2,-1,-1
38357,ntin,-1,-1
38358,IS182dd87c821b572807502,-1,-1
38359,IS1d6792984afefa51cb475,-1,-1
38360,cxlo,-1,-1
38361,IS1b133df10c6eb6ddd4102,-1,-1
38362,MrInsanity,-1,-1
38363,IS1435a3d9401b082b77119,-1,-1
38364,IS1a285934141ee2d3253b9,-1,-1
38365,IS1a6134109810667f1bf50,-1,-1
38366,Wulfhere,-1,-1
38367,IS13e123f2b53d30,-1,-1
38368,Bonin,-1,-1
38369,ExiledLeader,-1,-1
38370,IS1307807472705ecdf4a97,-1,-1
38371,LsscyDghsss,-1,-1
38372,IS1f464e8afda24aac180ea,-1,-1
38373,IS114828b0a35616191e31b,-1,-1
38374,IS11d3edd16b744b333e550,-1,-1
38375,IS1f23acc45c0d1da52b72b,-1,-1
38376,4tYg2Ol821,-1,-1
38377,IS1e6ba146b02ed3,-1,-1
38378,BiEwzC0UUM,-1,-1
38379,IS15aea12a47524b4e3eb51,-1,-1
38380,Wolfawoo,-1,-1
38381,ArterialBlack,-1,-1
38382,Nerghal,-1,-1
38383,IS1c9f67452aca5925e6977,-1,-1
38384,IS16c6d23eae2230759ccd3,-1,-1
38385,IS1e6746e18ff160e90b380,-1,-1
38386,IS1ccfcd1c00f5e229b5a6e,-1,-1
38387,IS190af64d7607e915dc8b9,-1,-1
38388,Kadin Kohle,-1,-1
38389,IS19edb8a0aa1cd94236d48,-1,-1
38390,IS162cff20f9d893c472d70,-1,-1
38391,Mister Bleak,-1,-1
38392,Verseau,-1,-1
38393,IS19d9c5ec50dfd13a067f9,-1,-1
38394,IS1097e5526de0467c0f74e,-1,-1
38395,IS1b235f3f2222b167fdc3c,-1,-1
38396,IS17181700541fb97ce1de1,-1,-1
38397,IS18f75931e26905d6bbeae,-1,-1
38398,Refractured,-1,-1
38399,Sharpevil,-1,-1
38400,IS149ed5429131fe38513eb,-1,-1
38401,HsrrghcdsBerssrd,-1,-1
38402,IS10d5df3b7e28a47b427b1,-1,-1
38403,IS1161b814165e2c511a3b3,-1,-1
38404,IS117e7957b3eb7fce0c07c,-1,-1
38405,IS1385c2b6a6ff94,-1,-1
38406,Elmnir,-1,-1
38407,chocomog33,-1,-1
38408,IS1d3e898205d1dab47f625,-1,-1
38409,IS164191fa49232211de291,-1,-1
38410,IS120549828cafb3645a961,-1,-1
38411,IS1927d61c675cef8548bee,-1,-1
38412,Clockwork,-1,-1
38413,IS1e76d5f77950854ccb82b,-1,-1
38414,IS10ebb954a6791d938890a,-1,-1
38415,DarkMym,-1,-1
38416,IS12f0860952123564eb1ba,-1,-1
38417,IS18edb1037f1166e4583fb,-1,-1
38418,IS16bf5e8ffa224c7231653,-1,-1
38419,IS149ab5c2a495e00055f64,-1,-1
38420,Maneleus,-1,-1
38421,KyleFuckingSucks,-1,-1
38422,IS1ab9cd30c43481,-1,-1
38423,IS1048c4135bb5e8d2d67c1,-1,-1
38424,IS112511c264d4f24da163a,-1,-1
38425,IS18342604f8d9e2b1b2496,-1,-1
38426,Pizzazz Lord,-1,-1
38427,3aLQ9KK5b7,-1,-1
38428,IS10f26b36f3e719c407beb,-1,-1
38429,IS12a0d73c7a1e88a8a8b55,-1,-1
38430,IS18cca2fa5444cd59d18ae,-1,-1
38431,IS11a3931bd936f99e2c8be,-1,-1
38432,IS113d0de72d41b6ad7fbad,-1,-1
38433,IS13265862476ee79fd1564,-1,-1
38434,Ikari Warrior,-1,-1
38435,IS108746496d53e2d03f97f,-1,-1
38436,IS1c012ffd94c2baa621a41,-1,-1
38437,iRiaVxMaEV,-1,-1
38438,IS194ac99363e3cd06da704,-1,-1
38439,IS1c0ed212a6e6ed0b24813,-1,-1
38440,IS13bf9922e11b2869b16a8,-1,-1
38441,IS1084a33c95731fea410ee,-1,-1
38442,IS1e8dabdada2c96157aeae,-1,-1
38443,IS1f0af8cc8fb8637673950,-1,-1
38444,IS1c76dc6e4048281160fe0,-1,-1
38445,IS13d4596ee0d31be174539,-1,-1
38446,Akoji,-1,-1
38447,IS12753ff5a685c2a52365e,-1,-1
38448,inVINCEable,-1,-1
38449,XiuXiu,-1,-1
38450,IS109aa7365fbbb8d71df4e,-1,-1
38451,Jindrack,-1,-1
38452,IS175b6ccd90522d024a51b,-1,-1
38453,IS1d8f34b62fcdf9,-1,-1
38454,CPT Stewart,-1,-1
38455,IS11859dac5337cf2df68e3,-1,-1
38456,Neagonant,-1,-1
38457,IS1a56aed75fc276a1523d2,-1,-1
38458,IS1e64a83f13a947994500c,-1,-1
38459,IS1aa53f6ea6971313c9b6d,-1,-1
38460,IS1617a069a0cbc86f5f371,-1,-1
38461,IS15ed80211d28178d2df18,-1,-1
38462,marvelatthedust,-1,-1
38463,Groune,-1,-1
38464,IS108a3021908f6f79bfea2,-1,-1
38465,IS1d05c78c263bd9,-1,-1
38466,IS136735ca81d981300eb12,-1,-1
38467,IS1e471a347be105e7cbd08,-1,-1
38468,IS1442cb1fd4d659b395c38,-1,-1
38469,IS1439bf9e3c66374aed1f7,-1,-1
38470,IS1fb78f3d10d363639f8d4,-1,-1
38471,Summonerjoe,-1,-1
38472,IS16984edcfdb195191295c,-1,-1
38473,lolcar,-1,-1
38474,Average Wiener,-1,-1
38475,IS14f6ad9c0f46fe7f0a9f2,-1,-1
38476,IS11faf7519ccc644af7074,-1,-1
38477,IS16b460776a239583cc183,-1,-1
38478,IS12230a72c31cb0d21f0ce,-1,-1
38479,IS1199dad9533366040fe2b,-1,-1
38480,IS1f5650455c0f8f,-1,-1
38481,IS1a916bee8d50ec,-1,-1
38482,IS1f273abc6c98a41bee213,-1,-1
38483,xstardomx604,-1,-1
38484,IS162947301a373dee84121,-1,-1
38485,IS1ab54e49488b53bf20f1e,-1,-1
38486,IS1a9e40011628269e71ded,-1,-1
38487,PsycTint,-1,-1
38488,IS1257c70ae1d53ac5b61fb,-1,-1
38489,arkhart,-1,-1
38490,IS196bb8e3e4e090827da37,-1,-1
38491,IS1fc20504bdbc3c,-1,-1
38492,IS127042e1034d63,-1,-1
38493,IS13626709c7de5cf42f34e,-1,-1
38494,IS189993979761d511af70f,-1,-1
38495,IS129f4657711d7317d3dea,-1,-1
38496,IS1c14165dfdfb53fc054a8,-1,-1
38497,IS159fa10df359a0,-1,-1
38498,IS11e718e55244d7440ff7d,-1,-1
38499,IS1f5cbe32477af2aeae3b0,-1,-1
38500,IS13a3e5382646b05217e95,-1,-1
38501,Rhamnusia13,-1,-1
38502,IS1a68025d4c3e14ed9f77d,-1,-1
38503,Take Traitor,-1,-1
38504,IS1b51ba2efc56db5953139,-1,-1
38505,IS1c19dd5933cd7df67c241,-1,-1
38506,IS1217b3894c0b461ff297c,-1,-1
38507,ESWAT,-1,-1
38508,Domination,-1,-1
38509,Lupa,-1,-1
38510,IS1a130f5b5d53dbcd915e5,-1,-1
38511,IS1a4b4b305541fa13a8c41,-1,-1
38512,IS1cd3981cc5aaf74ffe1f3,-1,-1
38513,IS1938401f07d1ccccc411b,-1,-1
38514,IS13fd168c9d16414c08b8c,-1,-1
38515,IS1cbfc11e16d20e723991d,-1,-1
38516,J6b99cwnWR,-1,-1
38517,3NyZoVJL0F,-1,-1
38518,menux,-1,-1
38519,IS14d54c7760f184ee68506,-1,-1
38520,IS131966b402eb701d2091e,-1,-1
38521,Teemonator,-1,-1
38522,Stonebone,-1,-1
38523,IS1b1930cb81c503058b4c4,-1,-1
38524,IS157ea56d3c6fd32491578,-1,-1
38525,Aeruk,-1,-1
38526,Bizob,-1,-1
38527,IS19e3d928132298251e0ec,-1,-1
38528,Dunian,-1,-1
38529,theicebox,-1,-1
38530,IS17ce0cf1bf304b6b023ee,-1,-1
38531,IS1700b4408b63e7fe0f9c8,-1,-1
38532,Hackalacka,-1,-1
38533,Alexxa,-1,-1
38534,IS18f32d3a8c14897f1af61,-1,-1
38535,KingWarp,-1,-1
38536,youlikepie,-1,-1
38537,IS11d1eb9a521fc583ece2a,-1,-1
38538,IS12b7a946fa660b312cd20,-1,-1
38539,IS1777ae7482d440fbcbf07,-1,-1
38540,Mirth the Decisive,-1,-1
38541,IS101e603b355979d2f4270,-1,-1
38542,Rand,-1,-1
38543,Percival,-1,-1
38544,IS136441790b3057bd47e9c,-1,-1
38545,8TGzzQgkw2,-1,-1
38546,IS165a32347dfcb0676a3c5,-1,-1
38547,IS1fde28a1abfafed2c1075,-1,-1
38548,YaTricked,-1,-1
38549,Whyegssssesscg,-1,-1
38550,SgB21mVIZs,-1,-1
38551,IS17b8623c18045a1c75c18,-1,-1
38552,IS1dd214b1a9ff3828fcd16,-1,-1
38553,IS1e504e33b7e6a9ec92e8a,-1,-1
38554,themime,-1,-1
38555,IS1ebc5588386df7c370c55,-1,-1
38556,T Superfly,-1,-1
38557,svhiJ9JtN6,-1,-1
38558,TheKnockout,-1,-1
38559,IS1e412142657fe4d3cbc14,-1,-1
38560,IS123346c30cb6f1d223eb6,-1,-1
38561,Telena,-1,-1
38562,IS15109134ba82106ac40f2,-1,-1
38563,Seraphim Rose,-1,-1
38564,IS136198c687e0864e253bd,-1,-1
38565,IS15b4a6f804b03839f704f,-1,-1
38566,IS1b3c70790c9d45ec0f7d9,-1,-1
38567,Calash21,-1,-1
38568,IS17eeee5aa39820330313c,-1,-1
38569,IS1d5024a7b396ec5f250b6,-1,-1
38570,Whiteskull,-1,-1
38571,IS199e7cd451455413a94e3,-1,-1
38572,IS167e3945f46b2e550b185,-1,-1
38573,blackcomit,-1,-1
38574,Ventuss,-1,-1
38575,IS1183b2cbc586ccfb1d0ec,-1,-1
38576,jVWbRCvU9A,-1,-1
38577,GUNEYTURK7,-1,-1
38578,IS19c1be78194c1115eb42a,-1,-1
38579,IS170a5e1a29e6e3d915272,-1,-1
38580,IS1b87887edcced9cd486c7,-1,-1
38581,IS15b107fc77798e9318926,-1,-1
38582,huan two three,-1,-1
38583,IS1296886f236d3557fbbab,-1,-1
38584,IS102d7725c726942cc8b7e,-1,-1
38585,IS13badb832fb359fced0c9,-1,-1
38586,IS198efc26ddcd2dfe93412,-1,-1
38587,IS1852af66070149f78fb02,-1,-1
38588,IS172cceb2f90ba9097ff67,-1,-1
38589,cprv4yXKwB,-1,-1
38590,IS12e5cb1c3e278e2652969,-1,-1
38591,Jesusjv641,-1,-1
38592,IS1ae41d4b40a146e759a72,-1,-1
38593,IS1e94afa9aaf45dee2b9db,-1,-1
38594,IS15da225d5c5e70143e44d,-1,-1
38595,IS16c8cbe768098a3103ab3,-1,-1
38596,SluzzyBunny,-1,-1
38597,IS10bf9722d84bc4f97bb47,-1,-1
38598,IS1514aa0164c7fc4f6cea8,-1,-1
38599,IS19107057824ca9dbaf6b8,-1,-1
38600,AatoaiaHazel,-1,-1
38601,IS18b438119e2fec2d67804,-1,-1
38602,IS193743b6178622c588208,-1,-1
38603,IS1d946655d34a8a30d76db,-1,-1
38604,IS15ccf0d28cbe43f3c1a55,-1,-1
38605,SkarletAsh,-1,-1
38606,IS16b121b777eb204f94b30,-1,-1
38607,IS12e438f42411a2fb3443d,-1,-1
38608,IS16d1546deb0c976216f3a,-1,-1
38609,IS16a79afe6a2e4b0898d84,-1,-1
38610,IS16701f8e41b0586a09fae,-1,-1
38611,Hãchiko,-1,-1
38612,IS16af9c09c1d8fa13d2d03,-1,-1
38613,IS13cc252d977ea261a1bc1,-1,-1
38614,IS1ce7d95706a6801597bd2,-1,-1
38615,Melum,-1,-1
38616,Illadantra,-1,-1
38617,IS1b5d4f3f4c364935acfbd,-1,-1
38618,Kelvana,-1,-1
38619,Terrell,-1,-1
38620,IS18651560dd175e53e498b,-1,-1
38621,IS15a046e055254038872c6,-1,-1
38622,zoofman,-1,-1
38623,IS15e8a8e01b5a76e4b2e0f,-1,-1
38624,Azuryan,-1,-1
38625,IS1c4ccd9078ad0e9b018bd,-1,-1
38626,IS1d2953194b54f37d8a8a5,-1,-1
38627,Stratoss,-1,-1
38628,IS1a8b993cb4605d772ec16,-1,-1
38629,Tiberstorm,-1,-1
38630,IS1d7566cb8e00b9e029bb9,-1,-1
38631,Marzocchi,-1,-1
38632,cheddardust,-1,-1
38633,IS1946c6f76c58a5ed0f52c,-1,-1
38634,IS1ae8d44aa1927f7ab6092,-1,-1
38635,Duodecim,-1,-1
38636,IS1cd6356e9be7786960e64,-1,-1
38637,yondersoup,-1,-1
38638,IS127b7cf3a888cfda196f5,-1,-1
38639,Bloodhealer,-1,-1
38640,IS199fea00950703d3d844b,-1,-1
38641,Z3 Blade,-1,-1
38642,k644vgjxxI,-1,-1
38643,Apoxol,-1,-1
38644,IS19c098928fcb1e0011533,-1,-1
38645,Pornstar Rammus,-1,-1
38646,IS1b9e8c58d169fc1a560db,-1,-1
38647,IS1f4419b1d6c71a71ed9a7,-1,-1
38648,Ailanthus,-1,-1
38649,IS1e2d1244b14cdfb7fc26a,-1,-1
38650,Huhii,-1,-1
38651,IS121daca308b5cb0f04c64,-1,-1
38652,Y8ohHijdsP,-1,-1
38653,IS17a16d3c445fcccfc626f,-1,-1
38654,IS1ab3dd556bf54ffbc0707,-1,-1
38655,IS1b620d77b78ec5d833fd5,-1,-1
38656,IS1fa6dfe1ed044b240db61,-1,-1
38657,IS1ee2fa69ddb9597b61258,-1,-1
38658,IS1c36481d414d5a8246aa0,-1,-1
38659,ColonelBlack,-1,-1
38660,Z2 Mickev,-1,-1
38661,IS1c5fd25175138d19b8246,-1,-1
38662,IS1f0b1c4d41c96defa0993,-1,-1
38663,IS1ae6c5ec0f9c8da631a6d,-1,-1
38664,IS1311bd73084c343c1e15c,-1,-1
38665,IS1af6af665a6e147d246fa,-1,-1
38666,IS104f185be4d7ad5a68f97,-1,-1
38667,IS12e7d8143c228b7f17793,-1,-1
38668,IS1d4d8b8b80033f0d7a448,-1,-1
38669,IS1310b5286a9df9c3839a1,-1,-1
38670,IS13c90e74d8761976f3229,-1,-1
38671,mulgarz,-1,-1
38672,gefol,-1,-1
38673,6jok3z9,-1,-1
38674,Geccko,-1,-1
38675,Therax,-1,-1
38676,9QSMWQXk7J,-1,-1
38677,Cyflan,-1,-1
38678,IS1e5a95e9f00bf745bd8b1,-1,-1
38679,EPujlkW0O7,-1,-1
38680,Tekkitty,-1,-1
38681,Nike1995,-1,-1
38682,IS1aef77b81da13549edc4c,-1,-1
38683,IS103be063a5169c69d2243,-1,-1
38684,Bhaale,-1,-1
38685,IS1576160514f5645b70c61,-1,-1
38686,Y4VdEBJKq1,-1,-1
38687,Shonomo,-1,-1
38688,IS139820946387c9e8aa5c8,-1,-1
38689,IS182954fde6266edbbda6e,-1,-1
38690,IS17952a37d1ad608289a60,-1,-1
38691,Quebe,-1,-1
38692,IS1a791b9cf73b03a739277,-1,-1
38693,Skit7o,-1,-1
38694,IS18d6856487cd438b32735,-1,-1
38695,Marclar777,-1,-1
38696,AIMonster,-1,-1
38697,IS17ff639cf8a1e7a17d743,-1,-1
38698,primension,-1,-1
38699,PriseFighter,-1,-1
38700,Fenris83,-1,-1
38701,Servant Dodo,-1,-1
38702,Clord,-1,-1
38703,agc8602,-1,-1
38704,IS143cf2fae2be4824c7cce,-1,-1
38705,Thorvall,-1,-1
38706,yCxZBBIEu6,-1,-1
38707,IS1bc87ee25f12ff7c44088,-1,-1
38708,IS11d5041c4962f9cec2347,-1,-1
38709,IS1c5bc97fe8a291551f3b3,-1,-1
38710,IS1ec1dbed7d724343ce448,-1,-1
38711,Cash me Mid Lane,-1,-1
38712,IS14bcccc2a292b8876003b,-1,-1
38713,IS1e86a0fc93e5f76cc99ce,-1,-1
38714,9999999999 HP,-1,-1
38715,IS10c0bf7fc2ae638271fd4,-1,-1
38716,IS1b3aa9b9876f7ddcb8d38,-1,-1
38717,IS161bda37e0958c0b5c940,-1,-1
38718,IS1e10b9133900cf885a313,-1,-1
38719,IS1271c1f206b76f8e6a893,-1,-1
38720,Boss Blastoise,-1,-1
38721,Mordin,-1,-1
38722,IS1c5e1b14ed308d16df4ea,-1,-1
38723,IS1798aa5dca4a9ea65ee64,-1,-1
38724,XeroDream,-1,-1
38725,IS17c0baa53b1779ae1e29b,-1,-1
38726,Abados,-1,-1
38727,IS1baeef86cbc2c097883ea,-1,-1
38728,LtP6r6eRxz,-1,-1
38729,Fuhrerer,-1,-1
38730,vulpesraven,-1,-1
38731,IS14c47de15d030c76fed39,-1,-1
38732,Sarmhan,-1,-1
38733,Red VII,-1,-1
38734,5ifTXGuifq,-1,-1
38735,El9zRGvILb,-1,-1
38736,IS1c62a93170d9dc2cf5a52,-1,-1
38737,dusseldorf,-1,-1
38738,Libertest,-1,-1
38739,IS17f2eb44728a0a3d7cfc3,-1,-1
38740,IS12a1df8306d37126a7241,-1,-1
38741,IS1779c044ef3e4b05c02a4,-1,-1
38742,eddieko,-1,-1
38743,IS12002242dd83189c69b58,-1,-1
38744,IS134f36c1fc4d3157b8703,-1,-1
38745,IS1443973b114ad099b1485,-1,-1
38746,Weiji,-1,-1
38747,Niksisdk,-1,-1
38748,kavatz,-1,-1
38749,Halwin,-1,-1
38750,IS16bccf503a440032e72c2,-1,-1
38751,IS199072a8865d9b1e909fe,-1,-1
38752,IS13cf63ae47e955ca9c312,-1,-1
38753,IS13c63cf0e6cb6d06cf22c,-1,-1
38754,IS172834b2cca658a731119,-1,-1
38755,IS1e1f3d41d0711bcabeb58,-1,-1
38756,IS1fbfa10e56184450c48fa,-1,-1
38757,IS10f6acbdd1cd1a8093252,-1,-1
38758,IS156afcf7a343e521b89df,-1,-1
38759,Dracen,-1,-1
38760,Ranghar,-1,-1
38761,Darkpsyco,-1,-1
38762,wweqweacas dw,-1,-1
38763,IS1b9148bf03bbc36ef572d,-1,-1
38764,LiquidTyphon,-1,-1
38765,Bloodedge22,-1,-1
38766,Damlurker,-1,-1
38767,IS110d1d3c03cabfb172350,-1,-1
38768,IS1c65b9ead3841c20fcb28,-1,-1
38769,IS12cf6f214349c39588527,-1,-1
38770,BennyZee,-1,-1
38771,IS1a734026c82c1012408f5,-1,-1
38772,Esplin,-1,-1
38773,IS10333b8fe9f514c707f70,-1,-1
38774,Phalan,-1,-1
38775,Nakadashii,-1,-1
38776,IS1e06b7e5af0481196b674,-1,-1
38777,IS1c44bdb10a7f61ef737de,-1,-1
38778,IS1dd3ec108bc7350f7cca8,-1,-1
38779,Z2 Thunder,-1,-1
38780,IS10ef0b2ee26c40924d7a5,-1,-1
38781,HermesTX,-1,-1
38782,IS121eedbe76248d1e3abcb,-1,-1
38783,FailureByeDesign,-1,-1
38784,sewwsswghre,-1,-1
38785,IS1c29f01c4ff6a33e87d19,-1,-1
38786,DrSlotch,-1,-1
38787,Lumenos,-1,-1
38788,Immortan Jim,-1,-1
38789,Cloute,-1,-1
38790,Orbit,-1,-1
38791,Drizz,-1,-1
38792,IS1c0a505524861b37b5915,-1,-1
38793,IS1863faf3f09d860cf9108,-1,-1
38794,IS13204a99b0e9f26ba4bab,-1,-1
38795,PeteMcTee,-1,-1
38796,IS18ce758c935d4314073b2,-1,-1
38797,Xortok,-1,-1
38798,IS132fd840eb99737ecdde4,-1,-1
38799,Anaxis,-1,-1
38800,Inazuma1289,-1,-1
38801,IS1eb5921992e5abc7dc4ad,-1,-1
38802,2knxnj6EDf,-1,-1
38803,IS1cfeb6a1d2b6d2078063d,-1,-1
38804,IS1d3551081d97b09bc034a,-1,-1
38805,CloudAzure,-1,-1
38806,IS101dcac08cb12f08cf389,-1,-1
38807,IS19c0457bf8c566aaba393,-1,-1
38808,IS19e69866ec156ecfa2847,-1,-1
38809,IS1f0167a87557b655ba440,-1,-1
38810,KABLAO,-1,-1
38811,Tinneas,-1,-1
38812,IS156f0340836378416136c,-1,-1
38813,IS13a2d47dc6f0243e9d64f,-1,-1
38814,IS1a7d412ffddedd6727d0a,-1,-1
38815,OmegaSpace,-1,-1
38816,IS17bff98239a2521d24a34,-1,-1
38817,IS1bcfa6e67bcf09d617398,-1,-1
38818,Ranghar Everhate,-1,-1
38819,Doctalas205,-1,-1
38820,IS189670be8396a71534a08,-1,-1
38821,HOlmArxrGr,-1,-1
38822,IS1047c12186fb54f3f0c88,-1,-1
38823,naK3IaICyR,-1,-1
38824,IS1a9e98cfd8857f3bedd6b,-1,-1
38825,BinaryReaver,-1,-1
38826,RCShelto,-1,-1
38827,IS13bfb755f74fbd6070ae3,-1,-1
38828,Debo34,-1,-1
38829,xXxSephirothxXx,-1,-1
38830,IS10cea4d0eed366a70668a,-1,-1
38831,asdbnmrty,-1,-1
38832,MysticLlamaMan,-1,-1
38833,Arkmaker,-1,-1
38834,Medive,-1,-1
38835,IS1432ddfa614b083caae21,-1,-1
38836,IS1a5df183d29e1c095623a,-1,-1
38837,IS143b937c0cf707d0f3cd9,-1,-1
38838,IS19817c1b812c22f4ce721,-1,-1
38839,IS1f98d50275cf056232b73,-1,-1
38840,IS1e0796b6df16eff543108,-1,-1
38841,AKghost,-1,-1
38842,IS158d2a5a9da7a095bbd0f,-1,-1
38843,IS12d8bedab4efeccb09464,-1,-1
38844,IS1fc75fd6ecfd4ba804b11,-1,-1
38845,Chiocchi93,-1,-1
38846,IS16ccbde585e1a32d94f0e,-1,-1
38847,2LQXyMMJxx,-1,-1
38848,IS1155f65b3767a8473219a,-1,-1
38849,KenkiKirky,-1,-1
38850,IS16f500f6193c8a5bda780,-1,-1
38851,Rylaera,-1,-1
38852,Drulle,-1,-1
38853,ojones12345960,-1,-1
38854,IS11fc59c33a5328d7b5a37,-1,-1
38855,IS1cc8f1ceed1134cc06934,-1,-1
38856,IS1b34da02046be3a5ab5d3,-1,-1
38857,IS1236832fd97660e14becb,-1,-1
38858,IS1d68352c54ea9c46b36e6,-1,-1
38859,IS1a10a6a8f13750b41bf0a,-1,-1
38860,tpro83ismywaifu,-1,-1
38861,Xoju,-1,-1
38862,IS1a29f4d87e511fbb95178,-1,-1
38863,Krazy8,-1,-1
38864,IS119bb91d1760849b0dd45,-1,-1
38865,IS1a66db45a257be6c8974e,-1,-1
38866,IS1c0be489b49a24d3b3c08,-1,-1
38867,Decay,-1,-1
38868,IS1b1cdbe1a5402325752b8,-1,-1
38869,IS197ce2ac8b3544b479a10,-1,-1
38870,xDias,-1,-1
38871,TZxlobJzZP,-1,-1
38872,IS1c1606a343340b57dc8b7,-1,-1
38873,Huzzabari,-1,-1
38874,IS13389732d52be1e184420,-1,-1
38875,shub ziggurat,-1,-1
38876,Ragefield,-1,-1
38877,Dravene,-1,-1
38878,Esconomics,-1,-1
38879,Jefelicious,-1,-1
38880,IS1af99448576a18ececddd,-1,-1
38881,Trick2Jeezus,-1,-1
38882,Kocosephia,-1,-1
38883,Atlas523,-1,-1
38884,Spunkify,-1,-1
38885,IS181a37e2d0a3e5d1a225b,-1,-1
38886,IS18b9cc8a1aae0255da728,-1,-1
38887,IS18c6851aa339173785819,-1,-1
38888,IS1161c6a13f424af3c2791,-1,-1
38889,Lightdark,-1,-1
38890,Magoomba,-1,-1
38891,Lord Fragamacrunch,-1,-1
38892,Etienne Bilodeau,-1,-1
38893,OyRAGpWYlB,-1,-1
38894,IS1c937ad310c6797cf674c,-1,-1
38895,Rebi Tora,-1,-1
38896,Rayteku,-1,-1
38897,Nichy,-1,-1
38898,Cheex,-1,-1
38899,IS1e3d1c3936eff8b945405,-1,-1
38900,Lindi,-1,-1
38901,IS1ec66569a098d8984177e,-1,-1
38902,Wisdomcube2000,-1,-1
38903,Bleach2039,-1,-1
38904,IS109fa5973b694e30a5791,-1,-1
38905,Storm Serpent,-1,-1
38906,IS1647ae29b2833540f0028,-1,-1
38907,MrGr1mm,-1,-1
38908,Teynjin,-1,-1
38909,IS12f533bad63896c1b7f7f,-1,-1
38910,IS190377fa615eeb3369ec9,-1,-1
38911,Newnew000,-1,-1
38912,IS1a0bb7c95d963fce387b3,-1,-1
38913,BIGBOOM,-1,-1
38914,Zetsuei,-1,-1
38915,Slighted,-1,-1
38916,IS1141b8e89b161dc774a47,-1,-1
38917,IS1d1d50ae7bf662ee1910b,-1,-1
38918,IS1e61b4f86dd59c3f6aca7,-1,-1
38919,IS1d6963cf3da7677453378,-1,-1
38920,IS1eb24d6a16a74d31e0aa4,-1,-1
38921,IS17b4672e5f7ff2a51af5c,-1,-1
38922,IS1c330a0fcd03bdc2198df,-1,-1
38923,Ratfink303,-1,-1
38924,IS154f2a1aa6003bcadfb1d,-1,-1
38925,vizax,-1,-1
38926,IS1cb2051195a2be1740992,-1,-1
38927,Pedram,-1,-1
38928,Arzooito,-1,-1
38929,SeppukuBLUE,-1,-1
38930,Entropy0,-1,-1
38931,IS18f3a3ac5d0bb51ebf7aa,-1,-1
38932,Ghandi Rambo,-1,-1
38933,IS1e974dc2ad1153d804216,-1,-1
38934,IS125b33239d0cc645b7164,-1,-1
38935,IS17ce34b89f7cc8cf71d9f,-1,-1
38936,It Figures,-1,-1
38937,IS1c70fa393fbd568080016,-1,-1
38938,IS11f6055633cba79228a33,-1,-1
38939,Ralfazar,-1,-1
38940,nightblazer,-1,-1
38941,IS15ae3bf5e9dc46e17222c,-1,-1
38942,IS1340828fc50c3f66c99c5,-1,-1
38943,Rangoth,-1,-1
38944,IS180786cc3b0c8ff46daa0,-1,-1
38945,EmptyCanOwupass,-1,-1
38946,IS1007957e558cbb1959ecb,-1,-1
38947,Struktoeren,-1,-1
38948,IS1ced82377206f4ac503de,-1,-1
38949,IS1acb612e8e06e8b180dc5,-1,-1
38950,grsgio,-1,-1
38951,Irob466,-1,-1
38952,IS18f5209f20749c0d910ad,-1,-1
38953,CLG RiptideZz,-1,-1
38954,IS13defae6f341760df2cc3,-1,-1
38955,IS17aed242670ac8c735143,-1,-1
38956,IS1bba69640c6b1fd5c52f5,-1,-1
38957,IS1d8942ada8a91c88f5e59,-1,-1
38958,konflikt,-1,-1
38959,IS116c78c67b93964403417,-1,-1
38960,IS108c2cd49ee9c7ae4020d,-1,-1
38961,IS1c968e8dd1de09d7cd0a2,-1,-1
38962,a pygmy goblin,-1,-1
38963,IS186f905125d87dbd8b87d,-1,-1
38964,laseraces,-1,-1
38965,alkurather,-1,-1
38966,FroNagga420,-1,-1
38967,IS1294c7d6d2e076c6a3fdf,-1,-1
38968,IS1d5cdd73abaf5e884d932,-1,-1
38969,IS1e0b91af141a4f0d4dc32,-1,-1
38970,IS1f5f0267c822186d056c0,-1,-1
38971,Goldstariv,-1,-1
38972,DerendiCotac,-1,-1
38973,IS1bd86f9185656ab58b32f,-1,-1
38974,IS194e2a860ce40bc363855,-1,-1
38975,JohnnyCapivara,-1,-1
38976,bqwes93kaS,-1,-1
38977,IS1a59ee6b48569d0fc2797,-1,-1
38978,crAB2aeruo,-1,-1
38979,Krackels,-1,-1
38980,IS12596b795a8dfa3255b56,-1,-1
38981,IS19f5f0f6e781e915b15ac,-1,-1
38982,Stelio de Kontos,-1,-1
38983,Mithicor,-1,-1
38984,IS1918258fe1810a4f41ab8,-1,-1
38985,IS195514cf99299c650d871,-1,-1
38986,Verathis,-1,-1
38987,Novus,-1,-1
38988,doctorjeek,-1,-1
38989,Fasdar,-1,-1
38990,Grossmond,-1,-1
38991,Konstantinas,-1,-1
38992,Deathboy,-1,-1
38993,IS1e96b7f562526237db167,-1,-1
38994,IS1bf160f31f82354221313,-1,-1
38995,Nemico,-1,-1
38996,IS1a1777f6620e9eab4e4c4,-1,-1
38997,IS1a2c86fa0108c46c9fd32,-1,-1
38998,skona,-1,-1
38999,IS15f2da7b8127a2b308364,-1,-1
