43000,IS1ddf87c84edf4136a1126,-1,-1
43001,IS1633edcc5f228a5533f25,-1,-1
43002,IS179f745639eb7f81f6c51,-1,-1
43003,IS185b149c349327c7aac19,-1,-1
43004,IS14167de9c5f6366ee5e9e,-1,-1
43005,weetart,-1,-1
43006,IS113683aabb4d2bfb3b127,-1,-1
43007,IS1c488484d7ae8a8aa5b1c,-1,-1
43008,IS15923faccd5b74eeac9fd,-1,-1
43009,cuzarooney,-1,-1
43010,IS12c88641cd83a2e364bb9,-1,-1
43011,IS1f9d67d632c0dc5a72170,-1,-1
43012,IS14c5bd351084d5296f2e7,-1,-1
43013,IS167b9f4c4cb57f8927fac,-1,-1
43014,IS1ba5984cc1532e486b77b,-1,-1
43015,IS1765927ac1fe71fd53e07,-1,-1
43016,IS11383a4b9426bbae4a531,-1,-1
43017,IS132a45e4832bf54eaf382,-1,-1
43018,Porys,-1,-1
43019,IS18cab875cc01616fad7ed,-1,-1
43020,IS195b508eb2fab24e9d074,-1,-1
43021,IS16a66113c6fa328cc0dcb,-1,-1
43022,IS11bddc0ea191e533fb0d5,-1,-1
43023,IS1d58b8659df20c9ef8bba,-1,-1
43024,Bitwiser,-1,-1
43025,IS11c64c1ea6a6984646567,-1,-1
43026,IS1075d22c2198636284bd4,-1,-1
43027,IS1c452935357c024c55e65,-1,-1
43028,IS19a60357e72c3a415b71f,-1,-1
43029,IS11fb7f5af80d729ab8f76,-1,-1
43030,IS1a9b0dd9b67188cda4961,-1,-1
43031,Smyy,-1,-1
43032,IS155d76a1dc8953ebecd1b,-1,-1
43033,IS1f94fc5586c27bc42bc79,-1,-1
43034,IS1114a0498a60457ebdeff,-1,-1
43035,IS1526a8abcc096574373d2,-1,-1
43036,1y8Hca10Oy,-1,-1
43037,4VpjpO6SFp,-1,-1
43038,IS12949be852e1e409e1010,-1,-1
43039,IS18ba0d514f045e3a3313b,-1,-1
43040,b6tcbM2bG1,-1,-1
43041,IS1cde6f86349cbe0d61385,-1,-1
43042,Onions212,-1,-1
43043,IS16d42b2cc0eade243b3c3,-1,-1
43044,pondroo152,-1,-1
43045,proatjuICE,-1,-1
43046,IS1f8a8327f80d1827d59c8,-1,-1
43047,IS1aecbb7fa0359d8f85e57,-1,-1
43048,IS18de2f021a6a367331997,-1,-1
43049,IS15f8875beaeda2bde004f,-1,-1
43050,HKG TryHard,-1,-1
43051,IS1b4ddbcac7f7746dd5d6a,-1,-1
43052,bloodycross,-1,-1
43053,Mordenak,-1,-1
43054,Psiblade,-1,-1
43055,IS1870e3325594ffcc9049e,-1,-1
43056,IS1998910d59488625dd70b,-1,-1
43057,IS10bf1d9773e671d5a55fc,-1,-1
43058,IS105d833fb61efd8900061,-1,-1
43059,IS14b5db1ca952e11e12d43,-1,-1
43060,IS1947a3fe56de53d907f9e,-1,-1
43061,Umiuno,-1,-1
43062,IS1d8d02f27f16d2a8175c1,-1,-1
43063,IS1cf156e3649f930c89a14,-1,-1
43064,IS11d370246af6617cef13a,-1,-1
43065,IS1fce22dc1a12a6d8e6158,-1,-1
43066,IS11185c71eae88b71d6b65,-1,-1
43067,IS1e92385cac87ca0468af2,-1,-1
43068,IS14d2152227c0d60112947,-1,-1
43069,IS1362d6dd72f0dc9a7be61,-1,-1
43070,IS1dc0280f291194aec45b1,-1,-1
43071,The SHP,-1,-1
43072,xlom3000,-1,-1
43073,IS13b0591f6240af2b62091,-1,-1
43074,IS188ef7386c26093eaf92a,-1,-1
43075,IS1a0a99d52a19390bcfc61,-1,-1
43076,IS1d5834d0e48ad5ce632b9,-1,-1
43077,IS1368a6a029b0ff7c43ab3,-1,-1
43078,IS15c475993f26ae,-1,-1
43079,IS1b32de1b64d7521ff976b,-1,-1
43080,IS18484b7787659041858da,-1,-1
43081,IS1a6d7649532c3234c7fce,-1,-1
43082,IS1c34d392b5fb236aad608,-1,-1
43083,IS1f498b320aaaf4eb610c3,-1,-1
43084,Mr Eff,-1,-1
43085,Skyy,-1,-1
43086,Nazrok,-1,-1
43087,IS1ca6f6546b1d7750ad106,-1,-1
43088,IS140dcde0a1597cab5658c,-1,-1
43089,thegchan,-1,-1
43090,Nei0Angei0,-1,-1
43091,Troll best NA,-1,-1
43092,IS19567f3623b8c761f9920,-1,-1
43093,Airex,-1,-1
43094,IS1fe4b1b4b0dd66bb22c65,-1,-1
43095,xTheLordx,-1,-1
43096,IS1d0fce3d672ec52dc9c00,-1,-1
43097,Boosting eGrills,-1,-1
43098,IS1250e4aaec3898490d3ff,-1,-1
43099,IS16f765dfb3c5a6abf54c0,-1,-1
43100,pva7iPWZAR,-1,-1
43101,3dd2d,-1,-1
43102,IS124f4a60d82201a845fa6,-1,-1
43103,IS12325714456751a804932,-1,-1
43104,IS17aae7a8bca0e612a5231,-1,-1
43105,IS1017c9578b28a059f72e4,-1,-1
43106,Talinos,-1,-1
43107,IS1a51e779c62ee00bab576,-1,-1
43108,Shaulys,-1,-1
43109,8apsT13VSw,-1,-1
43110,IS1513d138400065f45927d,-1,-1
43111,IS1db028ff2b0575f48a9a4,-1,-1
43112,Krisko,-1,-1
43113,IS12da386510d7416679269,-1,-1
43114,IS18e17a84f7014fc172c49,-1,-1
43115,IS18eda99646354098f5c81,-1,-1
43116,IS1add64439de078c6a974b,-1,-1
43117,IS158f73a2b3bc95636522c,-1,-1
43118,IS1c079db2f54e480c00595,-1,-1
43119,IS1eba27b433da8a62bd9cd,-1,-1
43120,IS1f8ffd5a5f1f74b6f5a1a,-1,-1
43121,Bowser Bot,-1,-1
43122,IS1f7907288257056ad33a0,-1,-1
43123,IS11805c3e5e5e9605fe400,-1,-1
43124,IS10bd4a83838873dc22cb9,-1,-1
43125,Gossip Gecko,-1,-1
43126,lmihai2xx,-1,-1
43127,IS1e2037f15eca280218249,-1,-1
43128,IS178bcc791977fee27fc81,-1,-1
43129,IS1652afad06c9c4894cce6,-1,-1
43130,IS122196fb6be9745191e79,-1,-1
43131,Zinrae,-1,-1
43132,IS163b43f2a1260a113457d,-1,-1
43133,IS1929df950b6e1eae1994e,-1,-1
43134,IS19d6b22e8b5eaeb029b0d,-1,-1
43135,IS161d669cd81383f6a4baa,-1,-1
43136,IS112f8c2d553a48a894db8,-1,-1
43137,IS1266c37ba54cbb0fd2bc4,-1,-1
43138,IS11c6053e7b45e1a50fc9e,-1,-1
43139,IS181d7f23e073acee75040,-1,-1
43140,IS14aa904bb7c9c5e90ba8c,-1,-1
43141,IS1f2a9fb4cfc006658015e,-1,-1
43142,AwesomeMcRad,-1,-1
43143,IS1cfe72d60c24f46a991fc,-1,-1
43144,IS119fb01ecad725bc3952d,-1,-1
43145,IS1ff15332bf4b308a47b50,-1,-1
43146,Arcanon,-1,-1
43147,IS1de23d1f19991e52793a3,-1,-1
43148,IS1038be2705fc36f5de8d9,-1,-1
43149,IS1eb91aba8f0f46ec9c164,-1,-1
43150,IS19f9362a484e5915c132b,-1,-1
43151,Doliprane,-1,-1
43152,IS15af83a3fcbdc64dbceb2,-1,-1
43153,Z1 Scratch,-1,-1
43154,fQ56TmoBfM,-1,-1
43155,IS17816b74e84654a8ea7dc,-1,-1
43156,DarkAegis,-1,-1
43157,IS19fe1a9cc28b71c7525e4,-1,-1
43158,IS1ded89a268f4b38a30b35,-1,-1
43159,IS16d425e86394725b2afd6,-1,-1
43160,IS1912968390343bd2c4bdf,-1,-1
43161,IS1559b7ab9eb2398d4c7d5,-1,-1
43162,IS113c5e261c50eb0729cce,-1,-1
43163,lobiency842,-1,-1
43164,IS17b1ac58ba2fedbb6ff2f,-1,-1
43165,IS166d031e78cb09fdf9814,-1,-1
43166,IS1911919f6b2b365d614b8,-1,-1
43167,Blindsider,-1,-1
43168,IS1ee92bc8477140c8cf2f1,-1,-1
43169,IS12f67bcc1608db83ac1c4,-1,-1
43170,IS11aaef1704b6e60524cce,-1,-1
43171,IS16207eecefd77318cebf9,-1,-1
43172,IS12b1ffded3514a5e00dec,-1,-1
43173,paradroid001,-1,-1
43174,IS19e0ee25a2f9530b71e24,-1,-1
43175,IS1b2a94639b7674eba07e4,-1,-1
43176,tartoru,-1,-1
43177,IS1b15598b6b6d4f41af482,-1,-1
43178,IS1458338c5f7e74556735d,-1,-1
43179,SirLaggalot,-1,-1
43180,IS1ad140cca42ad9b34235c,-1,-1
43181,CLG Saint,-1,-1
43182,IS12ac7a87c19d69f261db2,-1,-1
43183,IS1920907c053f5c6e0e7ed,-1,-1
43184,ënt,-1,-1
43185,IS1afc42c2b1eab2017c135,-1,-1
43186,Trashmyego,-1,-1
43187,Chriskills,-1,-1
43188,IS10616f5e9e763c5a15a01,-1,-1
43189,IS1ad58606380abe0decf95,-1,-1
43190,Diviculous,-1,-1
43191,IS17bf0678c26b399429fe3,-1,-1
43192,IS18e91d19ed7cb75e1dd86,-1,-1
43193,IS1a662586e8998b3a9bb77,-1,-1
43194,IS125fba2d2e080cb2c25a9,-1,-1
43195,IS1025028618ce2071bb1c2,-1,-1
43196,qqqqqqss,-1,-1
43197,IS1227dcffda2e9a4118d91,-1,-1
43198,IS1ec17e83570b720109b94,-1,-1
43199,IS100fbc214ee90dbcd2665,-1,-1
43200,Foxy Q,-1,-1
43201,IS1a33eec7f23d2082308cb,-1,-1
43202,IS16415dcd80433084edfa8,-1,-1
43203,IS1bb4a1152fa49a993a05c,-1,-1
43204,IS1a33091503ba45b3f8ea5,-1,-1
43205,Shagrul,-1,-1
43206,IS109ae12425ce6be85447c,-1,-1
43207,IS14c1d74b7eeda51f34b3e,-1,-1
43208,IS111e4aa65d2b2feea11b8,-1,-1
43209,IS198cda311476afeade289,-1,-1
43210,IS11cda61ce6460b460fec3,-1,-1
43211,tqsmmm,-1,-1
43212,IS19350ada989519870b0e6,-1,-1
43213,forgotonone,-1,-1
43214,IS1bcb14f66d92aabe75092,-1,-1
43215,IS1551f99dd475924788d9a,-1,-1
43216,RXGTSUUP1,-1,-1
43217,IS1db9c6631440f5b5cf0dc,-1,-1
43218,IS10f461e4af33fce8d71f6,-1,-1
43219,IS1d53305b7fef58d1a0c43,-1,-1
43220,IS18817fd47172ff321c685,-1,-1
43221,IS174d4ceb12b79d1d66442,-1,-1
43222,Stairway High,-1,-1
43223,IS1e408dcf5f338935402af,-1,-1
43224,IS1891e2587415cb90c27d6,-1,-1
43225,IS18b761c51b326e0573127,-1,-1
43226,IS15729e20495ab2d91f959,-1,-1
43227,IS1c158687c2af760cc4d46,-1,-1
43228,IS1b9f49bc9106b10b84fbf,-1,-1
43229,IS1c2aad5ab094608a71c77,-1,-1
43230,IS1f1b4ead2a900747e6a00,-1,-1
43231,IS1760d51fc6f31b0de2b6c,-1,-1
43232,fellyn,-1,-1
43233,Asieth,-1,-1
43234,IS1cc70b11def6f176895b1,-1,-1
43235,IS1374765553e6113a4b9ee,-1,-1
43236,IS11611a5417e5aa8c3a1ba,-1,-1
43237,IS15e15a521ec10fd405ddf,-1,-1
43238,IS1510059faacba4518f33d,-1,-1
43239,IS169db84c6ece767fd4d2e,-1,-1
43240,IS1d4cc3f1cf9c05ad7e944,-1,-1
43241,IS1be8ecb96de3776dd0963,-1,-1
43242,IS15d92c4a08f67ec636059,-1,-1
43243,IS147c12e2d704f2321dc0b,-1,-1
43244,Nalkaa,-1,-1
43245,BadKid,-1,-1
43246,trcssslghsec,-1,-1
43247,IS12a5ccebba4f5912b2b93,-1,-1
43248,IS17538918ae404ac1c7563,-1,-1
43249,section8panda,-1,-1
43250,IS16c71bc7d1ff24609d223,-1,-1
43251,IS1ecc0f8b1e0e3e189fc79,-1,-1
43252,IS106ac88b2dbcaf92afcc5,-1,-1
43253,IS15dfb218312264ea999ac,-1,-1
43254,IS1f45cdf4ed7257253a636,-1,-1
43255,bladewraith,-1,-1
43256,IS1b805f4bfa7144d4e3fdf,-1,-1
43257,Simmsy9iron,-1,-1
43258,IS1d17b825ebc226df3479c,-1,-1
43259,IS15d570c22deb545a8fabd,-1,-1
43260,IS1cb53763e516363a3da6d,-1,-1
43261,Free,-1,-1
43262,SavageNorse,-1,-1
43263,IS18fdc3f17eccea82095fa,-1,-1
43264,IS15d5a385c22a6a4c5b48f,-1,-1
43265,IS11400af92c0d2ba639daf,-1,-1
43266,IS131221e71ed4186e0c65b,-1,-1
43267,IS19ad9545f2b889b61271a,-1,-1
43268,IS1b7fb1215f652ea9fd2f3,-1,-1
43269,IS1f6ea8bfa0755b6fe0521,-1,-1
43270,IS1b88c34bd2a2610248a8c,-1,-1
43271,IS124f3f212246ee3a64b6d,-1,-1
43272,Lasercorgi,-1,-1
43273,Kalma1,-1,-1
43274,Apollo19,-1,-1
43275,IS18ad22a401caf9046d152,-1,-1
43276,Brianm0121,-1,-1
43277,IS19c63e0146c6ac8bc518f,-1,-1
43278,IS176ad59a3ab71dea56df0,-1,-1
43279,IS1c2152b0a4d3cb76583e0,-1,-1
43280,IS10cee4536728b4149d70b,-1,-1
43281,5kYSPgX2xB,-1,-1
43282,sandaniele,-1,-1
43283,IS10da2b22bdd59bfb31a27,-1,-1
43284,IS1e93cb251c7583f668f7c,-1,-1
43285,IS1f82ca15eaa0205447770,-1,-1
43286,FatherTusker,-1,-1
43287,or1h1m3591,-1,-1
43288,IS11872baf3a92c47a37f23,-1,-1
43289,IS18d15ad01cc0c8e370ff8,-1,-1
43290,IS15f87cbdf850e699c5f1e,-1,-1
43291,YVqdQnScP6,-1,-1
43292,IS196055d454f043054059b,-1,-1
43293,megac00l,-1,-1
43294,IS15a8dfa1140bbd5825d89,-1,-1
43295,IS154a232a7f84019ba8092,-1,-1
43296,rZTglvH4Uf,-1,-1
43297,IS1a3200288eec87f4570f6,-1,-1
43298,AgentSmax,-1,-1
43299,IS1ee07c167165cb8c6f11c,-1,-1
43300,Torrascoon,-1,-1
43301,oi83wrwXWO,-1,-1
43302,IS1d11a217aa73f3c432b67,-1,-1
43303,IS1081fc6e637b654f590ee,-1,-1
43304,MastaFu,-1,-1
43305,IS1510540d112caa4bd85f8,-1,-1
43306,Vadde,-1,-1
43307,FlamingPubicHair,-1,-1
43308,IS160b9ddc1aab3845fc35f,-1,-1
43309,IS151ee799c9108229c75b4,-1,-1
43310,IS1a8e0d2abf374d6238402,-1,-1
43311,IS1f14a0a122b8ae1bb271a,-1,-1
43312,windofsmile,-1,-1
43313,IS14843dbc95c0401c417a1,-1,-1
43314,IS1c93ef80c2f0077c07d77,-1,-1
43315,MrRoboto,-1,-1
43316,IS147b413095cbb910e5afa,-1,-1
43317,IS13ba5063eb8df7046d194,-1,-1
43318,IS1b64c221464f5e3488c24,-1,-1
43319,IS1731cb31eb6e9bcf79670,-1,-1
43320,Cobaye,-1,-1
43321,IS1138005096879ceb69ae2,-1,-1
43322,IS16b0ffaef9f6eaff010c6,-1,-1
43323,IS11a8c3a9d598d09ae39ca,-1,-1
43324,Tharax,-1,-1
43325,IS1dfc3e952faa7e78f30cf,-1,-1
43326,IS1e93ad525c5919aa9faa9,-1,-1
43327,IS1e8e6ff4b309d905a4ddc,-1,-1
43328,IS10e7d1ca228c23048ac40,-1,-1
43329,IS166edfcbb8958c7575556,-1,-1
43330,IS12105312e1c7f64972acf,-1,-1
43331,aGqWqOa0Vn,-1,-1
43332,IS1405d5b410c2d0316f262,-1,-1
43333,g3I42u2rwO,-1,-1
43334,IS1f5fcda833ee031443ee9,-1,-1
43335,IS1ada0cbf71b40818884c6,-1,-1
43336,IS1effcaf18a4ce85defc85,-1,-1
43337,IS1605db5d0afb2ddac38a6,-1,-1
43338,IS170fc7c492de1612dce07,-1,-1
43339,IS134531e452c4775245b1f,-1,-1
43340,Picta,-1,-1
43341,IS1b1309128ff736c7efbf6,-1,-1
43342,t0pRam3n,-1,-1
43343,Strawhatzz,-1,-1
43344,IS180aac37bbb2bd8644d30,-1,-1
43345,IS1e489ccd717cbda2cab9a,-1,-1
43346,IS1583d224aa6a77228257b,-1,-1
43347,IS18bd69e2cd124a4da3215,-1,-1
43348,IS17426f3fe628939e917d1,-1,-1
43349,MorningFap,-1,-1
43350,01287519082,-1,-1
43351,IS1ad54805b7b08e2e01ba9,-1,-1
43352,IS12fb41bc5d51be51d76a3,-1,-1
43353,IS1a653c50dc02f4d4ef6b1,-1,-1
43354,Moussa,-1,-1
43355,IS1da38ace7d7f82b749d4d,-1,-1
43356,IS192b18aa16cd1e6217f09,-1,-1
43357,IS1363e45ef723633a02cc7,-1,-1
43358,IS140ec1e64f1960a8f255c,-1,-1
43359,NakedPanda,-1,-1
43360,IS18b321671f8ae93dd12aa,-1,-1
43361,IS167e57056c2c89ab1af20,-1,-1
43362,IS1a9ed64b3a248f2a47db1,-1,-1
43363,IS13d424f01174c4c008d59,-1,-1
43364,sssesessghs,-1,-1
43365,IS123c37ed446f1881d8b90,-1,-1
43366,IS111dca4c757113e1312d1,-1,-1
43367,IS12c25cfab097cce2d24fa,-1,-1
43368,IS102fa19d25ef28645ac30,-1,-1
43369,IS1009c0221efe4b2e219bb,-1,-1
43370,IS1823da93fca82bf2a26f0,-1,-1
43371,mrfungie,-1,-1
43372,IS16701100b8c4c19647a8d,-1,-1
43373,hu2mZqlPuy,-1,-1
43374,IS125785cf634d94a286da0,-1,-1
43375,IS12a64022cb64a0a6b45d6,-1,-1
43376,IS163b46cc97175da3eae88,-1,-1
43377,IS1f743ccec2fe40a082bed,-1,-1
43378,IS1c829f1dff22312d8f898,-1,-1
43379,IS1d41e9388530058772c1f,-1,-1
43380,IS168e6e3db920ea66f64a8,-1,-1
43381,sakuramajin,-1,-1
43382,W6u6zskDku,-1,-1
43383,IS1c40e2da0d9a46007c758,-1,-1
43384,8nFcNQEaQP,-1,-1
43385,IS1fb2a994e10e14a8b2287,-1,-1
43386,IS17a949f406c1e09dcb81b,-1,-1
43387,IS16f4ca4761f8710141cbb,-1,-1
43388,IS162dd7d2f2935735f67c8,-1,-1
43389,Farfain,-1,-1
43390,IS19c6ba7798e53814582e5,-1,-1
43391,IS175c4b3ccfac49a2679cf,-1,-1
43392,IS1bd47b94fb424c8827b2e,-1,-1
43393,IS13f13d449e8bc543a4a37,-1,-1
43394,Ä555,-1,-1
43395,IS19426ab230d94a4bb4512,-1,-1
43396,IS1a0c0cbf0db0f64fbfabe,-1,-1
43397,lgdpers,-1,-1
43398,Bullum,-1,-1
43399,IS1625b5315864251162296,-1,-1
43400,IS11e675791547fb8d719bb,-1,-1
43401,IS1517c6ae07cb4b9f72c01,-1,-1
43402,IS152b5630edd00cb27824d,-1,-1
43403,IS1995d19c383521dbb1c3b,-1,-1
43404,Abcde Efgee,-1,-1
43405,196816,-1,-1
43406,IS15790fac0c5305066d111,-1,-1
43407,IS1bcfebd6cd94e13554e4a,-1,-1
43408,IS1bd23a9f8d91d46b125a9,-1,-1
43409,3zUTA4AGkr,-1,-1
43410,IS1fc4994ff6817a2aa627b,-1,-1
43411,IS16017e04ad3c9d74ce5e3,-1,-1
43412,IS16e98022e60843901fe3e,-1,-1
43413,IS1c87ff31ac02ad01eeefc,-1,-1
43414,Ronin13,-1,-1
43415,BobGray,-1,-1
43416,DFury,-1,-1
43417,IS1341101979537c08ba0a3,-1,-1
43418,IS189c14c1d75d61cd44982,-1,-1
43419,IS1087568bc1769ad8b09f4,-1,-1
43420,Tinasaur,-1,-1
43421,Twaffo,-1,-1
43422,IS168338ae9b8a49d21ba31,-1,-1
43423,nenada,-1,-1
43424,IS144c41b406363e49d9b58,-1,-1
43425,Napillo,-1,-1
43426,IS19fe6d280c41d644ed43b,-1,-1
43427,JOCGEHz07G,-1,-1
43428,RedeemerEric,-1,-1
43429,IS1eb2248bfc782c08ac6b0,-1,-1
43430,IS19b7447db9829ba015e98,-1,-1
43431,IS19ffdfd5fc1b58540190e,-1,-1
43432,DwarfWarLord,-1,-1
43433,IS198172a6d70734dbe990d,-1,-1
43434,IS11376c3fb1b13fd31620b,-1,-1
43435,IS1265b4dbaaaabc54f7485,-1,-1
43436,IS199ba883067a174bc01c1,-1,-1
43437,y7TVO2ZlLL,-1,-1
43438,IS11cb756e4758581f31e01,-1,-1
43439,IS1aa237db6b5fd7598b28c,-1,-1
43440,Samlit,-1,-1
43441,IS1a2ac18cb2561bc30e054,-1,-1
43442,RavemasterZ,-1,-1
43443,IS13a3430fa4891413ac2f0,-1,-1
43444,HeyKarakItsAli,-1,-1
43445,IS1f4938c87ddae93da0a32,-1,-1
43446,IS1fb9bb79218729ae573e0,-1,-1
43447,IS15ffa975ea4fd8d5d8ebb,-1,-1
43448,nibon,-1,-1
43449,IS1fdc6456d2abef7019e45,-1,-1
43450,IS10359186cb80ce7097ddf,-1,-1
43451,shmal,-1,-1
43452,IS1cf51fc0b674c3e2841fc,-1,-1
43453,IS15675be63a0603e77f0f2,-1,-1
43454,IS141c55779f76180fe364c,-1,-1
43455,IS10abaa285a6c9fe4e4551,-1,-1
43456,IS1b61166fbbc7e64756a1f,-1,-1
43457,IS177127676512c918087fb,-1,-1
43458,IS1eda4ff007fa5dd9c3a9e,-1,-1
43459,IS1131141a80501ba7ca23b,-1,-1
43460,IS14a9eae9accaab95902fd,-1,-1
43461,IS1a9b1fcb90873f83efe12,-1,-1
43462,IS1e35295ceee7b5a6bdee5,-1,-1
43463,IS108eaf17117f78fa61c9f,-1,-1
43464,Shuppo,-1,-1
43465,IS1f11c96b11345e727367d,-1,-1
43466,Umag0n,-1,-1
43467,Raidarkie,-1,-1
43468,IS174af61edbee0b9c8a0b1,-1,-1
43469,IS1916dba97884293aeb202,-1,-1
43470,s7USYQCQUt,-1,-1
43471,EntroX,-1,-1
43472,Myzzrym,-1,-1
43473,IS1ea4ec201480618095de8,-1,-1
43474,IS1ce39052c903d8ccacdbe,-1,-1
43475,IS19bf1f3e31cac0735c929,-1,-1
43476,0302a,-1,-1
43477,IS1bf4be03d53462d7ecba2,-1,-1
43478,IS1a03e91dfc16dd4d494ff,-1,-1
43479,IS1a9616dab93f5c99a3940,-1,-1
43480,Nosivire,-1,-1
43481,IS13118fab4921b78200b2b,-1,-1
43482,IS1eb9ef2cd21cb270bb30b,-1,-1
43483,srge,-1,-1
43484,lAwE5aQ5ys,-1,-1
43485,IS1bced3886d8fa30b6cca3,-1,-1
43486,IS1b6137980bde646329ba6,-1,-1
43487,IS1949853f9bf65e19442d5,-1,-1
43488,IS1d38b70e4caf62ac90fe1,-1,-1
43489,IS11ef12094724fc6d8234f,-1,-1
43490,Phjl,-1,-1
43491,IS151cabc3b9403543358dd,-1,-1
43492,IS1a3f977261bc44bce5341,-1,-1
43493,IS12b411a3e43f0917fb3a6,-1,-1
43494,Scoz,-1,-1
43495,IS14d3e5dc218873d6ef84d,-1,-1
43496,IS10bd2ebfb8710f10c6bc8,-1,-1
43497,IS18bb6b0bdc1e400dbf7e4,-1,-1
43498,IS1db09c21f88566223c2b9,-1,-1
43499,IS1c5dfe88af7f33125a3f7,-1,-1
43500,IS1d90f5740e0dd3f3e5a13,-1,-1
43501,IS116fb14fd8bc274cdb051,-1,-1
43502,IS100c52d7bde56ad3e66e3,-1,-1
43503,IS11f65fd79ef6c0c79738b,-1,-1
43504,IS12afadea1ea3eaa26d4f1,-1,-1
43505,WhuDafuk,-1,-1
43506,IS145afecb786997668d516,-1,-1
43507,IS1acc2076e2043d1b3c39f,-1,-1
43508,IS1172824d2f5aa7517c899,-1,-1
43509,IS1ef968909c10336706f97,-1,-1
43510,IS183cc5d4b8b6a9efa330a,-1,-1
43511,Zaremos,-1,-1
43512,IS1604b13e9bb8c8f9e6357,-1,-1
43513,IS10a52e9b41ca506b33302,-1,-1
43514,IS197b2eb1a665ce96fdef6,-1,-1
43515,IS1a418072e40aca987971a,-1,-1
43516,IS1e9646c900a13a97a8e29,-1,-1
43517,IS1eb27a3d1113428a941e0,-1,-1
43518,IS100921f4219f28c2ea2d1,-1,-1
43519,ullvS58oik,-1,-1
43520,IS19b7b61593abe7920f3c0,-1,-1
43521,MxXMepw1Wn,-1,-1
43522,IS1564123ecf4b66c25986a,-1,-1
43523,Hairyape,-1,-1
43524,u53796cixO,-1,-1
43525,IS1d78e977e427cbc75736a,-1,-1
43526,ZJWr7DmbXo,-1,-1
43527,Tuchan,-1,-1
43528,IS1040c167f45a3560de124,-1,-1
43529,zHIbQ1EfKs,-1,-1
43530,IS100d36ad0564af509728b,-1,-1
43531,IS1552b05392398d45abbb7,-1,-1
43532,SEANIol,-1,-1
43533,IS186c70e1854b249314230,-1,-1
43534,IS1fed653a40c234a6f1730,-1,-1
43535,a0OqJuaRQA,-1,-1
43536,IS14987b5f8ef3ee2767847,-1,-1
43537,talenrok,-1,-1
43538,IS16f7cbee14fc015f3ef91,-1,-1
43539,IS18d7151cf993de222d66f,-1,-1
43540,IS1040363e98d5720485ec7,-1,-1
43541,IS15ec27eef36c33953b06e,-1,-1
43542,IS14f12a8527ccb82da9942,-1,-1
43543,IS1a022c6c46c51f89df49a,-1,-1
43544,JHutch,-1,-1
43545,IS145a46ba189931dc646c1,-1,-1
43546,OptimusPhrym,-1,-1
43547,IS1b4f8c3fe87b225212b70,-1,-1
43548,IS11aeec5ffeaabdda08a3b,-1,-1
43549,IS1ca44aff146f14fbb40f5,-1,-1
43550,IS1dde0fa96c532de240104,-1,-1
43551,Phantomize,-1,-1
43552,Roshko,-1,-1
43553,IS1a8ab41cdc5ed05cd045c,-1,-1
43554,IS16beb1d6469832a153576,-1,-1
43555,IS1ff05080e6e66fae0272a,-1,-1
43556,IS134a22cc04bdc1db8615b,-1,-1
43557,IS190f3b8c1d459abee3e5b,-1,-1
43558,rmrfslash,-1,-1
43559,Sizzious,-1,-1
43560,IS1c234d0c2b146376ac2e2,-1,-1
43561,Lunchbox,-1,-1
43562,IS1dd9dacb092db793de572,-1,-1
43563,NE3T,-1,-1
43564,IS1a0df951f0f8db0f7837f,-1,-1
43565,IS15accacc073b61ca2e81c,-1,-1
43566,IS1adb1ca659196202990d4,-1,-1
43567,IS1eb569ddf3ee1ce22ffa8,-1,-1
43568,IS1dfee117271dbcb599b85,-1,-1
43569,esnore,-1,-1
43570,IS1906642809b8429a1cf33,-1,-1
43571,IS1cf1a2c74eed3ce23db58,-1,-1
43572,IS1079a114513f6bb1d4b9d,-1,-1
43573,IS105de182065745dac1ad3,-1,-1
43574,zmajce,-1,-1
43575,IS16f68f3f9286f5fd600bd,-1,-1
43576,IS177e4661ba844d4853bb5,-1,-1
43577,Porsche,-1,-1
43578,IS169214ea586ac8c0c7c65,-1,-1
43579,IS1829af6044cdfa8c1a69d,-1,-1
43580,IS1ab1c3c1725498ef4631a,-1,-1
43581,IS1bfeacce657d0465e6eb5,-1,-1
43582,T4m1,-1,-1
43583,Piff tree,-1,-1
43584,IS17539b71d8bd9e4d1ef60,-1,-1
43585,IS10cdcb8d27aebb9d96221,-1,-1
43586,IS1c9d259dbbf870d5bc712,-1,-1
43587,Arnolprogame,-1,-1
43588,Z4oBipJB5z,-1,-1
43589,Arse,-1,-1
43590,IS1228c472c5f751ac20c0e,-1,-1
43591,GG RiceBoi,-1,-1
43592,IS1568562f9f73cd4f483bd,-1,-1
43593,IS17771b26512f290bd023f,-1,-1
43594,malypl577,-1,-1
43595,IS13ce49fd327977f837abf,-1,-1
43596,IS1fc614474c75bc2dd7df4,-1,-1
43597,4po09Q4Idl,-1,-1
43598,Æ Rùa,-1,-1
43599,lostspectre,-1,-1
43600,IS184fb710ad77263072915,-1,-1
43601,thuggengar,-1,-1
43602,IS1fc29db930352e523d452,-1,-1
43603,IS1339619447df15daba1dd,-1,-1
43604,IS18dd30381f25a3b4385bf,-1,-1
43605,Photouck,-1,-1
43606,IS1f5ba79671eff6f421419,-1,-1
43607,IS14bf944f4332bdae5735a,-1,-1
43608,IS135f2efe6133c69f7688d,-1,-1
43609,IS165664c541ae9c04cca44,-1,-1
43610,IS1cc55463ae4c11abfc5f4,-1,-1
43611,IS158a6c7794002e878a9d8,-1,-1
43612,IS160efe76522e497fd8662,-1,-1
43613,TRiCiDE,-1,-1
43614,IS1d21e6778667ff327ca47,-1,-1
43615,IS14154a766774669fa35b8,-1,-1
43616,IS1da735543114cf5df6b95,-1,-1
43617,IS1b01c8137c26e0dcfe6d8,-1,-1
43618,IS1af644226a6ac1db485f6,-1,-1
43619,IS1e61174e72d9ad6116639,-1,-1
43620,IS14f51c64d1edb7fe22367,-1,-1
43621,IS1abc904e5af82c57bae53,-1,-1
43622,IS1846c9eaec796280aedf8,-1,-1
43623,IS138ce6d88f785ef4eb134,-1,-1
43624,IS14877c4a4508a64a744e7,-1,-1
43625,IS1df686ff6ab71d0c078e9,-1,-1
43626,Slaverzguild,-1,-1
43627,IS169aff4991526d838022d,-1,-1
43628,IS16e995e0cea95572067d4,-1,-1
43629,IS141da2f57ea61dd741d51,-1,-1
43630,Jorrrb,-1,-1
43631,IS194af66b20f4596410adc,-1,-1
43632,IS1da6d18f0e716591310c4,-1,-1
43633,IS14e282ae77a93d6f784de,-1,-1
43634,IS196b6ee21126e2937575f,-1,-1
43635,IS1fc17268d550d8ef374b2,-1,-1
43636,IS13b38ab3f950584b6929c,-1,-1
43637,IS1d2c484d977ca16bfebd2,-1,-1
43638,IS165e5a707af81770cd388,-1,-1
43639,IS1838bd9c7cdbf692ebb84,-1,-1
43640,Fenij,-1,-1
43641,IS13e46bc1aaee48504bfae,-1,-1
43642,IS130355c270367859ea866,-1,-1
43643,IS105af958fce3debc479dd,-1,-1
43644,sURqr9oO29,-1,-1
43645,IS17218915d19a6f084d0ae,-1,-1
43646,IS12be5e481c5d751507acc,-1,-1
43647,rByo6Bjyjw,-1,-1
43648,IS1128e516ff39d486a6662,-1,-1
43649,Pawz777,-1,-1
43650,IS14e3440294882ca3d7cfb,-1,-1
43651,IS11287a92e824ff941aa3e,-1,-1
43652,IS160ca8ab56caf3b125d5e,-1,-1
43653,IS13732554f971b1708ad99,-1,-1
43654,Devour27,-1,-1
43655,Rihanne,-1,-1
43656,GoProPlayDotA,-1,-1
43657,IS1c64cb11ecd524bb65158,-1,-1
43658,Valdier,-1,-1
43659,Gibloaf,-1,-1
43660,IS194a6a70af82a57c7c130,-1,-1
43661,TP2VFel234,-1,-1
43662,IS1b4e9dfa92804fdac6f0c,-1,-1
43663,IS10dc9f0bc7ecd4325b63d,-1,-1
43664,IS1249efaa8defbad073898,-1,-1
43665,IS1b2691a339a70cf105f0e,-1,-1
43666,IS1a5e34ea0ada5d1351a86,-1,-1
43667,IS19cf49006f7c8be6c9b1b,-1,-1
43668,IS1496e7248e06a6de344ec,-1,-1
43669,IS120d0f6949cb584760162,-1,-1
43670,IS15fdf86d97f10abd7a6c3,-1,-1
43671,IS1509e94247b712f18e8f3,-1,-1
43672,M1K4,-1,-1
43673,Sullet,-1,-1
43674,IS151df6e45725ac615e068,-1,-1
43675,IS174f8d4370da7c54c0a08,-1,-1
43676,IS122a7bddb999313f70fb1,-1,-1
43677,IS1685af7b556b3bf270c33,-1,-1
43678,IS1e6d9c5c43be0f7aeabca,-1,-1
43679,IS1b5d69c8e4206dd17cd88,-1,-1
43680,HeathyBear,-1,-1
43681,Diffany,-1,-1
43682,Malevolence,-1,-1
43683,IS10b4172a8faf1128a78e1,-1,-1
43684,IS15cca35703a1095cfeec9,-1,-1
43685,IS103b79a4736176b3b4868,-1,-1
43686,IS1db0378723279b3525dc1,-1,-1
43687,b00m b0x,-1,-1
43688,Draknagore,-1,-1
43689,LanceUWmyAircraftCarrier,-1,-1
43690,IS1b82413807004cf730c03,-1,-1
43691,KungFuTofu,-1,-1
43692,IS1148109bacb299229e5bd,-1,-1
43693,IS19ab8825be38dc73bf1c7,-1,-1
43694,IS18c4398d7817b9c37aa09,-1,-1
43695,King Browser,-1,-1
43696,IS1b58342bf5cebf3e1e6de,-1,-1
43697,IS1098315bf9251da1a5f03,-1,-1
43698,IS196bbb26abd860d8386ac,-1,-1
43699,IS1fd9caa789941a4cdf821,-1,-1
43700,IS16d81acf1bc49844ec79d,-1,-1
43701,IS11e36f759347e6c1735ed,-1,-1
43702,IS1206ec86fdb8fe9207f64,-1,-1
43703,IS1fbca206d356db9498e19,-1,-1
43704,IS1a818e40a6b8475f0d280,-1,-1
43705,IS10ed7c4ee3e749b07b454,-1,-1
43706,IS17367c8ef5843c08a854a,-1,-1
43707,IS1cc8456f58c01089c2508,-1,-1
43708,IS1ce6d90e2c18e1d89d3a6,-1,-1
43709,IS166ffd24a5c7c3fa416a8,-1,-1
43710,odiNg,-1,-1
43711,Ceivyr,-1,-1
43712,IS111709bfa79908b2a1238,-1,-1
43713,IS1d106d7a9052381a09356,-1,-1
43714,IS18035677a352eb700ae5f,-1,-1
43715,Isika,-1,-1
43716,Ultimate Ham,-1,-1
43717,uVdauavcDz,-1,-1
43718,IS11ffe5be5ec96139a0567,-1,-1
43719,IS1883e327ca80148e25aa1,-1,-1
43720,IS18d4480ec59a54ae116ba,-1,-1
43721,IS173aef0607764cf72245f,-1,-1
43722,IS1d3590d822b249a307e81,-1,-1
43723,unM9bT8lcA,-1,-1
43724,pqi8,-1,-1
43725,IS1f3db5b8e50e4cb9ec136,-1,-1
43726,Guardian101,-1,-1
43727,w07kqw2kKi,-1,-1
43728,IS191a0e230fa53cd94e242,-1,-1
43729,IS107c0142a2a414bbfc4a8,-1,-1
43730,IS125c58d519d04485388b0,-1,-1
43731,IS1dfec15f637cd6a8a00bf,-1,-1
43732,IS1ddea753c3cc5e10afabe,-1,-1
43733,IS1378b372d83542219ca8a,-1,-1
43734,IS1b43efe9e77e0244f6ff0,-1,-1
43735,Daritos,-1,-1
43736,IS1a7bb54e629ebd90bb72c,-1,-1
43737,IS167e6384f5cb3e00fd8c9,-1,-1
43738,Teugeus,-1,-1
43739,dizx,-1,-1
43740,IS11db3489823447cd00914,-1,-1
43741,IS1fcc948dcc48da5fb798a,-1,-1
43742,Special Sex,-1,-1
43743,magnablast,-1,-1
43744,IS1659aec9373c844e76d6e,-1,-1
43745,IS13b01b7bff8e53f0b535f,-1,-1
43746,SnowJedi,-1,-1
43747,IS19ed43b3f813c6d3a44c6,-1,-1
43748,IS1e0d94bff1aabf7ed6ff3,-1,-1
43749,HelIo Im Kevin,-1,-1
43750,D357R0Y3R,-1,-1
43751,IS18ce22dbddfc3d34810a4,-1,-1
43752,IS15e48a8ef03ae73c4112d,-1,-1
43753,Lobo7922,-1,-1
43754,IS14ad55d383a942063b788,-1,-1
43755,Ranike,-1,-1
43756,IS1e83fbb52f033e06a8f75,-1,-1
43757,IS160ce60cddfd6be1d2c57,-1,-1
43758,IS12edcd50d4df28ea21663,-1,-1
43759,IS1f4e33515a9d2c1320315,-1,-1
43760,IS17a67a2aeea29a065b9ac,-1,-1
43761,IS14dd83b82fc3c5bc70d8d,-1,-1
43762,IS176006d3d11ead82fad4d,-1,-1
43763,IS17fea7041c49f61f75f37,-1,-1
43764,IS153548ad49dcc68d1c445,-1,-1
43765,IS1596547e48748c4810e13,-1,-1
43766,Evona,-1,-1
43767,IS196d0f59400dd232a30f2,-1,-1
43768,IS1e03a50d2a546fa2068b2,-1,-1
43769,Talyxqqqqqqqqqqq,-1,-1
43770,IS1e7bd52c3c4f50672f121,-1,-1
43771,IS1f46ccd4551b7f4909f6f,-1,-1
43772,IS124853b9717c027119461,-1,-1
43773,IS1ebe2911f20c3e5b452df,-1,-1
43774,Dracce,-1,-1
43775,IS1582eb1bbf0d85c46c5f0,-1,-1
43776,IS176aa07a87579c2a8e830,-1,-1
43777,IS1d3cbaa68d498533c2112,-1,-1
43778,IS107f4b34233a69bcdc6dc,-1,-1
43779,IS1ba056d189ad5a84f1793,-1,-1
43780,IS1d4cdca8ab4f23a21bb93,-1,-1
43781,IS11b0d08be0c6bdf6669d5,-1,-1
43782,IS1efa4b3b09d68d55c6c0a,-1,-1
43783,IS12043b7b6798a85500ce4,-1,-1
43784,IS17bdc44bfc347f48d4277,-1,-1
43785,IS1a3399857d05aee3df4f5,-1,-1
43786,IS10f0bf18846caba9fe287,-1,-1
43787,IS1c1d66825f5aa726cbf55,-1,-1
43788,IS1baa905353c5c4746740f,-1,-1
43789,IS14c5948c3a34ed5e4e0b1,-1,-1
43790,IS1287b7d8ee9bb886d2f15,-1,-1
43791,IdefixHoA,-1,-1
43792,IS1a0aec6305dc5f1b8b692,-1,-1
43793,IS1d900a7125cf8b97299c5,-1,-1
43794,IS196b59f45973a9173c9f3,-1,-1
43795,NSDAP,-1,-1
43796,IS11d1614e9ff303dce9d20,-1,-1
43797,Jayce187,-1,-1
43798,IS1cc12bbd45d984ff77765,-1,-1
43799,krizalid2000,-1,-1
43800,IS161fa403d8d70c99bca08,-1,-1
43801,IS1253392148c5bfdcb8020,-1,-1
43802,Nebin,-1,-1
43803,IS194a4650e9d40cef63c78,-1,-1
43804,IS15898e5326992d9461610,-1,-1
43805,IS1915e068683ba2d4f337d,-1,-1
43806,BowserWowser,-1,-1
43807,steadygoblin,-1,-1
43808,IS1d81d5d6907315cb587ee,-1,-1
43809,kcxemmradio,-1,-1
43810,IS1b40b086d93e209d08ebf,-1,-1
43811,IS19781392f1bc3dd7b254f,-1,-1
43812,IS1abc70270678b10e0b2b3,-1,-1
43813,IS1e0516c9a3d6a52310d40,-1,-1
43814,IS102d4b3bb8c1ad5e0280c,-1,-1
43815,IS116b3101890d0d8241c51,-1,-1
43816,Phanzar,-1,-1
43817,IS16109c411a3b9b57b20f0,-1,-1
43818,IS1e54d64308b604bb23ba1,-1,-1
43819,IS13f5eb297e2721115daca,-1,-1
43820,IS1a3b8fd9a01211c2e7792,-1,-1
43821,IS1998d069da0a75550a7ce,-1,-1
43822,Leatbrain,-1,-1
43823,sCmm75Pxl9,-1,-1
43824,Reficul,-1,-1
43825,IS10c6d9dce2e1395d690ce,-1,-1
43826,IS1f11c1a013e4386787c54,-1,-1
43827,IS1d16e3735781ced544816,-1,-1
43828,IS1801c582ca117ecd16eb6,-1,-1
43829,IS11330544af28c1abe2528,-1,-1
43830,got dat ccd,-1,-1
43831,bangfury,-1,-1
43832,IS18b2c102bf0dd90ca89fa,-1,-1
43833,IS1d95e7ef34aa6c648fbc5,-1,-1
43834,IS1924ca2901e87b95cf6a8,-1,-1
43835,IS1185b8b09745d478954cd,-1,-1
43836,IS1ee7bf02559d10b0121f1,-1,-1
43837,IS18ba060c74ca5474cb432,-1,-1
43838,mprill,-1,-1
43839,Youngus,-1,-1
43840,IS14ab95487fc47eea51509,-1,-1
43841,CriminalSteve,-1,-1
43842,IS11f6150fb5e2adafc16d5,-1,-1
43843,IS1a7d8936bbdf4a8dd5a3d,-1,-1
43844,IS1b7584cd8ff4279f0afe7,-1,-1
43845,IS110ba20fa30bc3b098338,-1,-1
43846,ceyBCyaVBI,-1,-1
43847,destiny90,-1,-1
43848,pER7xevqkw,-1,-1
43849,IS1c62048a56a72fb6b8628,-1,-1
43850,IS1c53eb06a3fa3e91b7591,-1,-1
43851,Merv2k4,-1,-1
43852,TheWalleh,-1,-1
43853,gnZ4lDuL08,-1,-1
43854,IvBcE3SMxv,-1,-1
43855,IS189bdc0dd279cc6686680,-1,-1
43856,IS1d62719e6b4d59248c5e1,-1,-1
43857,IS1f60d996a9420699ba8b9,-1,-1
43858,IS1c13df922f872c2e8c3e3,-1,-1
43859,IS1c79989438af2d2808085,-1,-1
43860,Gonkersh,-1,-1
43861,Chymerae,-1,-1
43862,IS1e60bf8a800ef24c26eb3,-1,-1
43863,XqDGstPq4z,-1,-1
43864,IS126ffd7da7c16ed71b2d9,-1,-1
43865,IS15914a9181a94a0d9b4c3,-1,-1
43866,IS1741b4debab4d0594e541,-1,-1
43867,l5FB7TuCTr,-1,-1
43868,IS1c66b65d44776bd8b4092,-1,-1
43869,IS1ccdfdef83b00a4666610,-1,-1
43870,Z3 Ravager,-1,-1
43871,IS17c6fd9c953ddacafee84,-1,-1
43872,IS13c4e9ab748abf0d43329,-1,-1
43873,IS1f728370cb48014dbec2a,-1,-1
43874,IS123fd56c5c23a101d65cf,-1,-1
43875,IS123dcd558ab02e344dde4,-1,-1
43876,IS1df5f5bb3833a5e315e49,-1,-1
43877,zire4hire,-1,-1
43878,IS18780fefbfb950d3488e8,-1,-1
43879,Funso,-1,-1
43880,IS16fe6c7cac43fd89bd820,-1,-1
43881,IS1ff3fa3eaca6f4,-1,-1
43882,Leech Apple,-1,-1
43883,9rA0AKEZF1,-1,-1
43884,IS1fe8bb756db22f86a9a2f,-1,-1
43885,3rxziLfu7z,-1,-1
43886,IS17c3fc35f3e4f26d9c343,-1,-1
43887,IS1ca15e62b21ed14e5fdf0,-1,-1
43888,IS15ff57365405360155d07,-1,-1
43889,WalkerCZ,-1,-1
43890,IS14bb38c1fcb932b6872cb,-1,-1
43891,IS1fdc4a3fdb0940fe3bb64,-1,-1
43892,IS1ee0c9da912986ef18481,-1,-1
43893,IS170eb194840597d4586b7,-1,-1
43894,IS18d177d83ba538cac70ba,-1,-1
43895,IS115440ff9fbef4017c111,-1,-1
43896,IS15a6355d8caa07e5cbfec,-1,-1
43897,IS1bfddbc9b20ee7898f9b4,-1,-1
43898,IS1f4e18f4e5e897d7aae80,-1,-1
43899,Samzor,-1,-1
43900,IS14b266524960d83804198,-1,-1
43901,IS1aa09b542b332336a852d,-1,-1
43902,pacerko,-1,-1
43903,IS17f0db03077a1da089565,-1,-1
43904,IS1386fb2986bb8e840b025,-1,-1
43905,IS1ad12ca58e31e0c371d1d,-1,-1
43906,bananensalat,-1,-1
43907,IS1fe62a839c4ebed65cdba,-1,-1
43908,IS13e26adc022017e3b8b21,-1,-1
43909,IS122e67363a2bc57c28b35,-1,-1
43910,Walshie,-1,-1
43911,IS184a2f9db88f5bb1c62c1,-1,-1
43912,43912_DEL,-1,-1
43913,IS11045f5a4876458a5376a,-1,-1
43914,Dheth,-1,-1
43915,mblade,-1,-1
43916,IS1b7376ed3aae61d18a7a6,-1,-1
43917,IS16864ceb1ce61586b3f18,-1,-1
43918,debilzewsi,-1,-1
43919,Zemmen,-1,-1
43920,IS1db3112d29de1bde72a8c,-1,-1
43921,IS1984682fffacba7ce9845,-1,-1
43922,Kiatzu,-1,-1
43923,IS14501ceb078724697224f,-1,-1
43924,IS15e4a2cb501dab72d5184,-1,-1
43925,IS1e010f3ed6275a0e3b885,-1,-1
43926,IS11875fb0521a2f0b3430e,-1,-1
43927,IS1cb9d7948918bb24fd6f4,-1,-1
43928,IS16d0784ee7b7ad44bb406,-1,-1
43929,IS123615381bb0988f40419,-1,-1
43930,IS1a292e2da638ac260b10e,-1,-1
43931,IS13225c396958f91b21f84,-1,-1
43932,IS1d95fdb4f567db207ae06,-1,-1
43933,whodares2,-1,-1
43934,IS1d44c57fa8214fc74421e,-1,-1
43935,moczar,-1,-1
43936,IS12b9f9c538b204ff83a6d,-1,-1
43937,IS19c8a69c524492bc0cf56,-1,-1
43938,IS190818d4d4eeed163edf6,-1,-1
43939,IS1bb0bc2634e610a3c1746,-1,-1
43940,IS13d6ff00592486941ba1c,-1,-1
43941,Suzaxe,-1,-1
43942,IS166f0922fa5f15127e12f,-1,-1
43943,IS10f99a9db33e8baed5c52,-1,-1
43944,IS14baaab209699439aba09,-1,-1
43945,IS1278271f333fd0df7f4d2,-1,-1
43946,IS1d36e37fe1185603892fc,-1,-1
43947,IS14a7089378d3b50b047a3,-1,-1
43948,IS1218367349b9e87657252,-1,-1
43949,IS1badab201f3b708d12b3a,-1,-1
43950,IS150b932e2a837e3efc472,-1,-1
43951,Slothy Faker,-1,-1
43952,IS140cfda00662977cfed48,-1,-1
43953,IS108446b1770236e5e6032,-1,-1
43954,Ubershen,-1,-1
43955,IS1162cd3719a4b06ec8422,-1,-1
43956,IS16af48efc1b730dfa2e07,-1,-1
43957,tempname1144,-1,-1
43958,IS1dfae6288d1b15d13ffed,-1,-1
43959,IS1b9b7c3b3f97ae6756cd3,-1,-1
43960,IS10332ece27bef9670bda8,-1,-1
43961,IS1bc92798b48702596db51,-1,-1
43962,IS1a513a859b4168b7e9566,-1,-1
43963,ncswngxn,-1,-1
43964,Alarido,-1,-1
43965,IS17a73d54cf688412dfca6,-1,-1
43966,IS18ccd4759396e5813e2a5,-1,-1
43967,IS110ddd2b0ceb628df444c,-1,-1
43968,IS1c2a7daa2b4af4c814979,-1,-1
43969,IS17e62644379f09b5699c8,-1,-1
43970,IS140eef503adad760f1ab1,-1,-1
43971,IS1bbf4cc900e2471522aea,-1,-1
43972,IS1e85a240d2daffd3e9dab,-1,-1
43973,IS176fb9d18f6bf48bc4851,-1,-1
43974,IS1091a9a3033e4431899b7,-1,-1
43975,IS1638a04977d3615767bfd,-1,-1
43976,IS1d30b525eadb5040940cb,-1,-1
43977,kentarre,-1,-1
43978,IS1beb1492ca9e529efc680,-1,-1
43979,IS150d1c4c169476158e8eb,-1,-1
43980,IS110b13ad82cc3c088164e,-1,-1
43981,SirDabbington,-1,-1
43982,WombatCowboy,-1,-1
43983,IS1738b38eefec088eec2a6,-1,-1
43984,IS13525b7899bb1d5b2a36f,-1,-1
43985,IS187ddb81913b06dbdc57a,-1,-1
43986,IS166080f7f9337d470791c,-1,-1
43987,IS1706c42e3aa9795cc73ca,-1,-1
43988,IS1c09c078638c6cc65b458,-1,-1
43989,IS1c06cd6e1b4db8ae208e4,-1,-1
43990,IS167642b4904c893b46725,-1,-1
43991,IS176c5ec1acefe6d433b66,-1,-1
43992,IS10d0cb4ab86abff563b86,-1,-1
43993,IS17907bc8877ec5e1b7c04,-1,-1
43994,IS1235bbe4117ced1337719,-1,-1
43995,AsianSGpøtato,-1,-1
43996,Athear,-1,-1
43997,IS1ec1e3067cb9c49e8f92d,-1,-1
43998,IS132dea2ee336c54d03a9b,-1,-1
43999,IS1964de099e204626f32fd,-1,-1
