46000,IS161265e277ddc29b39ff2,-1,-1
46001,IS11aaa9ac3fc1235f21f39,-1,-1
46002,IS1649fbbe406021ac2dab2,-1,-1
46003,IS1a2b84af2b8a57fd7dc2c,-1,-1
46004,IS1c46fc0002d521a469b20,-1,-1
46005,Dacencoldfire,-1,-1
46006,IS133c295b43f04ea9dfa39,-1,-1
46007,IS123d8886146af161ea5b3,-1,-1
46008,IS192f86e531984aac1aa95,-1,-1
46009,IS1196518f2a053adc75382,-1,-1
46010,9817253,-1,-1
46011,IamSenF,-1,-1
46012,IS1c07cd37a315deb97e2b8,-1,-1
46013,IS1a183a8c844f526c214b4,-1,-1
46014,IS1d66af37a9e339980c9b7,-1,-1
46015,IS1f354cb4c87447155d612,-1,-1
46016,IS18cefae696e44187e1a5d,-1,-1
46017,IS1814787fd6ea06ec72dc3,-1,-1
46018,IS19f0fbbb793d440dfd8e3,-1,-1
46019,IS1906fe118a2696d34ee4f,-1,-1
46020,TanaT,-1,-1
46021,loe2p0hqTJ,-1,-1
46022,IS1ae3e0e2b4ba9e249b9d8,-1,-1
46023,IS1a22f2c344f15ce8034f6,-1,-1
46024,IS1213e7178c188cf975960,-1,-1
46025,IS167a6ceb83a4542afb346,-1,-1
46026,Reapercore,-1,-1
46027,IS1b58f7ae726cf94a78a8a,-1,-1
46028,Dreena,-1,-1
46029,IS118b6f9a22d7e9c43d652,-1,-1
46030,IS18e2451865b0a0af180af,-1,-1
46031,IS1f85db26dde3ba3e287f5,-1,-1
46032,IS1846158d3620567ae7398,-1,-1
46033,IS1078fda7e10fdc8f63b5f,-1,-1
46034,Riot Terra,-1,-1
46035,IS1f1923947002769dd0fa0,-1,-1
46036,IS16ca7f363a38c5f1c382b,-1,-1
46037,IS1896d6ef294d668d9a0c0,-1,-1
46038,M0loch,-1,-1
46039,Lince,-1,-1
46040,Delmania,-1,-1
46041,Dat stoned guys,-1,-1
46042,IS1616fd8ae9f6c20e5d071,-1,-1
46043,IS10d135d0025202ea237e0,-1,-1
46044,IS1566daf2ed005621f615c,-1,-1
46045,IS18dcfc894cc2728b6b0dc,-1,-1
46046,Shiomi,-1,-1
46047,IS1140654d4f7cea2630275,-1,-1
46048,deadz0rz,-1,-1
46049,IS11dec8c7509b33ee8a698,-1,-1
46050,IS13b1ddaaf933cc230a19d,-1,-1
46051,IS127c54d742b7ab1ae7c1c,-1,-1
46052,TJBPgIM6dd,-1,-1
46053,Karlomannus,-1,-1
46054,IS110432088a12eae79fbd4,-1,-1
46055,IS1b17b809b750b43b2fccb,-1,-1
46056,IS11fc5f02afc8d49339404,-1,-1
46057,EDG Clearlove4,-1,-1
46058,IS1269bda25fb479ff8b3d9,-1,-1
46059,CxoE23V0Zg,-1,-1
46060,OMG IS ANDRE,-1,-1
46061,IS1aa56f694a86f9e3e599e,-1,-1
46062,IS1d2c967372be73104d854,-1,-1
46063,IS1dc7ade68e7a6a0482cad,-1,-1
46064,IS11bca41c7cb54c5d407ba,-1,-1
46065,IS1013b167191da57f9eb91,-1,-1
46066,IS1b7e430faf8bbc7932b27,-1,-1
46067,HellBison,-1,-1
46068,IS1ec0985719d9a7e2455a2,-1,-1
46069,IS1ebcb33f638831097eb8b,-1,-1
46070,IS14d0196ea5d0589425817,-1,-1
46071,FarmerJohn,-1,-1
46072,IS19bd26c25ca2204036b60,-1,-1
46073,IS1652165522bd8b73b795e,-1,-1
46074,TrialForce,-1,-1
46075,FS1DnDJHoQ,-1,-1
46076,IS121d54479c9c468145f7e,-1,-1
46077,IS1f81bec537b5f92c4bc98,-1,-1
46078,IS1ff2a4caa04545ada33d9,-1,-1
46079,IS1c7aeca599e03628e37d3,-1,-1
46080,IS133ec1f7b1a44a0bafe05,-1,-1
46081,ZularHun,-1,-1
46082,IS17c02a2fb1669d49e0c76,-1,-1
46083,IS17a1622fa34857b8c934d,-1,-1
46084,IS170b8271176e4a21abd16,-1,-1
46085,IS1c6ac958ad820ab896fb4,-1,-1
46086,IS17426773520489cda201c,-1,-1
46087,IS11b94f5b53bce9e400a17,-1,-1
46088,IS1f4b924a1e94ae7497f6d,-1,-1
46089,IS1c18c987f61ccac7537f4,-1,-1
46090,oyo5vP9ehf,-1,-1
46091,IS14bf6ac6646d9b3c0a020,-1,-1
46092,IS19c5dc6a46851754bb8f6,-1,-1
46093,KiIIHimm,-1,-1
46094,IS156fd05da015bda13887e,-1,-1
46095,IS111141baad7928c22fac0,-1,-1
46096,IS1eab350a03d0a30083aa4,-1,-1
46097,IS1307c9c9299817143ba5d,-1,-1
46098,IS1fd02300ac1b7abf19f69,-1,-1
46099,THORlN,-1,-1
46100,IS1146235e6462999c43bf9,-1,-1
46101,IS1ce7cca31532a92d6701c,-1,-1
46102,IS136209cbc3cfef265dc7c,-1,-1
46103,IS1196c0b15309896e895fe,-1,-1
46104,IS1dbe5beba9055b3bd6127,-1,-1
46105,IS155d8bb72ec22c1fd677a,-1,-1
46106,The Jiv,-1,-1
46107,Mizenboom,-1,-1
46108,CrankyPK,-1,-1
46109,IS197c6286c6edf2892909b,-1,-1
46110,Proseahunter,-1,-1
46111,IS135483e961d04d7babcc8,-1,-1
46112,IS1d003a56514677827d0bd,-1,-1
46113,IS17dd89f0f2d3eeaf7c139,-1,-1
46114,JVS,-1,-1
46115,IS142b913b50c7087f78162,-1,-1
46116,Lagomoz,-1,-1
46117,IS1091abc129498ca03587c,-1,-1
46118,IS137c5a61a1760ada2a5a6,-1,-1
46119,IS1445a43a48d737b906d58,-1,-1
46120,IS195e7f7f8f73d04b5dc32,-1,-1
46121,IS1d7961f68be39331f4f28,-1,-1
46122,IS1bff91803b6a2db1dc642,-1,-1
46123,Prego,-1,-1
46124,IS13471808f31ba3172e71c,-1,-1
46125,IS17f9d2d85022ce1fece21,-1,-1
46126,IS105054196eb23ef674d46,-1,-1
46127,Magnus Thaurus,-1,-1
46128,xiaoHulk,-1,-1
46129,IgniteMySpacebar,-1,-1
46130,BANANA BUT,-1,-1
46131,IS10730a7680884eb597f0c,-1,-1
46132,IS1285aa15f4347fa284817,-1,-1
46133,Rainhard,-1,-1
46134,MashinePlay,-1,-1
46135,whKJkODgxn,-1,-1
46136,IS19db4cbe207aaa5c2fbf9,-1,-1
46137,Alãi,-1,-1
46138,IS1c85692730fdbd647e34d,-1,-1
46139,IS18118bb9228edddd833aa,-1,-1
46140,Supernicus,-1,-1
46141,IS157282761f37083da12dd,-1,-1
46142,IS1bd61d1b7d97ba4fe6449,-1,-1
46143,Vudka,-1,-1
46144,Ghostalker,-1,-1
46145,IS165f0d44f00393c293413,-1,-1
46146,Orokk,-1,-1
46147,goreguts,-1,-1
46148,Gardack,-1,-1
46149,IS189670316bb727f50961a,-1,-1
46150,IS17d32c796a93733593fa4,-1,-1
46151,IS1a0af139b61e4209eaab4,-1,-1
46152,Skykes,-1,-1
46153,romantik,-1,-1
46154,IS1e43dd7ecb9f2bd7417a8,-1,-1
46155,IS1fba8d6eb8a76697acbb3,-1,-1
46156,IS1a512ba5da320ed0e4494,-1,-1
46157,IS1154781d25b9a4ef174a1,-1,-1
46158,IS1954722d463381dec2521,-1,-1
46159,Black Alistair,-1,-1
46160,locofox,-1,-1
46161,Ryo99,-1,-1
46162,IS1ade910de883559891e70,-1,-1
46163,IS1a5ea2bb11bd90b0d925d,-1,-1
46164,IS1d9e8cfe4790de7d18c40,-1,-1
46165,TpwSf1vfrQ,-1,-1
46166,LEGGOOOO,-1,-1
46167,IS135e7d781b57311c687a0,-1,-1
46168,Bob Sagat,-1,-1
46169,IS11a37b9648bfc70941c90,-1,-1
46170,IS15878cc845d5594059afe,-1,-1
46171,IS1dcb5f546646ee3f9c000,-1,-1
46172,Spinfold Maloo,-1,-1
46173,IS1b8d5aede5b6d1dba61aa,-1,-1
46174,IS1bc7400f784168a19ca52,-1,-1
46175,Pris0ner,-1,-1
46176,IS10d98e9119081cd4fdd3e,-1,-1
46177,IS16fbae0de3356816aac80,-1,-1
46178,IS1351cf15b44fb15217ed2,-1,-1
46179,IS1ff351d0e6824df783d67,-1,-1
46180,Skaahl,-1,-1
46181,IS1473847e9397f6c0e485a,-1,-1
46182,IS184b2c0a4cac2399f711d,-1,-1
46183,IS14aaa8fc148df613e4c61,-1,-1
46184,EVILTeddy,-1,-1
46185,IS164be8efbba88cd48c6be,-1,-1
46186,IS1d7f1195cb2fbe242882d,-1,-1
46187,IS14b0d171ea0c82087fc1e,-1,-1
46188,IS1b053e819479def8ac574,-1,-1
46189,IS1b2f230162fa6d8037217,-1,-1
46190,IS158ea44b0d4205479fb1c,-1,-1
46191,IS146ccce61824a032fb745,-1,-1
46192,IS15bdbbb65d53883df06b5,-1,-1
46193,Babalos,-1,-1
46194,Ampere,-1,-1
46195,IS115fa373fb4d113b4a65c,-1,-1
46196,Wambus,-1,-1
46197,ZehDrugs,-1,-1
46198,IS1f557b24a832338b3c466,-1,-1
46199,IS1f60d61dc04c5c27e3724,-1,-1
46200,IS10f2973fc2a2f24967dc7,-1,-1
46201,IS150e969e8fca978cbdcb3,-1,-1
46202,IS12d71826c188171f7778a,-1,-1
46203,IS13a8d16ec07e798f0ff49,-1,-1
46204,IS128f3f27a6c7060b8fc2a,-1,-1
46205,IS1efe7c9db85cb186dddec,-1,-1
46206,IS1a49032148a7f90f248cf,-1,-1
46207,IS1f5a2416e2c4df81b8864,-1,-1
46208,IS102b773d04e4938adef85,-1,-1
46209,IS1917e3e1cee823cf25969,-1,-1
46210,IS156cec9e25d3167daf19b,-1,-1
46211,jk4ever,-1,-1
46212,PlasmaDragon,-1,-1
46213,IS164c3c1a7d8ea0c525b9d,-1,-1
46214,IS13c38fb40f42774a274c4,-1,-1
46215,IS1869b83b2f66e19755229,-1,-1
46216,IS1f7ac7ca3844abeb60eed,-1,-1
46217,IS150d5ea2382392dbe1b4b,-1,-1
46218,IS18663ac5a00ce16a1ab2c,-1,-1
46219,IS1f00573a56c0bec2a1cbb,-1,-1
46220,IS12e2b37856fc407901176,-1,-1
46221,IS12e18b8d1d094f579ff00,-1,-1
46222,IS1bf71b6919eba99dd0c25,-1,-1
46223,Firespear,-1,-1
46224,IS1f509ba24613cda41d940,-1,-1
46225,WganYWtpdX,-1,-1
46226,IS1b7c2e3f1092b56d9501f,-1,-1
46227,IS1f5e22bb41a5d725fc12a,-1,-1
46228,jslol,-1,-1
46229,IS1b6b010bd814d6ce6aa19,-1,-1
46230,IS193b7632c0ee463af2718,-1,-1
46231,IS13ecfe5e95675e149c27b,-1,-1
46232,IS173c64730435e063e61b1,-1,-1
46233,IS138a7ce01e4a62fb42d08,-1,-1
46234,IS165dc86212c6e17e42b71,-1,-1
46235,DrakWolf,-1,-1
46236,BeatsToBreak,-1,-1
46237,IS1c744a922084100fab0c0,-1,-1
46238,IS1bd8f81143731d08bef15,-1,-1
46239,IS1879e34cbcf2bbd46cd8f,-1,-1
46240,IS12601203336d1bcc3de49,-1,-1
46241,Da4G0tt3N,-1,-1
46242,IS1a00239b7e728fec5994b,-1,-1
46243,IS1f958eea2dff2971b53f3,-1,-1
46244,IS1c69d2ccf6ca24203c838,-1,-1
46245,Leetnoobie,-1,-1
46246,tehMati,-1,-1
46247,IS13337ba70f9b251310984,-1,-1
46248,QueCey,-1,-1
46249,IS1320ff8e0fc8203fbc80c,-1,-1
46250,kablamo,-1,-1
46251,BigRedBoss,-1,-1
46252,kDD86AAour,-1,-1
46253,IS1df41430571c234cad6d3,-1,-1
46254,IS1dce671f8be57a5729308,-1,-1
46255,IS106574ccd1df4a2de2301,-1,-1
46256,IS1c8f1b35e076dfe1fe4ba,-1,-1
46257,IS1aedab36f193c9b381065,-1,-1
46258,IS181f619781432e815dd5e,-1,-1
46259,IS1464abf90ae242e534786,-1,-1
46260,BobTheButcher,-1,-1
46261,viper34j,-1,-1
46262,IS1e833e9259aab3276c2a7,-1,-1
46263,IS16511b2155498ee241e75,-1,-1
46264,AnimalFarmBCCAP,-1,-1
46265,IS1a35c11a1391e1b4d9e89,-1,-1
46266,IS1858663512246fb2dc280,-1,-1
46267,IS1d8cc7837398000276c46,-1,-1
46268,Sivren,-1,-1
46269,IS1d8816411305bd1bc2b1b,-1,-1
46270,rtvgoten,-1,-1
46271,IS1c6d23bf6d896ddd051ca,-1,-1
46272,IS1040d586713e9767b22e9,-1,-1
46273,IS1479ed47856d691c5fec9,-1,-1
46274,IS1d11d535aadcb3ae82f1b,-1,-1
46275,IS1323877cbc3d6baadb0f7,-1,-1
46276,BRNHPTPyvb,-1,-1
46277,Kikibianc,-1,-1
46278,IS1850e66d8b96d5a5e0643,-1,-1
46279,IS1d3d9ec00cb9f04956a6d,-1,-1
46280,IS187d823db52392ff1591f,-1,-1
46281,IS1c40326da8a4d00682e95,-1,-1
46282,IS17eaa3e5762abc650e3c6,-1,-1
46283,IS178f8b79dffd7ed6c93cc,-1,-1
46284,IS1d0cc5e369fee64fb7f72,-1,-1
46285,IS12a35105cb3ab82a1d297,-1,-1
46286,IS14e06422946399685a5ed,-1,-1
46287,Hydroxie,-1,-1
46288,Kilva,-1,-1
46289,IS10cf35d986e298db53fe3,-1,-1
46290,petllama,-1,-1
46291,IS115d10de8a25d2af95c34,-1,-1
46292,IS1e45ff2d75a8071f0d8da,-1,-1
46293,Anikdote,-1,-1
46294,IS1848728287d2cd417b560,-1,-1
46295,Luluxx,-1,-1
46296,IS1b5e35794b3ebbdf1f6b6,-1,-1
46297,IS11c50b6509e8ad3b5221c,-1,-1
46298,IS140d6442f5a265c49cf50,-1,-1
46299,LARPBu57K4,-1,-1
46300,Marc7up,-1,-1
46301,IS176d0e34230e8e6ce5ca9,-1,-1
46302,IS13bdae6315d673ff09f3b,-1,-1
46303,Balta,-1,-1
46304,IS1374f82f386e054e0b9f7,-1,-1
46305,IS10e0d5c090dda9fb3014c,-1,-1
46306,IS12dd6f285126b577e0d1e,-1,-1
46307,y4rn,-1,-1
46308,IS1b5c083ec6b4dc03fa2b5,-1,-1
46309,KissMya4S,-1,-1
46310,IS1a821fe6657c5a5292bfd,-1,-1
46311,Vashkun,-1,-1
46312,IS1a49d63428f51800130eb,-1,-1
46313,IS1440ff0baf248f186d608,-1,-1
46314,IS1236492ffc79f2c16b106,-1,-1
46315,IS19b4a1d0146250bf13ed7,-1,-1
46316,IS1d8f332ce512e145d4e83,-1,-1
46317,IS120df2ad5dd175526c3e3,-1,-1
46318,killablink,-1,-1
46319,TGDwarf,-1,-1
46320,IS1abdb206537363642dd65,-1,-1
46321,Ln6XI6bGpw,-1,-1
46322,IS149508462a9211bef40de,-1,-1
46323,IS1903e0fed829048b1769e,-1,-1
46324,IS123f16842e894f5c46051,-1,-1
46325,gwt4cq25,-1,-1
46326,Snowysaur,-1,-1
46327,dsi4Eb7WOE,-1,-1
46328,IS1c358b4e5e9561f35099e,-1,-1
46329,IS1d4cdb17bf1cbe7378646,-1,-1
46330,Ashtamangala,-1,-1
46331,Hikaku,-1,-1
46332,IS16e0867fc9a6408e91282,-1,-1
46333,IS15617eb90301227612fee,-1,-1
46334,SubZero13,-1,-1
46335,Slayerness,-1,-1
46336,artsy child porn,-1,-1
46337,IS17c61e80237f72dafc94b,-1,-1
46338,IS1563a3d17a84f9c763733,-1,-1
46339,IS11fb0d354de2ba3c42c1a,-1,-1
46340,IS15fbef45882c63088e633,-1,-1
46341,xmadror,-1,-1
46342,z8JQ8Wd8lW,-1,-1
46343,IS1b475764f76a3b49c9b3b,-1,-1
46344,UnafraidSage,-1,-1
46345,IS1d2997d16105d08003fce,-1,-1
46346,IS13575f6be7f7e94c50c44,-1,-1
46347,IS112ee5e8e7b81875839a4,-1,-1
46348,IS1eaf7c478be2858e294ca,-1,-1
46349,IS1b017d19ba4f03165deda,-1,-1
46350,IS1e4349a85efc49b588496,-1,-1
46351,FlashBell,-1,-1
46352,IS105f0ad1b5654a798bb89,-1,-1
46353,IS16de6f6ffb682b32fccc6,-1,-1
46354,yyninja,-1,-1
46355,IS1af692ce60a796b481858,-1,-1
46356,Footstick,-1,-1
46357,IS159d6ab6c908b932c7705,-1,-1
46358,IS1dcb1f9ab1be8fb826e8e,-1,-1
46359,Bored Acel,-1,-1
46360,9NA0D893k2,-1,-1
46361,IS1ccff8a1db375e32fdaee,-1,-1
46362,IS1bc0005dd2efeaff3d882,-1,-1
46363,IS184a60645ec6bb65cc463,-1,-1
46364,Sotaloordi,-1,-1
46365,Ekikomori,-1,-1
46366,WickedNewob,-1,-1
46367,IS170b93d1683fc33b757e6,-1,-1
46368,IS1dfee8fd8a1a486a14f26,-1,-1
46369,veilstyle,-1,-1
46370,Yuushi,-1,-1
46371,IS18aed62486ddc02136617,-1,-1
46372,Arcantos,-1,-1
46373,IS132103b190bcafc17b307,-1,-1
46374,ikorukaro834,-1,-1
46375,IS1b721e722395a86364fa5,-1,-1
46376,IS1415ee8d01aa7ad65ab7a,-1,-1
46377,IS1b4e97a9618c9bf4bacf5,-1,-1
46378,IS1b044cde96ec2519861c6,-1,-1
46379,IS12fa35663f58ed908104d,-1,-1
46380,IS13a02423b562ffbd13ff6,-1,-1
46381,IS17767173970321cca0a89,-1,-1
46382,Versusnim,-1,-1
46383,IS18d47b13bbe68fa9d43bf,-1,-1
46384,LowWalker,-1,-1
46385,IS13d768d6706d0541842f4,-1,-1
46386,IS14f2801d74c3d5a063a34,-1,-1
46387,IS183f4582815f457a3c3ec,-1,-1
46388,IS139dc941598cc7533ba82,-1,-1
46389,IS1955b9c192e6dcea235ac,-1,-1
46390,Steniaz,-1,-1
46391,IS13000f0e6c8be9b9f868d,-1,-1
46392,IS100a8ba27d64b5e705660,-1,-1
46393,DarnedNoob,-1,-1
46394,IS1521b1fff24d636c6bf7e,-1,-1
46395,IS1c95f7b9401091be6c3fa,-1,-1
46396,IS1771a47795f73833ae66c,-1,-1
46397,IS1ff3c89b6ab0662ccfd15,-1,-1
46398,6xaVWcyZ43,-1,-1
46399,IS13ab9dc255104659e1ef6,-1,-1
46400,IS1a832810695a56cbeacdf,-1,-1
46401,IS157353793f24e65e1af22,-1,-1
46402,IS1ffc1374561fa59c09f1c,-1,-1
46403,IS1c527799235acd16960c6,-1,-1
46404,IS198931047fbd28d8fcaaf,-1,-1
46405,IS162307df13fe5648b05bf,-1,-1
46406,IS1ef2496244d5684bdbf1c,-1,-1
46407,IS192c95f2f3c5c7eea553f,-1,-1
46408,Marthius,-1,-1
46409,Tiamut,-1,-1
46410,Azryael,-1,-1
46411,IS11f3a25587df4ce020532,-1,-1
46412,Etdashou,-1,-1
46413,IS172a58af7c638ddc76184,-1,-1
46414,Mortivoro,-1,-1
46415,7T9sBRnGdW,-1,-1
46416,IS120febd0c656a33711356,-1,-1
46417,Ilickbeads123,-1,-1
46418,IS1e8138f673984554e8a93,-1,-1
46419,IS12c01fa45d3de7212abdd,-1,-1
46420,IS12bb94df8f8382b7df9c7,-1,-1
46421,wrathicus,-1,-1
46422,IS1225ab596b0505fbdb2cf,-1,-1
46423,Calem Magehaert,-1,-1
46424,BelieveInAlex,-1,-1
46425,LarsBergstrom,-1,-1
46426,IS191189c56ffc3a087e685,-1,-1
46427,philbert,-1,-1
46428,IS1b834e7597d21c9f65101,-1,-1
46429,IS1eadb8e650a04429aa880,-1,-1
46430,IS1affddbc32772d3a37db7,-1,-1
46431,Pinz88,-1,-1
46432,IS10e8fdf6956ce0669e16e,-1,-1
46433,IS1e4e94bdca98fb251bc25,-1,-1
46434,IS18606f925551760b69f54,-1,-1
46435,IS136eb118e9b95798708b2,-1,-1
46436,IS16d871b835fc80f71b3d0,-1,-1
46437,IS1ad5090774d0790d99a9a,-1,-1
46438,Chaosteve,-1,-1
46439,IS14879e297fc213535dc12,-1,-1
46440,IS19db9bc92a9f1a6ec825b,-1,-1
46441,IS1f5043c7a6c718df9f392,-1,-1
46442,IS1083a9d431d0f6cc9724e,-1,-1
46443,IS1dffb251cef5a0b71c183,-1,-1
46444,IS146b2e2b220e1e805b22f,-1,-1
46445,Trikka,-1,-1
46446,IS13e11aaad6202d366df53,-1,-1
46447,IS199e95403afefc4501a8d,-1,-1
46448,IS1c61ef99376296b0699ef,-1,-1
46449,IS1edc2a53d4430b43fc526,-1,-1
46450,P3nvoHK0s9,-1,-1
46451,IS197f0be9c70c3255afad8,-1,-1
46452,IS14fab7704255c4230dc6d,-1,-1
46453,IS1d2ac9c1e9bf8e21c793e,-1,-1
46454,IS14143d09ec8064b630ac0,-1,-1
46455,Cathadan,-1,-1
46456,IS1d606646430bbd6748bfd,-1,-1
46457,Legenderu,-1,-1
46458,IS13eb0a0a8247c5007f49a,-1,-1
46459,IS1f53718ca375b02b47153,-1,-1
46460,x5wbs18zXu,-1,-1
46461,IS18c13386f85bb3fbb70a2,-1,-1
46462,IS1702e0db4ed530c9507a0,-1,-1
46463,IS1f410f7f35e270ce14369,-1,-1
46464,5PF1XUNIMF,-1,-1
46465,IS1a3566e4a823d0ad28a3e,-1,-1
46466,Xuven,-1,-1
46467,IS186fded7bc1d0bcfaa2dc,-1,-1
46468,Cswghde Hbsesebb,-1,-1
46469,Ignus Darkfire,-1,-1
46470,IS17f710f7dd48c8fcc5365,-1,-1
46471,IS1d88cce58a6571998738c,-1,-1
46472,IS141a945e3f3109633423b,-1,-1
46473,IS16826c4526e5b20a88b07,-1,-1
46474,IS17a09ff51123617dfeb48,-1,-1
46475,IS103bb3567bf01feec05a5,-1,-1
46476,IS16eb214f3187d19546a54,-1,-1
46477,omega552003,-1,-1
46478,Scorpent,-1,-1
46479,Matszg,-1,-1
46480,IS157fb3d0b040489618c14,-1,-1
46481,IS15f8c5b464a15c9d3567d,-1,-1
46482,IS1cb0ac593d182ccd68bd0,-1,-1
46483,IS1cc10fd011148682958cb,-1,-1
46484,IS167f0725a36f477404c5c,-1,-1
46485,Tarqac,-1,-1
46486,IS1d82d476d0b30522253c0,-1,-1
46487,Roughmar,-1,-1
46488,BIack Alistar,-1,-1
46489,Z3 Super,-1,-1
46490,Metalick,-1,-1
46491,IS16faa47bdf214c6119098,-1,-1
46492,IS1ce37c69a148abaaf609d,-1,-1
46493,LeFye,-1,-1
46494,HellRammus,-1,-1
46495,IS11b1cb539863df661939a,-1,-1
46496,Liliuo,-1,-1
46497,IS13d5e67f51aa291722a44,-1,-1
46498,IS195fc48592e71a3341841,-1,-1
46499,IS1c89a214dce068acbf74f,-1,-1
46500,IS145214ee32fff9bc0ef0f,-1,-1
46501,Anteuzs,-1,-1
46502,IS10c53d2bd40074f4a2fcc,-1,-1
46503,IS12f0272ad1fe70e2382f8,-1,-1
46504,IS14ff3592924dd2c248d35,-1,-1
46505,IS11a4cdea1076536eb17da,-1,-1
46506,FelineDeath,-1,-1
46507,IS16d409ee7fdf1bf175ae2,-1,-1
46508,IS183c547f822e62dcc2c02,-1,-1
46509,IS190b2e7704d257962e122,-1,-1
46510,CrazyK,-1,-1
46511,IS17c3d683594cce22fc4b0,-1,-1
46512,Stevoflurane,-1,-1
46513,IS14f52b3d4dfce78c1827e,-1,-1
46514,IS12e81c63aa227e4b0ebe6,-1,-1
46515,IS1feee72fc13c70afad61b,-1,-1
46516,Razenole,-1,-1
46517,Charlie Lobo,-1,-1
46518,IS10cd8f8322adbca74acf0,-1,-1
46519,IS1d2f1342fc1167f8fd600,-1,-1
46520,Eleanore Saxton,-1,-1
46521,IS14f7b4d7359d1f4ea0c88,-1,-1
46522,IS104c4ec18d8a75122422b,-1,-1
46523,IS1030eaaa7c53a035a4925,-1,-1
46524,IS110a7fb07abe83d2885c1,-1,-1
46525,IS100aed84ab133c1c05a9b,-1,-1
46526,Nocturnal Lament,-1,-1
46527,IS16116ac85d2fe9f590bd9,-1,-1
46528,Morgred,-1,-1
46529,ComBin,-1,-1
46530,IS1e2822a00f65736b20f06,-1,-1
46531,IS1dbd82075fc78ff26b05d,-1,-1
46532,G7T2wmYSFD,-1,-1
46533,luuu2323,-1,-1
46534,TodtheBod,-1,-1
46535,IS12c1fc88b97adfae24854,-1,-1
46536,Krys D,-1,-1
46537,IS16772879721d72586da37,-1,-1
46538,IS1047f8fcbaf5d02938c9a,-1,-1
46539,IS195a042dff4e7e24a477d,-1,-1
46540,IS11bed41c2b691ae936565,-1,-1
46541,IS10f99d8ee077801303091,-1,-1
46542,IS16ac996f297052c91a683,-1,-1
46543,Xoxonosauriusrex,-1,-1
46544,zilphor,-1,-1
46545,IS148c552952aa4bf152e90,-1,-1
46546,IS1f2931898bf4d7939092f,-1,-1
46547,IS15a865b9c932ebb072894,-1,-1
46548,KoBcBR2T9K,-1,-1
46549,fdsgfdsghfdgdf,-1,-1
46550,IS16f2868f35ff96a052cd9,-1,-1
46551,IS12670c5244be874a27ccb,-1,-1
46552,IS15e2a849e7290eb209f03,-1,-1
46553,IS18b9637849d11259244ed,-1,-1
46554,IS12097d6b22e06b9e954ee,-1,-1
46555,IS1e11877bc9a0f8e02be50,-1,-1
46556,IS1eda2a6adacf50172e799,-1,-1
46557,IS10d346f6999757220e95e,-1,-1
46558,IS1bb9b4e5bf65bdee6ecc8,-1,-1
46559,IS18b324ea55ee0b7c18e06,-1,-1
46560,IS1114255bb4866b98151ac,-1,-1
46561,PimpingPanda,-1,-1
46562,xenocryst,-1,-1
46563,IS188b9e06badf1de66b950,-1,-1
46564,IS1eede958a988bbb215163,-1,-1
46565,IS1d3509c11c6ce85d823c1,-1,-1
46566,IS121ed6e66f4c77ccfa308,-1,-1
46567,mrgy05,-1,-1
46568,ItvTZTFvTS,-1,-1
46569,IS169f78c8d01fa0a6853b8,-1,-1
46570,IS11d5ad1574743397ee198,-1,-1
46571,IS1b97eac4bf587c3341b3c,-1,-1
46572,IS1be2ed9ff90f60f247620,-1,-1
46573,AmariL,-1,-1
46574,Kinglosser,-1,-1
46575,IS1f8db4cbea08fc3583666,-1,-1
46576,IS11de501b6a3d9b38f4173,-1,-1
46577,IS1c099f7ad15dfb0447ba1,-1,-1
46578,IS134eff8b888e03c50fc1b,-1,-1
46579,IS11fdb0e2022bb1d9b4d5d,-1,-1
46580,IS1a29d3978d655a68516e5,-1,-1
46581,IS1eb2a4930c964408dca42,-1,-1
46582,ZekKlR8akB,-1,-1
46583,IS1a6dfb80ab06683f3be01,-1,-1
46584,IS1b82bbf7d9cc5fd0e6e78,-1,-1
46585,IS13ed5614f81dc172b2adb,-1,-1
46586,IS1ddf996999297a530c119,-1,-1
46587,slapkey,-1,-1
46588,RookieOne,-1,-1
46589,G5Y2fdKJkj,-1,-1
46590,IS120b7e23956cf3548d639,-1,-1
46591,IS1bcbf034240fad7ff7d4d,-1,-1
46592,Dullios,-1,-1
46593,IS11bc4ee09e0695becffd1,-1,-1
46594,IS166e8a6d25bfaf74d5b29,-1,-1
46595,IS1037bf1dc80aeb77ff6db,-1,-1
46596,IS1ca971d4718adf0f707f2,-1,-1
46597,IS170bdb384e1de45e4c8ea,-1,-1
46598,IS154ed2c35313785acdba1,-1,-1
46599,Coreana,-1,-1
46600,IS159a06b07f9ae2f6b0751,-1,-1
46601,IS1d52c2b12e11f3b28e8f5,-1,-1
46602,IS140b5296e858c26f24c4a,-1,-1
46603,fYSLrP4eNS,-1,-1
46604,IS1eab4f38fb33aea1ec479,-1,-1
46605,Shakra,-1,-1
46606,fb5RkBBdl7,-1,-1
46607,IS1d5b288f3b8ad0e06673f,-1,-1
46608,pRb9QJTXET,-1,-1
46609,IS150f6541fdd33b322c876,-1,-1
46610,MrKola,-1,-1
46611,Doc John,-1,-1
46612,monkeypoop,-1,-1
46613,IS12bb0ccfe206003f70024,-1,-1
46614,IS1f0c27ffdcd3fe419a1c4,-1,-1
46615,IS18abe3813931ff93465e1,-1,-1
46616,IS13b90ff4a0c3869e3c785,-1,-1
46617,IS1ef3103da68ab61efd093,-1,-1
46618,IS1621a88e3763fe3123896,-1,-1
46619,IS120c7701ddf5bd56d9ad4,-1,-1
46620,IS10dbaf34cf97beeb384b2,-1,-1
46621,IS12de9d57a4c128aa07c67,-1,-1
46622,teddust,-1,-1
46623,IS1286c876619330295a93d,-1,-1
46624,IS1a033b75c10a27f9f5339,-1,-1
46625,IS10fca125dce3352c9ea5b,-1,-1
46626,IS15a7c12879c89b0c252d0,-1,-1
46627,pLaTz0,-1,-1
46628,IS1892c91ed6ea4c33909d0,-1,-1
46629,IS1e2e2a7e088fc0311a33d,-1,-1
46630,IS17596e4f20c56c661319d,-1,-1
46631,IS1f638191851b529731a57,-1,-1
46632,Thaan,-1,-1
46633,Sabyedee,-1,-1
46634,IS16a39a5246624e0b71c33,-1,-1
46635,IS110188cedd074226312c9,-1,-1
46636,IS181c726eb245123e2b384,-1,-1
46637,IS10373e17a294faad492a7,-1,-1
46638,IS1b9a67eeb4b5d186b27d0,-1,-1
46639,IS1cbd9674edde70eef902b,-1,-1
46640,IS15b4cef001353e349928d,-1,-1
46641,Lulizarti,-1,-1
46642,IS135cb4d44ee01e781a2b9,-1,-1
46643,IS14672f7c91f58385b4582,-1,-1
46644,IS1d1ea3a8dd6db76688ad1,-1,-1
46645,IS1865947895d6f7ed30b68,-1,-1
46646,IS1d85a1efb042a7d1e6892,-1,-1
46647,IS15c0de3564b63d74bcf5f,-1,-1
46648,Archavious,-1,-1
46649,amrqDVTuDc,-1,-1
46650,IS17a7dff695ff369c54bbb,-1,-1
46651,Melkorthefoul,-1,-1
46652,IS1378d8c6546b4a11520b2,-1,-1
46653,Karoupa,-1,-1
46654,vilar,-1,-1
46655,IS1dcb481f749eea434371c,-1,-1
46656,PrimevalBreach,-1,-1
46657,IS1fc3ce6b5c18a2bf9aed8,-1,-1
46658,Uboru,-1,-1
46659,IS1cdea5940d1c050f6c6e1,-1,-1
46660,Rammusaur,-1,-1
46661,IS12c4c9d01e74b66a74485,-1,-1
46662,IS1c019f687009e997b43a0,-1,-1
46663,IS15a24d075478459c7289c,-1,-1
46664,IS1f12e8c0fad6cfe21e079,-1,-1
46665,IS134e1f5cf3a9750a7a48c,-1,-1
46666,IS1d3663c3c14d943fb0dc5,-1,-1
46667,SlyGoat,-1,-1
46668,IS10d6c00a872b37ee20e5d,-1,-1
46669,khindjal,-1,-1
46670,IS1f0770eaf9c5d8c7bd511,-1,-1
46671,hI0anDiS2B,-1,-1
46672,IS1f264e5508c75e4cbced0,-1,-1
46673,Q7ae4avZqu,-1,-1
46674,IS1af5f8e8d0a52e56679a5,-1,-1
46675,IS163f5588e525bff96d89a,-1,-1
46676,buckymunky,-1,-1
46677,IS14b62855f5056c64b25c7,-1,-1
46678,IS1fd588d797921ac663823,-1,-1
46679,soro123,-1,-1
46680,IS18eb4bb88aa98fd12605b,-1,-1
46681,Theorycrafter,-1,-1
46682,ODZ8MUIoXl,-1,-1
46683,IS1061a8e40a99c31190d6a,-1,-1
46684,IS1e689a706b7b8776fc828,-1,-1
46685,IS1a9d8f0a9cd1ff06b8e3a,-1,-1
46686,IS1aceab45b6b4e15349fa2,-1,-1
46687,IS1776411d5c6c1227ad0a7,-1,-1
46688,Bostwick,-1,-1
46689,IS1187190a9683cc8a9e1c0,-1,-1
46690,IS1b365b3751ca518cf752c,-1,-1
46691,PzN0WXftuv,-1,-1
46692,Bandle,-1,-1
46693,MakeATheRice,-1,-1
46694,IS15e9dec8c9d8240a182df,-1,-1
46695,gdwsghsghes,-1,-1
46696,IS17631784d209135646bf5,-1,-1
46697,IS15d5fc39fe76a9d08a705,-1,-1
46698,The Yung Hyung,-1,-1
46699,IS1c2a5afc50c9ce763cbf2,-1,-1
46700,SplitNova,-1,-1
46701,Pr0fessional,-1,-1
46702,IS158d28cbef72e12a3f09c,-1,-1
46703,IS13a078f1b0c7fa758420e,-1,-1
46704,IS1ce8866d8631cd3d62d75,-1,-1
46705,IS148d885082d48e13af8c9,-1,-1
46706,IS1615e9a86a16426fba8ee,-1,-1
46707,IS1132bc39779d124b5cbcd,-1,-1
46708,IS16ef8ad4854ee4e2342c6,-1,-1
46709,IS1e92c7f028d0c1f7e08eb,-1,-1
46710,Halilui,-1,-1
46711,wDq2d6HE90,-1,-1
46712,Horse Bukkake 69,-1,-1
46713,martyd,-1,-1
46714,IS1de1beb145e7154f96310,-1,-1
46715,IS19811fe5dc3d84297cc44,-1,-1
46716,BestGankEU,-1,-1
46717,IS1033704c97780bdd66005,-1,-1
46718,IS1128cca486afb90968136,-1,-1
46719,IS1723ab3c86e793660ef21,-1,-1
46720,IS1b015f416424135b5e48d,-1,-1
46721,IS1d4b3527b97c54ccc4603,-1,-1
46722,IS11ae7c49d22cef556e797,-1,-1
46723,IS18b3fa90d46efc6e4c66d,-1,-1
46724,IS1b688089e8816ba9b1d9d,-1,-1
46725,IS11a688aff0634fe3dd8cb,-1,-1
46726,IS1f29fa7c47d6917d433f0,-1,-1
46727,IS1ed3a03c508ff5d14b560,-1,-1
46728,IS1cd7a8fd9f41857a2eea8,-1,-1
46729,BnardLcaf,-1,-1
46730,IS1b2d8bf26affe1089821f,-1,-1
46731,IS138a3eb192c8ae3a1436c,-1,-1
46732,IS17179d38f7082d687b571,-1,-1
46733,Wardjess,-1,-1
46734,IS1c94b61694807c491f877,-1,-1
46735,IS1fbd119f74f689486c243,-1,-1
46736,IS1b5d8bdded3b1f8206538,-1,-1
46737,2xLO94bMgb,-1,-1
46738,IS11c7523d8f4f2160a71d6,-1,-1
46739,Revrenjones,-1,-1
46740,IS1f4c32333da54b8d692e9,-1,-1
46741,IS1fff19e92fab5a0b7728b,-1,-1
46742,Tendersauce,-1,-1
46743,IS1f03cbeaf972b8e05ffdd,-1,-1
46744,IS1307d9f7d48d8005707c2,-1,-1
46745,Mael Talyon,-1,-1
46746,IS1b41fce871de6cfbb2911,-1,-1
46747,Snaykro,-1,-1
46748,Onjay,-1,-1
46749,IS1ccd332ca30b6714023d1,-1,-1
46750,IS1f6c8cd90c4842503621a,-1,-1
46751,IS11c7eb16fa73f544b5afb,-1,-1
46752,IS1354f8ceef1b48261bf5e,-1,-1
46753,IS19e8ec97aa091dfaa28e0,-1,-1
46754,IS1d28c35dd0b41a5891c04,-1,-1
46755,sayhitothehobo,-1,-1
46756,IS157723173b3ddfe08fd8c,-1,-1
46757,IS16af0d8fd2452c33ad396,-1,-1
46758,GuhBeast,-1,-1
46759,IS109211ae4493c75c742a9,-1,-1
46760,gebunden,-1,-1
46761,IS17e470cd1b333f514cc3d,-1,-1
46762,WhyegZdss,-1,-1
46763,IS105f01c08e5f53548d5e7,-1,-1
46764,ThiFode,-1,-1
46765,IS1ac8553536d004c895b59,-1,-1
46766,PartTimeGamerUSA,-1,-1
46767,IS15360601d155c4803b7f2,-1,-1
46768,aznMofo,-1,-1
46769,IS173b189da524ce1401834,-1,-1
46770,IS1c998e5d682c4d826d8c6,-1,-1
46771,IS1b66ae0d9168429adfb61,-1,-1
46772,IS1d5abc3a490ba8fdc2ef7,-1,-1
46773,IS120ed04c75f8d0ce0c44c,-1,-1
46774,Azzmodan,-1,-1
46775,IS15e8a49d1ed0dfdd22f81,-1,-1
46776,Z2 Goochie,-1,-1
46777,Lokesarr,-1,-1
46778,IS122db8e79376998d29915,-1,-1
46779,IS165bb712b26f787096fb3,-1,-1
46780,deathammer287,-1,-1
46781,IS1984bc1c5e2dd52ff23ea,-1,-1
46782,IS1b0f46b72bd091ce4c00e,-1,-1
46783,T34Gunner,-1,-1
46784,IS192e467df4fd3001215a5,-1,-1
46785,IS11759e4e69a56444719b0,-1,-1
46786,IS137ffacb83e05be8da6a8,-1,-1
46787,ZIRO,-1,-1
46788,IS1afaf25d720988e07d638,-1,-1
46789,IS103dea8afe5483fe4c3ad,-1,-1
46790,Z3 ruben,-1,-1
46791,wZFq97G8a5,-1,-1
46792,IS181e995cdd14c3f67eacd,-1,-1
46793,Rocket859,-1,-1
46794,Generic Cleric,-1,-1
46795,IS1285cf39432aaed2724ac,-1,-1
46796,Kirtar,-1,-1
46797,psydack,-1,-1
46798,IS1509168e0fd3e481c4dfd,-1,-1
46799,yeSJjzVBsI,-1,-1
46800,mackfest,-1,-1
46801,SpaceGh0st,-1,-1
46802,oldekingcole,-1,-1
46803,IS11488e822c9f05591a0dc,-1,-1
46804,Miss QwQ Grace,-1,-1
46805,GSky,-1,-1
46806,IS1c39949e5113ad431d11f,-1,-1
46807,IS15f2b98de9f5d5903c3b3,-1,-1
46808,IS1002ed0b058511901b55a,-1,-1
46809,IS17a1bea8b17f15a3f447d,-1,-1
46810,vUa1E27TMs,-1,-1
46811,IS1e319728029f4e7bbe81c,-1,-1
46812,IS1e75b4102e4396b29633f,-1,-1
46813,Beamer,-1,-1
46814,IS1683d55bbe5793da45568,-1,-1
46815,IS171d034c5be968bb13ef9,-1,-1
46816,á Xi Ba,-1,-1
46817,IS1df6b12d764ce7c280437,-1,-1
46818,Pisicx,-1,-1
46819,IS17c5ee4763ca51494805d,-1,-1
46820,IS17541dfe271882bafee6a,-1,-1
46821,IS15c17f150a5149ec39f8e,-1,-1
46822,IS157bef984c4a0a26c50a9,-1,-1
46823,IS190d098e0407af7478475,-1,-1
46824,KissMyMouse,-1,-1
46825,IS121f2d21080d6f4a8f987,-1,-1
46826,IS10d1476e5d488f423ada2,-1,-1
46827,IS1049d7a8438e0fba51529,-1,-1
46828,IS1c0705516308bf05fb5c3,-1,-1
46829,IS1643e6b53799b70f140c5,-1,-1
46830,barabash,-1,-1
46831,IS1cefcf3fe2852a7875109,-1,-1
46832,IS16c117e8014fd44813f97,-1,-1
46833,IS18d79b786b9a6d289a8ae,-1,-1
46834,MrChupon,-1,-1
46835,IS190d75e973bd79cb50fb7,-1,-1
46836,IS107004e14e56b7a083fc6,-1,-1
46837,IS1ccc985deb49af978e07a,-1,-1
46838,rotori,-1,-1
46839,IS13a0f442e1407ec1c1654,-1,-1
46840,IS1c81c8681c8f13d85ac85,-1,-1
46841,IS199261a4dfcddeb30df2e,-1,-1
46842,IS1d7139caa9addd293483e,-1,-1
46843,cata2009262,-1,-1
46844,squall388,-1,-1
46845,IS1330b84a8a7999eaca843,-1,-1
46846,IS16a0bf5d5bef566d34042,-1,-1
46847,hix3r,-1,-1
46848,Kazoku,-1,-1
46849,IS1311c685be8bc4718b0f3,-1,-1
46850,IS1f27e0ff8aa17644b15e3,-1,-1
46851,IS1eb4f7907a3bcbf1df6e6,-1,-1
46852,SushiBall,-1,-1
46853,IS1bc1bff7eede30a38e22f,-1,-1
46854,IS15fdcda240b043eb561d5,-1,-1
46855,IS1609afda017789ad68df7,-1,-1
46856,IS1f927e9a6b3ffc0c32755,-1,-1
46857,IS1d06d2e68299a8cabdf31,-1,-1
46858,IS1a1c6dc3d4b02284d4041,-1,-1
46859,Xenostalker,-1,-1
46860,IS1ea0a9f9dc23b77f3b5e7,-1,-1
46861,Punisher Meteor,-1,-1
46862,IS1b4ee64aef0912948be48,-1,-1
46863,IS172c48bb073c1e1fe4417,-1,-1
46864,IS1f41a971384b4ae47abd1,-1,-1
46865,IS1a1639552cda77ca799e9,-1,-1
46866,IS1fcc2eb0ef8b2d9d7c02d,-1,-1
46867,KrDWoYzJBw,-1,-1
46868,IS148cae0642eb628fa23c7,-1,-1
46869,IS14b8907d3b7f81c1fbb50,-1,-1
46870,IS1b67a738bed02667279d8,-1,-1
46871,IS18c609eb763c34c5bef82,-1,-1
46872,IS1eed664d853399a09d57a,-1,-1
46873,Rainox,-1,-1
46874,IS1e5a56c457a74cac7c36b,-1,-1
46875,Ramathorn,-1,-1
46876,IS1aeff45696e4295640747,-1,-1
46877,Deactivated33221,-1,-1
46878,IS1de82daf42655304c1335,-1,-1
46879,IS1216588dad86b825be352,-1,-1
46880,IS10c7cffcff80cd4b5ed9c,-1,-1
46881,IS16cb05a924a0a72aa6913,-1,-1
46882,IS19f1de8dc2d8864425252,-1,-1
46883,IS107c58dd816c7e9fa29ed,-1,-1
46884,saitou7,-1,-1
46885,Meduza,-1,-1
46886,SHOTDUCK,-1,-1
46887,IS100ea11b5c7bacbcb1682,-1,-1
46888,IS15e531cae0da812db9a62,-1,-1
46889,IS1db4ba10bce0a004acc88,-1,-1
46890,IS172cece51b60959c12320,-1,-1
46891,IS11ee198a41356f5f4445c,-1,-1
46892,IS1606e5306342fa82246f8,-1,-1
46893,Vengeance,-1,-1
46894,IS1977d187d3798564676b3,-1,-1
46895,IS1c2218f8d11d3dd582d04,-1,-1
46896,IS1d0145fbfdd597cd5cab5,-1,-1
46897,IS13b3158e587de76dd4129,-1,-1
46898,IS1858c6659b0d4b04030ac,-1,-1
46899,fazdaspaz,-1,-1
46900,IS1db897172536a7d6bd1d6,-1,-1
46901,IS1c00c75b37961e8a9b787,-1,-1
46902,IS1478a1d4c97340d74b467,-1,-1
46903,IS148c3c0870c4e3edabd3a,-1,-1
46904,IS17e5bf59a94319a408ff7,-1,-1
46905,IS1b956d8b09416958e8892,-1,-1
46906,IS1abafa6f4cab7338d01df,-1,-1
46907,RaidSoft,-1,-1
46908,IS1ff0f86dce7116b9fa527,-1,-1
46909,IS19f076b2210cb21e87734,-1,-1
46910,IS190871ed5d07ad6023bf7,-1,-1
46911,IS19f8e2992da540d166039,-1,-1
46912,Zozos,-1,-1
46913,IS15ded8506d41c873519b0,-1,-1
46914,IS13a95d51329968b9b26be,-1,-1
46915,IS19d32830ae9c5a1acd40e,-1,-1
46916,IS18ae455b19876e66a7d5e,-1,-1
46917,Sadoul,-1,-1
46918,IS163e01449abdf2f36328b,-1,-1
46919,IS1c280f145f6ccb34851fb,-1,-1
46920,CZFdPWG9n3,-1,-1
46921,DUNLORD,-1,-1
46922,Talmien,-1,-1
46923,IS1e5cd05d15af3ff095b3b,-1,-1
46924,IS1c5f8b7056bd0b1d729da,-1,-1
46925,splathowa,-1,-1
46926,IS1aa2b566e5b74829200a2,-1,-1
46927,IS166df1e58739cf56c5a04,-1,-1
46928,SajtoslazacKETTO,-1,-1
46929,IS195460842f5090da94662,-1,-1
46930,Crau,-1,-1
46931,IS17a4f22a69b861064b402,-1,-1
46932,IS1bba50fd776facbcd7694,-1,-1
46933,GLG ThiefLOL,-1,-1
46934,IS1e21be02e894575ae5b7d,-1,-1
46935,IS1cdbb81b6b40792c6e490,-1,-1
46936,IS1b36aaccbe7c3279d02d1,-1,-1
46937,kyFJT9i8G4,-1,-1
46938,IS10c8d51c53e75bc6d5e3b,-1,-1
46939,420TOKE TOKE420,-1,-1
46940,qZjcrIzAPz,-1,-1
46941,Slolaf,-1,-1
46942,Banisterman,-1,-1
46943,IS1db6350f596add02dec5f,-1,-1
46944,IS14f1f5d88048c4f2a1948,-1,-1
46945,IS1fae8df860ec9d248bd99,-1,-1
46946,IS1e5906f7d552a0cf51179,-1,-1
46947,IS148bbe5fafc4d06a3d527,-1,-1
46948,IS1616c7f29b962553d488e,-1,-1
46949,IS1d064bf1b8fe238bc772d,-1,-1
46950,IS10790b158b1ea301680a3,-1,-1
46951,IS1b8eeb75d4b11a876b7ba,-1,-1
46952,mh6yagaTrI,-1,-1
46953,IS1af78b81f69e21f3b5dac,-1,-1
46954,IS147028e76ce8a4ff4ddb9,-1,-1
46955,IS10194a7bc3c4c48a8d7fa,-1,-1
46956,IS18a89fd9cbfb06a015786,-1,-1
46957,IS121b5d4a51c6b60f4d712,-1,-1
46958,IS170502a8e9d5f758d92cb,-1,-1
46959,IS196f73b35504df9bab02a,-1,-1
46960,I1H8Gy3gBH,-1,-1
46961,IS1e86b239601924f8d89d4,-1,-1
46962,IS11da21d463bb53aae4e3d,-1,-1
46963,pcuECQV8XC,-1,-1
46964,nomexred,-1,-1
46965,IS1df07fbc3c49bcd9e705f,-1,-1
46966,IS12d4d69ee3a7f527d8160,-1,-1
46967,sebyyc,-1,-1
46968,IS133f6fd6361560194325e,-1,-1
46969,Vagelous,-1,-1
46970,KingofEwoks,-1,-1
46971,IS188c6b4a99873955915a0,-1,-1
46972,IS1cae2b26d162a504e4314,-1,-1
46973,IS13de1bc4b11cc60f507e8,-1,-1
46974,IS141b3e91d6d261b43039a,-1,-1
46975,Tungii,-1,-1
46976,dotneB,-1,-1
46977,starplaya,-1,-1
46978,ne0rc,-1,-1
46979,IS12ecd819ad38f21394925,-1,-1
46980,IS1b28769e3c4947d156690,-1,-1
46981,9DZDbaoUw3,-1,-1
46982,IS18a121333e1481aff2d0d,-1,-1
46983,IS13d521205dc270101b610,-1,-1
46984,IS1e4244a3f19e81ebf90d9,-1,-1
46985,IS19eebeedee652e1253973,-1,-1
46986,IS1d53ea7abfbbdf742976c,-1,-1
46987,IS1e23c2b1f2643853f50b3,-1,-1
46988,IS10e62da708674fc185ae5,-1,-1
46989,Falithes,-1,-1
46990,IS16372618e75f612347515,-1,-1
46991,IS15f89e0ac73cc6a4e44cd,-1,-1
46992,IS15db226888f2f89e7678f,-1,-1
46993,IS1fc44b429f4353aba4a5d,-1,-1
46994,IS1e39e3bc07539e7289b42,-1,-1
46995,IS1bf0b3e1f9ffa2d3a34f1,-1,-1
46996,IS1f7060151b4cb87d86336,-1,-1
46997,IS1cf4a2462296ee08f5ef6,-1,-1
46998,IS10203ccdc16a51898187e,-1,-1
46999,IS15385ca87aa1f8952338e,-1,-1
