47000,Leaderbs,-1,-1
47001,IS195413342790f2cd6bae9,-1,-1
47002,RWQZMMNX1,-1,-1
47003,Lazarus Skyfire,-1,-1
47004,IS14cd7335ad075d05c464a,-1,-1
47005,IS14e6a7b701788fe8c10ce,-1,-1
47006,IS12f65d26444d2badb9dc1,-1,-1
47007,Khromix,-1,-1
47008,IS13122372779e1ea1441d5,-1,-1
47009,IS13a7f2e51ef826c077ab2,-1,-1
47010,IS1cfa8cc16a36a1aadb0a1,-1,-1
47011,IS108fd629e43249fcf45ef,-1,-1
47012,IS1f78bd3e34a3d04dbdc70,-1,-1
47013,IS10e4f2b56d5e11118fbf1,-1,-1
47014,IS11148eb31066bad622331,-1,-1
47015,IS138e1c7586813338a09fe,-1,-1
47016,IS15546bd40cc3960c58e00,-1,-1
47017,IS162534956d827ef074884,-1,-1
47018,IS17a7ad71eb0095623abf2,-1,-1
47019,pCz3r0,-1,-1
47020,Lotharian,-1,-1
47021,IS1608d432b540c1303c572,-1,-1
47022,IS14a6487a7edade4c0f2ef,-1,-1
47023,Amperstand,-1,-1
47024,Elanikan,-1,-1
47025,IS157de3a0ebf8683060878,-1,-1
47026,IS10c072f5447ed37300b1d,-1,-1
47027,IS1fbe1fcfb332241a4e921,-1,-1
47028,IS1c2299311cd761870aecf,-1,-1
47029,IS1d4cf4a1774b46b8d5398,-1,-1
47030,IS1044ddf966729caefb36a,-1,-1
47031,IS12f4fdad06ea58716e0cf,-1,-1
47032,IS16e20efe72f0597524dcc,-1,-1
47033,Nat3TheGreat13,-1,-1
47034,Jany,-1,-1
47035,johnrider,-1,-1
47036,IS1fd979db78d9d37b2bab1,-1,-1
47037,Dindon42,-1,-1
47038,IS13b0a40d7f232a6d6830e,-1,-1
47039,IS1303a44a9ad9ed6937c71,-1,-1
47040,IS1908d3b53f191436ec1f1,-1,-1
47041,IS1036fb60f4db77a073988,-1,-1
47042,IS1cd766e76cf4ef5aecf61,-1,-1
47043,IS14548db90cb667c4c62fa,-1,-1
47044,qHz07qXJPx,-1,-1
47045,PwnScones,-1,-1
47046,IS179531c480ef3c37e91d3,-1,-1
47047,XmAbvWKfaS,-1,-1
47048,EUWCALLING,-1,-1
47049,OutofHand,-1,-1
47050,IS1fea9c14e8389caf1bd58,-1,-1
47051,Bolbiiskeren,-1,-1
47052,IS17942b0a70a522b46e9e5,-1,-1
47053,IS1a7e23b9f5db6b1b55d9e,-1,-1
47054,IS148998f35ec1a88284843,-1,-1
47055,IS1842b7ee7f3339c31cef6,-1,-1
47056,rotley,-1,-1
47057,IS153027a200fad19fae287,-1,-1
47058,illflickyobean,-1,-1
47059,IS1fce0c917dda4c3e6e30f,-1,-1
47060,bSuD6UI9oq,-1,-1
47061,IS1adc02b49eead5b32f9e0,-1,-1
47062,IS12a85f98cd745090b2e7e,-1,-1
47063,IS1bbac6e9ec77b104f6145,-1,-1
47064,IS1e517bd3c0ac7a804af33,-1,-1
47065,IS181dc366a947a63c0ac4c,-1,-1
47066,IS1dafce218d8c9218de7dd,-1,-1
47067,IS12c57cae08d3cd0acb96f,-1,-1
47068,IS11a458e325079668192b4,-1,-1
47069,IS1e7cba55be9edd37486ba,-1,-1
47070,IS1ab83a9e124cfcb432675,-1,-1
47071,Quinso,-1,-1
47072,IS19f8673a5aa2468917a57,-1,-1
47073,KillAcer,-1,-1
47074,dushnei,-1,-1
47075,IS15921b64f33b72329d157,-1,-1
47076,IS1741eb699cdf87b9ab281,-1,-1
47077,COQLIWGO1,-1,-1
47078,Mythicgriffon,-1,-1
47079,IS19b0dba555367e277f670,-1,-1
47080,HARD Distu,-1,-1
47081,TShark,-1,-1
47082,IS192319e84dcc21046ca9d,-1,-1
47083,honeyboo,-1,-1
47084,IS1b6ab91ffa9a89da30c90,-1,-1
47085,IS1bb659833c45ce87e49a6,-1,-1
47086,BillyMaysHere,-1,-1
47087,lelame,-1,-1
47088,IS140b04d1d5d5a8ae4bcb1,-1,-1
47089,mattuvtm,-1,-1
47090,IS1ef003e559e95475082dc,-1,-1
47091,IS1dbbb337b4e46d2dbcfc8,-1,-1
47092,s3tsuna,-1,-1
47093,Dirk Shamrock,-1,-1
47094,IS18014c4c2cba7b7106a38,-1,-1
47095,IS12d6830fe7eec1bd06b73,-1,-1
47096,IS1314daad7658522640fa5,-1,-1
47097,IS1604b4e911b7bfb8d0b2f,-1,-1
47098,IS108d335736327e4ef617c,-1,-1
47099,Stone McPhone,-1,-1
47100,YouJustBeenPwnT,-1,-1
47101,EvilMeRc8,-1,-1
47102,Fayten,-1,-1
47103,IS128229cbc049927193fff,-1,-1
47104,Zangetso,-1,-1
47105,IS15871dfc5b11af343d214,-1,-1
47106,IS1b122bd2b3bd6558a02e7,-1,-1
47107,PJL5,-1,-1
47108,IS1c7aed4fd7fa3fd142a69,-1,-1
47109,IS17fa0ff6539453731b5b3,-1,-1
47110,IS160ba72bb9acdfccf164e,-1,-1
47111,IS1a71ee130b94dfe8bcf2e,-1,-1
47112,IS11c43c73170b1343a65d2,-1,-1
47113,IS181ab30a36b0ee71300aa,-1,-1
47114,YC Raida Kyaku,-1,-1
47115,LordFatherPipson,-1,-1
47116,IS13ca1c56996aa87e97fca,-1,-1
47117,IS15044266c10cf110bb16c,-1,-1
47118,IS105ff82f38cf0a0744a47,-1,-1
47119,IS1b3565835e7287ca18469,-1,-1
47120,Kalledon,-1,-1
47121,Punga,-1,-1
47122,Smithfoo,-1,-1
47123,IS1aded107afcfdf6e88664,-1,-1
47124,IS1308d19f20804312f5d2c,-1,-1
47125,wE4IKPpO6z,-1,-1
47126,suuuK,-1,-1
47127,IS1957df48fadcc36f5f98c,-1,-1
47128,IS199472cc085e43b0c4d5a,-1,-1
47129,IS1b8256e6fb638570f0c80,-1,-1
47130,IS1d6c166b7a42284b21db9,-1,-1
47131,IS19ee3a938f3ca5b014e4d,-1,-1
47132,DagonnSlamscape,-1,-1
47133,IS1570e6eb8536602601dc2,-1,-1
47134,IS173760a1c0e4e318df2ad,-1,-1
47135,Toodi,-1,-1
47136,IS137147e2042c8372d62c5,-1,-1
47137,IS171dff4d6ca8dc2ab3b2f,-1,-1
47138,IS1bc6d611aa97eca64c484,-1,-1
47139,IS100555fe8ad5a7b3c4296,-1,-1
47140,IS10ef47f756d33cf170f97,-1,-1
47141,darkzakSum,-1,-1
47142,Opaqeternam,-1,-1
47143,IS1640d5147f6257ca7e827,-1,-1
47144,IS1de5bc4ea47993b515836,-1,-1
47145,IS111a202d815133063f690,-1,-1
47146,ZZZurp,-1,-1
47147,IS1c1fdf07f3e7d0e259b70,-1,-1
47148,Laiev,-1,-1
47149,IS111d1c765b0d5fc57b940,-1,-1
47150,IS1d583d3ff4a9dda70b4e6,-1,-1
47151,IS1c452e46b48bca452a16d,-1,-1
47152,Gasketz,-1,-1
47153,IS101b0351c8c30e49a2b86,-1,-1
47154,meatloaftartar,-1,-1
47155,IS12dee8c16bc2eb87d4ea2,-1,-1
47156,GeorgeFungus,-1,-1
47157,IS12b80ef71fb8b968d9b48,-1,-1
47158,IS1a88ee7580b08922c0dca,-1,-1
47159,IS1dcf27c43d37fe49f7250,-1,-1
47160,kihashi,-1,-1
47161,IS1de26ff170b873741ba15,-1,-1
47162,FoxHound,-1,-1
47163,IS12a1183f06fb5c0ed0850,-1,-1
47164,IS1b687501808cc1203704d,-1,-1
47165,IS1ed81fbf6dfc59ce9c625,-1,-1
47166,King Ramming,-1,-1
47167,IS1d8920d5bffb550d1de2b,-1,-1
47168,IS1f9b4e2b16052b832a1f6,-1,-1
47169,IS1c58cdc2ddb03d8645356,-1,-1
47170,IS1f6be88b36a02b5512288,-1,-1
47171,IS1c8c1e267615f76689e85,-1,-1
47172,IS1fbf556c87fdeaea744a9,-1,-1
47173,PlayerZinhu,-1,-1
47174,leSourCil,-1,-1
47175,Mistanice,-1,-1
47176,RamcdeaDiaaa,-1,-1
47177,IS17d49b7f5a0f39849c18f,-1,-1
47178,SpinCobra,-1,-1
47179,IS1852fd0733df3fb8e88c7,-1,-1
47180,IS106fbb517a106e1357dd2,-1,-1
47181,IS12854d80d72d110c22e5f,-1,-1
47182,JSJASzS4n5,-1,-1
47183,IS1862b0f13133736da5c0c,-1,-1
47184,IS1929f575ad0b78fc17672,-1,-1
47185,IS1786069c9849e44aa9699,-1,-1
47186,IS12119372ff1b4ec01cff6,-1,-1
47187,Artok,-1,-1
47188,IS1acf1fcb24a248447ed22,-1,-1
47189,mg7SZwdREO,-1,-1
47190,IS15397733b3f40f0bb3649,-1,-1
47191,IS1c4a8b9d5d393a691419a,-1,-1
47192,IS1df1e0a6ef55a9165006b,-1,-1
47193,IS1491a151137dacdbf5bd5,-1,-1
47194,IS1dd70bd02f04ce320abb5,-1,-1
47195,IS15257862f740c70d2f383,-1,-1
47196,CapeKid,-1,-1
47197,PowBob12,-1,-1
47198,IS192edb95fe79c395756fa,-1,-1
47199,IS177ce53a98936d874b600,-1,-1
47200,Xninja2k14,-1,-1
47201,IS13fb0e022a0204ec16f4e,-1,-1
47202,Rossbot,-1,-1
47203,IS12cedb1c8b1b9f0343a47,-1,-1
47204,Foxfighter,-1,-1
47205,Altyre,-1,-1
47206,IS124cfcc6cb74bbac08068,-1,-1
47207,tDZN9heZay,-1,-1
47208,IS130affb4a487c7c5ee8b9,-1,-1
47209,IS169bb93176ca5701fc867,-1,-1
47210,IS1dc7c53c8a91cbc98b656,-1,-1
47211,IS13c654621295e81a0f41a,-1,-1
47212,IS1133a8aea3bb32c4bd8f1,-1,-1
47213,skybreeze,-1,-1
47214,IS11d522b88fe8d00ba799f,-1,-1
47215,IS106344675040a107518cd,-1,-1
47216,NeoAnalog,-1,-1
47217,Klamiddia,-1,-1
47218,Z3 Toegro,-1,-1
47219,IS1aae6744fdcf2e27a099f,-1,-1
47220,clarius,-1,-1
47221,maple8,-1,-1
47222,IS12e04f0705702e783b6a7,-1,-1
47223,Miltrivd,-1,-1
47224,IS12e65c04ad8209dce490d,-1,-1
47225,Shuow,-1,-1
47226,IS1da8c74f80376fecb2c0b,-1,-1
47227,Stanoth,-1,-1
47228,IS1e13a438f2c0e903de38a,-1,-1
47229,IS184c18c05ffd73dd14bdc,-1,-1
47230,IS122e620ff0f20ecf77fc7,-1,-1
47231,IS149ae26fe3c8d62f135ff,-1,-1
47232,IS1b1c82df0e26180fb13d8,-1,-1
47233,IS14d62537a1b9ad9a4c9f6,-1,-1
47234,IS1bfa316cc0f6d9f8e6ac7,-1,-1
47235,IS1fb547787c584c5c9e957,-1,-1
47236,Pseven,-1,-1
47237,IS1b4e7ae44fd6390f0fd26,-1,-1
47238,IS1ca638ddfa8c596748875,-1,-1
47239,sanferdo,-1,-1
47240,Ogder,-1,-1
47241,IS12dc45260232ed8129134,-1,-1
47242,IS17cfd750f75dfc2e37d7f,-1,-1
47243,zeldren,-1,-1
47244,IS18efab83aaf094c201932,-1,-1
47245,IS10b66ec4a63c66580b708,-1,-1
47246,ZGY3qHMRu4,-1,-1
47247,IS163f6d93fd5bbfb380615,-1,-1
47248,Max Pita,-1,-1
47249,sumbumm,-1,-1
47250,IS1024375a9a83e9ddf6a47,-1,-1
47251,IS16ca587c160062b91360e,-1,-1
47252,IS15775d5f01337a8f5e3e9,-1,-1
47253,IS11b9ff6da7657325ca346,-1,-1
47254,Q0yMthgQ7D,-1,-1
47255,drone001426,-1,-1
47256,rpcLtWsfeJ,-1,-1
47257,Saidor,-1,-1
47258,IS1136407d64d4652cc1fb0,-1,-1
47259,IS1e13d368bb0c47452b4f7,-1,-1
47260,IS1ae40d84d4b1fce26860b,-1,-1
47261,IS1b8e9b858ad69cdb2812f,-1,-1
47262,IS1e0858880633f661aaf27,-1,-1
47263,Assacreen,-1,-1
47264,IS16756fb4b6f00606e17ee,-1,-1
47265,thisisrito,-1,-1
47266,pregameallstar,-1,-1
47267,IS1758328b164cfe34ba607,-1,-1
47268,IS10e313d6a2fa8c1aec35d,-1,-1
47269,IS1a7d9653820d9d67d4e49,-1,-1
47270,Larm2g,-1,-1
47271,kisunji,-1,-1
47272,IS1fcd62ead2598002c74b3,-1,-1
47273,dWSPwF8iF1,-1,-1
47274,IS14cd5cd2f78a40570a069,-1,-1
47275,Fenries,-1,-1
47276,fuumuufffuuu,-1,-1
47277,IS1efb0e9103601c92034ac,-1,-1
47278,IS12a76027e352e38e04d47,-1,-1
47279,IS1e3dd63825944830c8fe4,-1,-1
47280,IS16c2367c8d3a2e1c49860,-1,-1
47281,IS12ebc0043c5b9bdae4a7e,-1,-1
47282,IS1db1baf012ee8d5619b78,-1,-1
47283,XmEuC6cjdL,-1,-1
47284,Jacksknight,-1,-1
47285,IS1f803ceb8a1926a733a1a,-1,-1
47286,IS1d90b512efe5304de5977,-1,-1
47287,IS11275661097943adb09de,-1,-1
47288,IS108446f4af0ae3fe4deac,-1,-1
47289,IS125ce0d7c9c876fe24b67,-1,-1
47290,IS169ec1862fedc372ec521,-1,-1
47291,IS12cf56d07dd5725444bcc,-1,-1
47292,IS17391cf82c1f213ceb6c6,-1,-1
47293,IS13bc51cfb58533fb08a96,-1,-1
47294,IS12f8cc046e06cfd8c8856,-1,-1
47295,IS11fa579476ecd5ce27ca0,-1,-1
47296,IS190ce01464acd96a853f1,-1,-1
47297,IS160e332045653a8fe1a1b,-1,-1
47298,Kamidak,-1,-1
47299,IS1772b450e776e718ccff3,-1,-1
47300,Qtpiexox,-1,-1
47301,1R4VWrcnaz,-1,-1
47302,IS1078f77361620c9481ffb,-1,-1
47303,IS1863103a7e19a1abe18d2,-1,-1
47304,IS1a68eda5bbe0556674ce0,-1,-1
47305,Hygaradon,-1,-1
47306,IS154da31ce7999e45a2218,-1,-1
47307,kalris,-1,-1
47308,Flemon,-1,-1
47309,Xanaty,-1,-1
47310,IS156d8fe1171e3e0395e32,-1,-1
47311,FirstDKto80,-1,-1
47312,IS1176f0c5feb1f27e4eba2,-1,-1
47313,IS13770d53468e5ccd5d512,-1,-1
47314,hR6x3criPE,-1,-1
47315,MrBones,-1,-1
47316,IS1715480898b5e9ebd03a7,-1,-1
47317,Catpachi,-1,-1
47318,Tobe1,-1,-1
47319,IS13134576d690d1d9509a2,-1,-1
47320,IS14b6b9f9e2da637b5d78c,-1,-1
47321,Doomuk,-1,-1
47322,IS1582cfd28c3ff246022cb,-1,-1
47323,IS1be47b94f0ba1a2d61488,-1,-1
47324,IS104798e7ac1df49ee30a7,-1,-1
47325,IS1e6873cbd984161fa9a5a,-1,-1
47326,IS1bd5271169cb7b3e957c1,-1,-1
47327,IS1d0c78e1da31e247df4cc,-1,-1
47328,IS1b34deecc466b1ee6f788,-1,-1
47329,DemoSama,-1,-1
47330,Anarchy Injected,-1,-1
47331,IS12d436edda96084211820,-1,-1
47332,IS1977bfc617baa6d75e339,-1,-1
47333,VyrrOr,-1,-1
47334,Tsain,-1,-1
47335,willlin87,-1,-1
47336,IS114662ea7c164c534d89e,-1,-1
47337,IS13b4db3edb894c4fcecf8,-1,-1
47338,IS1c76b3f16edb4bda29a3f,-1,-1
47339,IS1df8d2946971047f8c895,-1,-1
47340,IS1d14d9d568f96e7af432a,-1,-1
47341,Jebusman,-1,-1
47342,IS10d691fb83ae1e1a22fdb,-1,-1
47343,Willzero,-1,-1
47344,XrossoveR,-1,-1
47345,IS1099e415345e43c50a9af,-1,-1
47346,IS1396eceab54056eae50ee,-1,-1
47347,IS1503933e23110e5942a3a,-1,-1
47348,IS1be8b2b4288429c1d4a85,-1,-1
47349,IS1f5ec93e28644e8b3c754,-1,-1
47350,IS157903409c1f50d446b07,-1,-1
47351,Drumania,-1,-1
47352,WykZ,-1,-1
47353,IS1b8adbb769b79e4fee500,-1,-1
47354,VolrathTheFallen,-1,-1
47355,IS174bc23e99ce22a8669aa,-1,-1
47356,ervz11,-1,-1
47357,IS1779e85d734368eab305b,-1,-1
47358,IS1ff25dfb98a683f8d1f32,-1,-1
47359,IS1108a40ea757734a00b95,-1,-1
47360,IS1ea2ad7a09cd68b6a33ae,-1,-1
47361,sjcmagic,-1,-1
47362,Arzul,-1,-1
47363,IS118430f1a5ddcca4ab724,-1,-1
47364,IS1409325721909b041132a,-1,-1
47365,IS17f63c1118824536e406d,-1,-1
47366,IS1770c777cd2dcb8730c00,-1,-1
47367,Mulvore,-1,-1
47368,IS1b2cba14bb6fe15c12b46,-1,-1
47369,IS1e31d0732b0e3b5dd48f0,-1,-1
47370,IS1617bde60638f5f764296,-1,-1
47371,Hubbz,-1,-1
47372,LethalYarn,-1,-1
47373,poXX,-1,-1
47374,osoroco,-1,-1
47375,IS195baed4560c0c6d8071b,-1,-1
47376,IS1ee3397edef6fcef443ff,-1,-1
47377,IS1aa548dc66ae0498b4f6a,-1,-1
47378,IS1b90080ad0cd92cfdf3f3,-1,-1
47379,IS1da497d83ffb9f9b66526,-1,-1
47380,IS1b25bc644a44783b8b7d2,-1,-1
47381,IS1f026d9970ee212439085,-1,-1
47382,IS1db7fd97c9e949aa8f489,-1,-1
47383,IS1f44ca47bc48aef476224,-1,-1
47384,dafeed,-1,-1
47385,IS15684ae7aeeb8246897ae,-1,-1
47386,IS1c1646b1015828a82bbf1,-1,-1
47387,IS1319fccdfd4863ac71cad,-1,-1
47388,IS1a63b96a922aa2fc5fc5c,-1,-1
47389,evazerodark,-1,-1
47390,IS11db248244280a8ef9020,-1,-1
47391,MoonGekko,-1,-1
47392,IS158b466f3eb83752a7271,-1,-1
47393,IS1e77412ea87fe853835e1,-1,-1
47394,IS1989279e69ce9aa67a0bb,-1,-1
47395,Brash Man,-1,-1
47396,trollunge,-1,-1
47397,Sakima,-1,-1
47398,IS1a5366ed30107f0e8f010,-1,-1
47399,IS116d796df468576a045fd,-1,-1
47400,RG Erevis,-1,-1
47401,IS159aa77a732e688445eaa,-1,-1
47402,IS1bc70794e3ba598e0ece6,-1,-1
47403,IS1ea16a94ad4131dff3dce,-1,-1
47404,Cenote,-1,-1
47405,IS11c6f0692facc842d986e,-1,-1
47406,IS1a0e9a8d51798bc991885,-1,-1
47407,Degree for Women,-1,-1
47408,IS1e79c0bdd4b7b29aad177,-1,-1
47409,Trasildigar,-1,-1
47410,Slaninica,-1,-1
47411,IS1f154968bbb7564caa7a9,-1,-1
47412,Chicken on Bike,-1,-1
47413,IS1fe5dbdea9cd22d424d86,-1,-1
47414,pie0matic,-1,-1
47415,IS1762ee05b27987db9ff61,-1,-1
47416,IS1527e9877cc252eac81c8,-1,-1
47417,IS12dfd66210dec385fa618,-1,-1
47418,Nimonicus,-1,-1
47419,IS12541678a701bcd5efc59,-1,-1
47420,IS17f185c2da83ef8904c7d,-1,-1
47421,IS115513f6bd4feced8d9c4,-1,-1
47422,IS156e2ca1e711cc85d187f,-1,-1
47423,IS1f075c2cc422aa3e91a31,-1,-1
47424,IS128debb2e47e890723d90,-1,-1
47425,Ruffles,-1,-1
47426,PoppingHedgehog,-1,-1
47427,Nazanir,-1,-1
47428,IS10ef9c3eb211fe63f434f,-1,-1
47429,IS1a934287cf5dd8addca17,-1,-1
47430,IS190d28f95bef6cf5a80e5,-1,-1
47431,sergeinonymous,-1,-1
47432,IS14a5ea1b6e7c65b14fa9d,-1,-1
47433,IS1822d676ababadbd3fffd,-1,-1
47434,IS1cc85231c9109829dbd2a,-1,-1
47435,IS13de4a6694e91fe90079f,-1,-1
47436,Jediworm,-1,-1
47437,IS16688a00c319e7042dfa4,-1,-1
47438,Bringer of Death,-1,-1
47439,Qboxer,-1,-1
47440,7lbGDpij48,-1,-1
47441,IS18515fef037744ccb0cb8,-1,-1
47442,cheeseRULZ,-1,-1
47443,cZCdP01Sum,-1,-1
47444,IS166c635906873f8ce7378,-1,-1
47445,twnr0bXBAq,-1,-1
47446,shykoreangirl,-1,-1
47447,Spectator,-1,-1
47448,Zasuke,-1,-1
47449,xEmblazeDx,-1,-1
47450,IS1758f230fea0902d9c15c,-1,-1
47451,IS1d98c9392a4648046d7d6,-1,-1
47452,IS104eebe33ddbc54d905b1,-1,-1
47453,IS16b99fdf23260b7b9f02b,-1,-1
47454,IS1ff602c7231062e1bec0c,-1,-1
47455,IS1ae42b0031005b2eea17c,-1,-1
47456,IS1d7150a5437b101e20f38,-1,-1
47457,IS154fff3d3325fdf92e9eb,-1,-1
47458,IS11b4fc2ddd1c891284e39,-1,-1
47459,Sefrian,-1,-1
47460,IS175f4d10c5f7e2cd96b7f,-1,-1
47461,IS19964f0f84786ef4f78e5,-1,-1
47462,reVrost,-1,-1
47463,IS175fab4bba27e582607bd,-1,-1
47464,666Tunafury,-1,-1
47465,IS17b24ef824a56aa76335d,-1,-1
47466,IS1d0b71aa2c7e3517988a3,-1,-1
47467,IS18a11779df4a71caf0b4d,-1,-1
47468,IS16f89dc59f62136059249,-1,-1
47469,Ne0x222,-1,-1
47470,zuhhxORDmQ,-1,-1
47471,MarioCar,-1,-1
47472,Jaarx,-1,-1
47473,IS1b8e48ea4460075fe0d4a,-1,-1
47474,IS1aae991847ed243000e09,-1,-1
47475,IS1d0063a6d422ba3bfd14c,-1,-1
47476,Dynamisme,-1,-1
47477,Xiritx,-1,-1
47478,Sage of Truth,-1,-1
47479,IS159edacc95c80bd01d695,-1,-1
47480,Frootiz,-1,-1
47481,IS1e4ef82973b3045096882,-1,-1
47482,IS139be7bf2b20d59eaa76d,-1,-1
47483,500 Days of Leetness,-1,-1
47484,IS15989d42fdbb5d4f17e3e,-1,-1
47485,IS1fa0ff9d26f47f2e807b9,-1,-1
47486,thefathermapple,-1,-1
47487,IS14a84c2b5ec86b2ce22b6,-1,-1
47488,Ippokun,-1,-1
47489,IS18198eaf3fd830ee305e5,-1,-1
47490,IS1920fb00ffe132c77f7e4,-1,-1
47491,Scamuebi,-1,-1
47492,IS1090a117d4f8cfb67b132,-1,-1
47493,IS1ffa2b0131bad15de323d,-1,-1
47494,IS182cbefe72f540117c64e,-1,-1
47495,bo0mer,-1,-1
47496,y65F1DijTH,-1,-1
47497,Mergar,-1,-1
47498,tomasu,-1,-1
47499,IS1a6b9420c1011579a5f24,-1,-1
47500,IS1d48ffddb13b0ec34c563,-1,-1
47501,IS163daca07f522905f79a9,-1,-1
47502,mi3nfQYdwt,-1,-1
47503,Ramzuh,-1,-1
47504,IS12db5cc555d8a9940eba7,-1,-1
47505,Kubic,-1,-1
47506,IS1ddd8ce981f766b3eb600,-1,-1
47507,IS1d9b1f9832871cdf4a381,-1,-1
47508,Arcktek,-1,-1
47509,IS115e190ed513cca7e715e,-1,-1
47510,ZathNikateL,-1,-1
47511,IS14d1e99f9f49821bd02ab,-1,-1
47512,IS10b1ccfa7db763c716960,-1,-1
47513,IS18f9fcd34a679bf9326ec,-1,-1
47514,IS1de3133c7096617e6c8ca,-1,-1
47515,Krathic,-1,-1
47516,IS1c5e6b8eecd289c4da78e,-1,-1
47517,IS1dde523323f1e8815ea68,-1,-1
47518,IS1f24c367f59843e6c716f,-1,-1
47519,IS18bf0a7f6f8a100da2b19,-1,-1
47520,Azlad,-1,-1
47521,IS1c13b3e8f0bf306759bd5,-1,-1
47522,IS19af6a5be1fe14917b47f,-1,-1
47523,IS13bf09d09cc73bbe2f5fd,-1,-1
47524,IS16a3aa12ab4e49f74589f,-1,-1
47525,Irib Cbverseale,-1,-1
47526,Completeli,-1,-1
47527,blixx,-1,-1
47528,IS11aa277d53d84fe51e48a,-1,-1
47529,IS115e330d67d5f45db12e5,-1,-1
47530,IS1191cd8479395b5500f66,-1,-1
47531,Animeperu,-1,-1
47532,IS12a26d784e7ac5b0e0b81,-1,-1
47533,IS1a7b6d2e9d61e0e5d6f66,-1,-1
47534,IS1907391917a4bcb07864f,-1,-1
47535,IS1c6cd690314b2d5a0f24b,-1,-1
47536,IS1ff6e797433afbe91ae3b,-1,-1
47537,IS1c786a1112eaff835d34c,-1,-1
47538,IS1932699e87b44500d6f92,-1,-1
47539,IS14edf8c601bab9adbad86,-1,-1
47540,IS1991344e28982ccb17911,-1,-1
47541,IS1e93dc3ade91d832ba240,-1,-1
47542,IS1e3bc342530b41d0b1c7d,-1,-1
47543,IS198a26e65429f667d31c2,-1,-1
47544,IS10124b4dc04028211e2db,-1,-1
47545,IS1086c8be50ca4e5b38ee9,-1,-1
47546,Quirteen,-1,-1
47547,IS189e69f3cfbc10a5d7560,-1,-1
47548,Zignus,-1,-1
47549,Jukst4r,-1,-1
47550,Se7ennation,-1,-1
47551,IS1a32032d629b2892757d0,-1,-1
47552,monbit,-1,-1
47553,IS16c88805d75f3fc837102,-1,-1
47554,IS1b31880a627bd3c61bb2c,-1,-1
47555,IS141031a0f2550467f3546,-1,-1
47556,Sergueil,-1,-1
47557,icemanvo,-1,-1
47558,IS10c54441e83dbb1d4a1ed,-1,-1
47559,IS145a5e5f55d3f74f9f172,-1,-1
47560,dirtyrammus,-1,-1
47561,IS176dd30bd5e8b30b40315,-1,-1
47562,IS135d5f956a1a130552b59,-1,-1
47563,IS1992947fbe7b6b6ab8eae,-1,-1
47564,Routilus,-1,-1
47565,IS18334edbe0b3168cb4370,-1,-1
47566,IS1265a9e34f76415246c42,-1,-1
47567,IS1f4579b49ce894416989f,-1,-1
47568,SyncTT,-1,-1
47569,IS1689adf1940721c0c1909,-1,-1
47570,IS1f3ce85b3e3197a1bd40a,-1,-1
47571,IS15a177b632c300bfa2bac,-1,-1
47572,IS1ef12586bed5352dcd218,-1,-1
47573,IS111d658ea0b8eb938fa27,-1,-1
47574,IS15c9d18312d92f820c321,-1,-1
47575,IS14a7a9196a568fb02974a,-1,-1
47576,HMasterFresh,-1,-1
47577,TheEleventh,-1,-1
47578,HiRyu405,-1,-1
47579,IS1d5fb21aed5223aea9e66,-1,-1
47580,IS1d3483352afffaa3535bb,-1,-1
47581,IS1a822ef0c548d37255950,-1,-1
47582,IS1854b708f866befcec1ea,-1,-1
47583,xFCQp7DXWK,-1,-1
47584,IS1c128d97dbd6900773f4b,-1,-1
47585,IS1fa7bf8d2a188c03bd448,-1,-1
47586,IS1b8ef20256b20e2406406,-1,-1
47587,IS1224a5b0b0b7629cc6d3d,-1,-1
47588,IS148c284f7940bdecdef5d,-1,-1
47589,IS1addf8a36b6058c123cdc,-1,-1
47590,IS11afd8172ffc314495870,-1,-1
47591,SuperGP,-1,-1
47592,StFH,-1,-1
47593,IS15040532f379059831a0b,-1,-1
47594,IS1a026a7157301283788ad,-1,-1
47595,IS13a14a086bcc0c7c6959c,-1,-1
47596,IS1b10e4c01ad9f83cbc1e9,-1,-1
47597,IS17938cdafba5ebc5bbeab,-1,-1
47598,The Freaky One,-1,-1
47599,IS13c30415e19d7cd694b97,-1,-1
47600,IS12f6ac81beef64bf6a138,-1,-1
47601,Skystriker,-1,-1
47602,dorkieyoh,-1,-1
47603,IS1e0fb63c443f8ee8d1b05,-1,-1
47604,X7IFQZqvK3,-1,-1
47605,IS11f95864de7e532cf1cec,-1,-1
47606,IS1f1be33feb09b6c07be1f,-1,-1
47607,rljohn,-1,-1
47608,IS18ce5efd1ac19ecc78513,-1,-1
47609,IS1eca6a719dfce6c235d8f,-1,-1
47610,IS19040ab4a8994af622c0a,-1,-1
47611,ArtGamer,-1,-1
47612,IS1d88893e20daf51f80f39,-1,-1
47613,IS1de88f4897345646c850c,-1,-1
47614,fhgfghfg,-1,-1
47615,IS185fb024bebdfe735a198,-1,-1
47616,AufTG6jgYa,-1,-1
47617,IS1104936a500559001531f,-1,-1
47618,IS1289a16cea551316fa39a,-1,-1
47619,IS17a4c97dfa153c9566088,-1,-1
47620,HellerIII,-1,-1
47621,VisualSpark,-1,-1
47622,IS1922ac923024cd34ed868,-1,-1
47623,OBCT Caveman,-1,-1
47624,rabbitXIII,-1,-1
47625,IS151d8e84e8f28878d2510,-1,-1
47626,Zt8hGrmhcR,-1,-1
47627,IS136aa026b4e454b057ecc,-1,-1
47628,IS1510811271efc661fd669,-1,-1
47629,space time cop,-1,-1
47630,Master of Scienc,-1,-1
47631,IS165eecd48fffbd63d0188,-1,-1
47632,MasterLukeS,-1,-1
47633,DeliaBella,-1,-1
47634,IS13f8449de000a2a2b7675,-1,-1
47635,Atsuuma,-1,-1
47636,ShDV5HXRuQ,-1,-1
47637,IS1915bf0ffb2656bf96db2,-1,-1
47638,IS18a6e2f594382ee1d0e8c,-1,-1
47639,Vundal,-1,-1
47640,DotpCptSilverfox,-1,-1
47641,IS1ef32cab8e482a15fd5d7,-1,-1
47642,LUGK6oP92O,-1,-1
47643,IS1e376685c6ae023e666fd,-1,-1
47644,IS16a064fbc22f4e6343f25,-1,-1
47645,IS140656c7097704c600386,-1,-1
47646,tomas85,-1,-1
47647,techie,-1,-1
47648,Doglike,-1,-1
47649,IS113a6e08f4391e8d903ae,-1,-1
47650,IS123b2412b2f2604f2a9cf,-1,-1
47651,Seppus,-1,-1
47652,dfadsf,-1,-1
47653,IS191cf73eaef07f32e80b6,-1,-1
47654,Peshmerga,-1,-1
47655,IS126168b7a2c425dc23d4b,-1,-1
47656,Guyvir,-1,-1
47657,IS1b83cb5dc3fff80c6db73,-1,-1
47658,Kayel,-1,-1
47659,xdragonforgex,-1,-1
47660,IS17a042cbd391f7bab4830,-1,-1
47661,IS1aa171766ec75e1f3afd9,-1,-1
47662,Sierra8,-1,-1
47663,IS1d7356239266f0280a021,-1,-1
47664,C34IV7aY7e,-1,-1
47665,Siberias,-1,-1
47666,IS1b7715104a01c9fa47620,-1,-1
47667,CuecasBaiona,-1,-1
47668,IS1f5f115734b4f7d39a967,-1,-1
47669,IS1cd5e6f96bad182e43112,-1,-1
47670,IS128d3ea29ccea75dec4bc,-1,-1
47671,IS15aa23ce04a51e757ec5f,-1,-1
47672,IS1586eae1fa7529e68bb78,-1,-1
47673,IS1e0624914b5a05dee63c5,-1,-1
47674,TheChief,-1,-1
47675,IS168160f6aa7fd089423b3,-1,-1
47676,Vithalion,-1,-1
47677,IS19d12c0fa4b29a7898567,-1,-1
47678,IS1049dba5140a578e0f1d3,-1,-1
47679,IS1adc3da15d5abf8a3e573,-1,-1
47680,Quorrá,-1,-1
47681,IS1765f6d491d00ec4d6b01,-1,-1
47682,zeyjSIr5xZ,-1,-1
47683,IS1812f56e74349bb84c3e8,-1,-1
47684,IS19fbcf6db37967b8c9cec,-1,-1
47685,IS1c6a73415bd776a130272,-1,-1
47686,Heermos,-1,-1
47687,IS1a461c471b20b44253c60,-1,-1
47688,Mooshux,-1,-1
47689,Dutako,-1,-1
47690,IS181c66254e6b4a960f96e,-1,-1
47691,IS19f04fb9cf7a4ae05a83a,-1,-1
47692,IS1e37b01eb6c7f2d59e5f2,-1,-1
47693,Z3 Kamu,-1,-1
47694,SomewhatInsane,-1,-1
47695,IS1bac40383aa76f1b75451,-1,-1
47696,IS12267e8762371e262abde,-1,-1
47697,IS144fd146e89e07a0e47a7,-1,-1
47698,IS10902a3b88078268bc9b8,-1,-1
47699,IS1454cd9f11ef686461365,-1,-1
47700,Gea3,-1,-1
47701,IS15fed01c38316bd957b7e,-1,-1
47702,IS13756107d6c86751c9e7e,-1,-1
47703,Regno,-1,-1
47704,Waxkoid,-1,-1
47705,IS1444cd535f16487223151,-1,-1
47706,IS1147e0d9e0e8b44455bc1,-1,-1
47707,IS1604c9780831e9d160d2e,-1,-1
47708,IS1a81b75375d17e792c265,-1,-1
47709,IS18fa6dfa5f8a676951785,-1,-1
47710,Z3 Kilen,-1,-1
47711,IS101a1531b928ffece440c,-1,-1
47712,Afreet,-1,-1
47713,mafodope,-1,-1
47714,IS1a38d600d1f23fb272a46,-1,-1
47715,Dawglike,-1,-1
47716,G0nZY,-1,-1
47717,IS12f9c53b3177fb8ecd902,-1,-1
47718,oNtYmwXc68,-1,-1
47719,IS13a8f4407a546fcc1a85d,-1,-1
47720,IS15df4bf8b2a3136690429,-1,-1
47721,MrFoxx,-1,-1
47722,IS124dd56c13b37e0f2c618,-1,-1
47723,japzi,-1,-1
47724,IS1497cbc5c31f59c88b37e,-1,-1
47725,VipMorph,-1,-1
47726,Phats,-1,-1
47727,Eliphas,-1,-1
47728,IS19a3eb5e8e5e76af0837a,-1,-1
47729,IS12fec9711833bcbe37b30,-1,-1
47730,IS10d72d47efb651bdfb135,-1,-1
47731,IS10eb5118ce326fa9d993e,-1,-1
47732,khromati,-1,-1
47733,Kk3dIQi8So,-1,-1
47734,IS1e8b0a1c52510b6c40e65,-1,-1
47735,IS1843bc8ec135f3dbf22dd,-1,-1
47736,IS1b04e4f5a6002075d0870,-1,-1
47737,IS11560f07070295c4cb888,-1,-1
47738,IS1b77c7131b5f00d3b0a02,-1,-1
47739,IS16cea16bbec0a67c2de2b,-1,-1
47740,IS1dab1ff1f3daf47ec7fc2,-1,-1
47741,IS153cb7b4b8c82c0b8ee79,-1,-1
47742,IS1b57db8da17f47e7296b3,-1,-1
47743,IS138fea44b011c30e64604,-1,-1
47744,IS17dae4f84402c5ebe87f5,-1,-1
47745,IS1c734f71b7d26ef81432f,-1,-1
47746,IS1d31adf94aab13aa7f187,-1,-1
47747,IS1f7954e6beb87eec789c9,-1,-1
47748,IS172cb8f9b7695bb1e3842,-1,-1
47749,IS17869a3bf78f8100b1848,-1,-1
47750,Myst4drgn,-1,-1
47751,foxxor,-1,-1
47752,sunsetcorp,-1,-1
47753,7PmCOY1RIP,-1,-1
47754,Xcreeping,-1,-1
47755,Mardigo,-1,-1
47756,9Oav2m9l2b,-1,-1
47757,ManiacGerbil,-1,-1
47758,IS1ddeca0990e10cf6bf79f,-1,-1
47759,IS1c426183fd06b2cb92a5b,-1,-1
47760,StorSykkel,-1,-1
47761,IS18ce4697f6bc46d2658c0,-1,-1
47762,IS1fbb617da35daa2eb1ce8,-1,-1
47763,IS1a66dd212015af8e6d6b4,-1,-1
47764,IS1abca7afa2ce7b1b3c4ef,-1,-1
47765,IS1c96a84aa63c995f13572,-1,-1
47766,IS1495a010cece99e7de6fe,-1,-1
47767,IS1b4e7e92bbd874655a3bf,-1,-1
47768,Fargsby,-1,-1
47769,IS197c94f29b118a8d395f1,-1,-1
47770,IS1950273af7b6593ae0009,-1,-1
47771,HuFlungPew,-1,-1
47772,IS1b48c8b1da129960a607d,-1,-1
47773,IS1483290f5dd6a9fda8ee5,-1,-1
47774,IS159354fc5fef47e80e110,-1,-1
47775,IS16533d73b00d403baa864,-1,-1
47776,Nyissa,-1,-1
47777,IS1c2321b199f08fbfbe476,-1,-1
47778,IS1d4b17cc9210fd9633fa4,-1,-1
47779,IS10e3824b183e4be36dcb7,-1,-1
47780,IS1bb45829744de092b2f02,-1,-1
47781,gameplayer09,-1,-1
47782,IS1600572d2a16e41d6f005,-1,-1
47783,IS159af4eb9c4fca0bb8767,-1,-1
47784,IS13fccd9d0808809f3b50d,-1,-1
47785,IS113bfbd2b4785501e5243,-1,-1
47786,IS1f92c2c70480c754e2402,-1,-1
47787,Phifer,-1,-1
47788,IS172d2c31bb6cea94ba72f,-1,-1
47789,IS1b71781a2231a79900488,-1,-1
47790,Curoro,-1,-1
47791,VJd0U0u1Nc,-1,-1
47792,Moriel,-1,-1
47793,IS17d7daec8ce924ca09b0c,-1,-1
47794,Baron Jakis,-1,-1
47795,IS1b39c4be8335c6656ac19,-1,-1
47796,Narzan,-1,-1
47797,IS13715f35135749ec09bb3,-1,-1
47798,IS19cf2e4e7a380d55ba300,-1,-1
47799,IS187d314aed73fe78d72c2,-1,-1
47800,IS1b6f1587ec29372ae6aa1,-1,-1
47801,IS10f9cc3393e97a1533bf8,-1,-1
47802,Darkman103,-1,-1
47803,IS1229ea24ac03fc9035a56,-1,-1
47804,Mugen Daws,-1,-1
47805,Grumm,-1,-1
47806,IS1c3f27c53c96c7cc67734,-1,-1
47807,o111o,-1,-1
47808,SIMPLE,-1,-1
47809,IS105cdbc52f5aef2199e8a,-1,-1
47810,VIIIbithero,-1,-1
47811,Crotos,-1,-1
47812,IS1dc1a7d6630926bee8c6b,-1,-1
47813,IS1f4e11fb5ebd5d3ea5f05,-1,-1
47814,IS12bb1aa76cfe4191a56e3,-1,-1
47815,IS18c339a83a959bd0bf96e,-1,-1
47816,Iyce,-1,-1
47817,IS138f088fcc8059ddb2e32,-1,-1
47818,Das Vevey,-1,-1
47819,Druel,-1,-1
47820,IS1eb6e0f8d90328bd0ecf0,-1,-1
47821,IS19c32585575742d6c29da,-1,-1
47822,IS19e9f151d1acea2a7b206,-1,-1
47823,imorrivel,-1,-1
47824,IS1b633634b00b9e8781fe2,-1,-1
47825,IS1c6d5041fe829f0f534e0,-1,-1
47826,SimpleFear,-1,-1
47827,IS18bc5e81d572df899f010,-1,-1
47828,IS103c8780095c9fdbc4fa4,-1,-1
47829,mutten006,-1,-1
47830,CursingLlama,-1,-1
47831,IS1ffed13edebe714ee75e5,-1,-1
47832,IS11044222a0739378693d2,-1,-1
47833,IS1fe3f4f3883ea11abb992,-1,-1
47834,IS161954b9e16f91e593965,-1,-1
47835,IS1beed0361427ff58a9778,-1,-1
47836,IS18bc0ac07f556d5b373aa,-1,-1
47837,TomMartell,-1,-1
47838,muffinssssS,-1,-1
47839,IS1e2a9e694a6ed2b5824db,-1,-1
47840,IS1703559808ae6e64f22a1,-1,-1
47841,IS1abc8222519ab83bddda1,-1,-1
47842,IS179675bb19be6c641a5f9,-1,-1
47843,Ronnez,-1,-1
47844,AmoDK,-1,-1
47845,IS11e3ad02e2e730ff3378c,-1,-1
47846,IS1325350dc879760b7d36b,-1,-1
47847,Riot Zaps,-1,-1
47848,IS1cea96a90729afe2970a0,-1,-1
47849,Zaggin,-1,-1
47850,IS132cac2bd3a2b64cfd79a,-1,-1
47851,deroshock,-1,-1
47852,IS1e434793656a8e2f25fb3,-1,-1
47853,IS1564695db8f6789b59e5c,-1,-1
47854,tim1983,-1,-1
47855,YNKTGRNC1,-1,-1
47856,IS1a7fc923821d8660e7def,-1,-1
47857,MuXTriX17,-1,-1
47858,IS14c2e64a5b01933a04ada,-1,-1
47859,IS181df25a077fff1b14e31,-1,-1
47860,tecocohen,-1,-1
47861,IS1995d5fc9dbc91e350ed1,-1,-1
47862,IS15435e700320336aa415a,-1,-1
47863,Shadowist,-1,-1
47864,Stonehouse,-1,-1
47865,makusa,-1,-1
47866,iSuckButLookCool,-1,-1
47867,Maffo,-1,-1
47868,IS1eb9f22224f575a8f0607,-1,-1
47869,boblamassue,-1,-1
47870,IS1129c09721c6136584d63,-1,-1
47871,IS14e373d23548f577a679f,-1,-1
47872,IS174405cc7016920e53004,-1,-1
47873,IS161152a41b1c849b042ae,-1,-1
47874,IS1523393428b92114831cb,-1,-1
47875,IS163b7692425ab1ecee382,-1,-1
47876,IS1bc2e21574705df09a08b,-1,-1
47877,IS13332e99ed0d4467d525e,-1,-1
47878,IS1b57a7a9bc94e180fe621,-1,-1
47879,ZK3tP9XgSu,-1,-1
47880,7qKb2LH2q5,-1,-1
47881,IS1487ee878b8a8d33e6942,-1,-1
47882,IS1160f3bfe6e7c4a49f7a3,-1,-1
47883,IS15fd93dd134c18099ade9,-1,-1
47884,IS1c3608c9c8cbf57f331a6,-1,-1
47885,IS1dc63934f5102bf079d74,-1,-1
47886,IS178784f00f728cdbe0fa8,-1,-1
47887,IS1b1f8f96fdeb353d418a5,-1,-1
47888,Greydragoon,-1,-1
47889,BBP Yasashiku,-1,-1
47890,IS1a2ea49daecc3acedb33e,-1,-1
47891,IS1479ab76792ffcead7a50,-1,-1
47892,IS17cf468e6f6b561afe994,-1,-1
47893,Theaznshumai,-1,-1
47894,IS1f465fbd328c44cb0c3cd,-1,-1
47895,IS10db394d69c0d6941b885,-1,-1
47896,IS1f77c4d0ab2ea82a82c52,-1,-1
47897,IS1d4533d2df1c703624a5c,-1,-1
47898,MotherRussiaBH,-1,-1
47899,xd7Tb4EVmK,-1,-1
47900,72aqwqTxC9,-1,-1
47901,IS1049cf73a60ce17d2aaf0,-1,-1
47902,IS1813ba2be7ad75a992df2,-1,-1
47903,IS1d7a3251cd5fad424a476,-1,-1
47904,IS18d26c4169dfd81ba440b,-1,-1
47905,IS1b2ed3fde4e7cabdfc697,-1,-1
47906,IS16901bb423ede39d6ce04,-1,-1
47907,IS1343a43e2dbc5cbaef903,-1,-1
47908,IS1e00715ecab901ca6e121,-1,-1
47909,Nereen,-1,-1
47910,IS1a961f2676b80b9f0bc0f,-1,-1
47911,IS1ab536237b1543bb9fca7,-1,-1
47912,Kalyug,-1,-1
47913,mord,-1,-1
47914,IS1a8be87ebaa7ef6ac3ecb,-1,-1
47915,IS160c6e57a765820c6372a,-1,-1
47916,IS10a69734bac543900c536,-1,-1
47917,IS1b1b715a7dce9c0f75de0,-1,-1
47918,IS1c26a155a09dee995d97d,-1,-1
47919,IS172b167d80140583a6063,-1,-1
47920,IS16e6734da4a89e846b668,-1,-1
47921,IS105c9bd2f3b772260444a,-1,-1
47922,IS1e8f10dd49b290314c22e,-1,-1
47923,IS14c515ae32caef1bf2786,-1,-1
47924,IS100be3ff7fa4b4cde9de7,-1,-1
47925,IS1cd7b7a07f49f1cf7f6cc,-1,-1
47926,IS1e6e79074f32f30047058,-1,-1
47927,IS1014510621a300e9e8d96,-1,-1
47928,IS1e8ad63c3d8802fb2b6e7,-1,-1
47929,IS1848c22b38dd16e4c1bdb,-1,-1
47930,hTHB8FQL7S,-1,-1
47931,IS11a37d4515842208905c7,-1,-1
47932,Perseus,-1,-1
47933,Pho Phucc Lai,-1,-1
47934,IS17b576ef1c3359ec70042,-1,-1
47935,IS16f6ab06bb03aedd3b2d3,-1,-1
47936,thespin,-1,-1
47937,IS128b3e9be985ada35c910,-1,-1
47938,IS1172b968de04fc828df34,-1,-1
47939,MagusK,-1,-1
47940,IS1e59959b5df2e4c0cd06a,-1,-1
47941,IS15c564366bea52764d5c6,-1,-1
47942,IS1173b084e8f3c681527cb,-1,-1
47943,Z2 Laban,-1,-1
47944,IS18487ec802e857d5de7d4,-1,-1
47945,IS19d66fba810ee21af4061,-1,-1
47946,IS1be27c19d1a0fb68d7985,-1,-1
47947,IS133d56ffa0b68cfe3823f,-1,-1
47948,IS1cf033bceb8aba14f71ab,-1,-1
47949,IS1be852faae4f18b8c0fcb,-1,-1
47950,Adnihilo,-1,-1
47951,Xandor,-1,-1
47952,IS1d8853eea086f6bd389f4,-1,-1
47953,burnk1,-1,-1
47954,IS1fd3c69381a78db010c05,-1,-1
47955,IS17f22eb05dde3747e34de,-1,-1
47956,Biohaxx,-1,-1
47957,IS16454ed8686478fb01220,-1,-1
47958,IS15ce7cbe8a5a185a41b21,-1,-1
47959,tallaven,-1,-1
47960,IS10223e39ee7d45672e26b,-1,-1
47961,IS14a9719c97f7ef22d99bc,-1,-1
47962,RichardPotato,-1,-1
47963,IS1b0aa94033cd2bbbdde43,-1,-1
47964,Shwarzloewe,-1,-1
47965,IS120a9617c6377ce8ea77b,-1,-1
47966,IS173a9e6860909c00075c2,-1,-1
47967,IS1ac44f7c404619bd8c6bc,-1,-1
47968,Fyresoul,-1,-1
47969,IS1ab90b9ddbf1410c0e736,-1,-1
47970,IS13c9ee2bdf6a81b2d052b,-1,-1
47971,Osnauticus,-1,-1
47972,IS1c44a3936263859171e53,-1,-1
47973,IS1c1f65914304d453b6f88,-1,-1
47974,IS1318fbc9ad842dba6cbac,-1,-1
47975,IS10597fdd3b2b54ed5868b,-1,-1
47976,IS1395a637e71a098d2f2b4,-1,-1
47977,Krofek,-1,-1
47978,IS1b4a6023b09e4b3ec2f52,-1,-1
47979,Kordall,-1,-1
47980,SuperYozo,-1,-1
47981,IS157cf878ebe2f0fa15e06,-1,-1
47982,IS1ac1aaa84efbb5ed3d843,-1,-1
47983,IS176ae799218f64407e390,-1,-1
47984,IS177e7075ce07578841047,-1,-1
47985,IS14ea76e333ff63ff2e940,-1,-1
47986,IS15c1b53cbab8cfa346e9d,-1,-1
47987,IS15b54784524d145068c28,-1,-1
47988,Luvbeat,-1,-1
47989,ShaKadelic,-1,-1
47990,IS158572abc54d122649815,-1,-1
47991,IS16bc86621e2b4d41d7605,-1,-1
47992,IS16c20b40c26a64449eb44,-1,-1
47993,IS12acc9e69924e469a9d50,-1,-1
47994,Real Big Balls,-1,-1
47995,IS177595760357ce38675f4,-1,-1
47996,IS139714e3f2f5d209aca12,-1,-1
47997,Smikledorf,-1,-1
47998,Voliv,-1,-1
47999,MalXenos,-1,-1
