52000,IS1560ae4096e3710334996,-1,-1
52001,IS1c237acf34af9f8fe3ee3,-1,-1
52002,IS1c8a386a94e0125c910e0,-1,-1
52003,IS12a828932242cbfc52994,-1,-1
52004,IS100bec9965c654a0be99a,-1,-1
52005,IS1e08915b30d9a328c2fdc,-1,-1
52006,Fisra,-1,-1
52007,Atlasprime,-1,-1
52008,IS1e99fc87d9a270db69ca9,-1,-1
52009,IS15a1dcad8727abc531920,-1,-1
52010,IS109ac3db3a286a47f7eb2,-1,-1
52011,IS10c233137e9d7e241ec37,-1,-1
52012,IS11c6dd536dd72ff48ce09,-1,-1
52013,Bausch,-1,-1
52014,IS1c134aa9cd68df4b08ff2,-1,-1
52015,IS159841ad41533c47c7780,-1,-1
52016,Oaten,-1,-1
52017,IS1242a9952273cd6bed782,-1,-1
52018,scbsvmvv,-1,-1
52019,Mestregrato,-1,-1
52020,lilteddyb,-1,-1
52021,IS169b2bfda21f03462d80b,-1,-1
52022,Sithis Pride,-1,-1
52023,Audir,-1,-1
52024,IS1dd73af10ab601c34bebd,-1,-1
52025,IS1dfab1811c0439fecf4e4,-1,-1
52026,IS1a93aa1d435f23b9e4969,-1,-1
52027,TonedefGCMG,-1,-1
52028,Bixo,-1,-1
52029,Zeio,-1,-1
52030,IS1417dc712210ba28c8f4c,-1,-1
52031,IS1c99c7681218740993991,-1,-1
52032,IS135c3abb8143b94370d0b,-1,-1
52033,IS1a9937e224aba21962f0b,-1,-1
52034,Frickmaster,-1,-1
52035,IS1b021213f0693a7a1ad63,-1,-1
52036,StrikerOhamis,-1,-1
52037,IS1d5bfc0df1a5edf12eae2,-1,-1
52038,IS1d19866fa8304cb496788,-1,-1
52039,Solijax,-1,-1
52040,tehdef,-1,-1
52041,Strawfish,-1,-1
52042,IS1fd0a19c558c8c67971ad,-1,-1
52043,IS101cecc4d3dd530555830,-1,-1
52044,OvO Surprise,-1,-1
52045,IS1f01b63f27b829784e797,-1,-1
52046,IS1f68db9cf2e1427f0a7bc,-1,-1
52047,IS1bb473387350092e94b8d,-1,-1
52048,KJPazokXRA,-1,-1
52049,Spawek,-1,-1
52050,vvgbviv seewey,-1,-1
52051,IS1fbd61d906f9b25eecaf6,-1,-1
52052,IS1a92ea18ee9145fabd92c,-1,-1
52053,IS1f98800dfd823b6cd60d4,-1,-1
52054,Munkenmo,-1,-1
52055,IS1413acdf30c324deed165,-1,-1
52056,IS1cb9182204c6d92d0b370,-1,-1
52057,Ralf,-1,-1
52058,IS171adb63c6e6c39299dac,-1,-1
52059,IS17582bf0b57c51564db24,-1,-1
52060,Ngo3GyS1dK,-1,-1
52061,IS1254a6058656b7778f456,-1,-1
52062,IS1cf94b757c01c3c8ba2f8,-1,-1
52063,Jonesyxxiv,-1,-1
52064,IS16cbbf6c3b44e28acbd25,-1,-1
52065,ColdBreath,-1,-1
52066,IS1a99c6b39b178f4c8501d,-1,-1
52067,IS1fa68efb6bed20c1f2cc3,-1,-1
52068,Bestiol,-1,-1
52069,Queklain,-1,-1
52070,IS11b30e0957fe741e25cbe,-1,-1
52071,Gotto,-1,-1
52072,IS18d0d68a23cf792c49e57,-1,-1
52073,IS17cd9f488724d91c35f46,-1,-1
52074,blingxl,-1,-1
52075,panteraso,-1,-1
52076,IS13fa5951da5d68bfc18fe,-1,-1
52077,IS1d7786c443222e5b67a18,-1,-1
52078,IS1283677c84d68e91ec97a,-1,-1
52079,IS18ad8670c1c22a8690790,-1,-1
52080,IS193e89919c7b09695dda5,-1,-1
52081,Psoup,-1,-1
52082,lkljklkjjlk,-1,-1
52083,IS1e228c506a82cbd63ddfa,-1,-1
52084,S1KS8wJ3qP,-1,-1
52085,Mortis,-1,-1
52086,IS16f8a0cf9469f5f3935e8,-1,-1
52087,IS12be3c3bc5086c46c1d7c,-1,-1
52088,Imagines,-1,-1
52089,Natayis,-1,-1
52090,IS1f70ea0a8e7796ab38cc4,-1,-1
52091,IS183cf9e97028d135309f6,-1,-1
52092,IS1cb3534bf4034d4762c16,-1,-1
52093,Kureb,-1,-1
52094,IS15b1f376269ac03826e81,-1,-1
52095,demondante,-1,-1
52096,IS1516cb298003355327357,-1,-1
52097,Phawken,-1,-1
52098,Lexi Chan,-1,-1
52099,IS1a2b6c2c8dd982e85fc49,-1,-1
52100,IS1fc4f4b4ffc8674ce2f5b,-1,-1
52101,SL10,-1,-1
52102,IS126afd1c21299dc720d4e,-1,-1
52103,Rambus,-1,-1
52104,IS1e6724a331cf235f76e8a,-1,-1
52105,IS18d2c4828fa183a1cce23,-1,-1
52106,IS12fe220cde0ac94c411eb,-1,-1
52107,IS18de60b609e0cb9c6a577,-1,-1
52108,macfuzzy,-1,-1
52109,IS1262979ce30593053031b,-1,-1
52110,Mongrolian,-1,-1
52111,IS1977c11e5d6c751742eee,-1,-1
52112,IS1757b4f0a33de53575ed6,-1,-1
52113,Rikkits,-1,-1
52114,Belkan,-1,-1
52115,sk0rncobra,-1,-1
52116,Zaidin,-1,-1
52117,IS192f46ece3830d462b651,-1,-1
52118,wqeqwewqeqeqw,-1,-1
52119,Sola Topee,-1,-1
52120,RoxUrSox85,-1,-1
52121,Otterera,-1,-1
52122,Tones12,-1,-1
52123,JungleVoli,-1,-1
52124,roguenight,-1,-1
52125,Pulsefire Jinx,-1,-1
52126,NeoZab,-1,-1
52127,Vadlion,-1,-1
52128,trabach,-1,-1
52129,IS14421759650d3df46a1e9,-1,-1
52130,IS14b06997dc73a44c6cddd,-1,-1
52131,kostonn,-1,-1
52132,IS1eabee1af9d9bf573693a,-1,-1
52133,autlander840,-1,-1
52134,IS142caa381338c8733a46b,-1,-1
52135,Russarian,-1,-1
52136,IS1afcc13f2e99ade5a0607,-1,-1
52137,omegarammud,-1,-1
52138,Malaphax IIC,-1,-1
52139,y2dvd,-1,-1
52140,IS11893268b81cfd7496eaf,-1,-1
52141,IS1464761aa0286e5f5f144,-1,-1
52142,Miley Cyrus,-1,-1
52143,IS15f2dfaea8d6be38b31a1,-1,-1
52144,IS15a0f85f8b4c95ef47d10,-1,-1
52145,EXD Smack,-1,-1
52146,Ungodly,-1,-1
52147,IS1680dd73ef0b7b84020f8,-1,-1
52148,Coxxyy,-1,-1
52149,IS13dfc60f46c34bbbc040d,-1,-1
52150,IS16270cf174ef42d3d5c3f,-1,-1
52151,IS1f37210d749015a901a51,-1,-1
52152,IS150b586937a6aa480a4c5,-1,-1
52153,IS1e0a9ecf20142d14f9509,-1,-1
52154,8sPwwTjve6,-1,-1
52155,FOX Sasuke,-1,-1
52156,Royce,-1,-1
52157,tzenes,-1,-1
52158,IS1323a9abceb952ecff9c6,-1,-1
52159,IS17e758981eb6d528e51f0,-1,-1
52160,IS1c1f61e200943dc38b89d,-1,-1
52161,IS1efb9c8215dc6a44bb4e7,-1,-1
52162,IS1af9ea3d8ee9a5c7601d5,-1,-1
52163,jhua,-1,-1
52164,IS14ba85b926494e4004d65,-1,-1
52165,IS115bdd3f1c7f3646fdcda,-1,-1
52166,Saurox,-1,-1
52167,KdFsrybJLP,-1,-1
52168,NobodyYouKnow,-1,-1
52169,Lord Prabhu,-1,-1
52170,NandO182,-1,-1
52171,Anemicwriter,-1,-1
52172,Anatak Divine,-1,-1
52173,Toyboat,-1,-1
52174,Fallen Star,-1,-1
52175,IS10711923e9fad5e5a7dbf,-1,-1
52176,Pelonches Peponch,-1,-1
52177,vustar,-1,-1
52178,IS1cfce28e8d02b421ebb17,-1,-1
52179,Shaaman,-1,-1
52180,StellarVoid,-1,-1
52181,IS1c28e487b5168d347c202,-1,-1
52182,IS1c2b971a5efa49cc9cbe3,-1,-1
52183,IS1ddc9418f65cdfd7b5408,-1,-1
52184,IS1173c09fada2a8b25ca50,-1,-1
52185,Unicrawn,-1,-1
52186,BigPerm04,-1,-1
52187,BowserKing,-1,-1
52188,IS1120c65f5a90b027c8fa2,-1,-1
52189,IS10f9e252460758ae3e5f2,-1,-1
52190,Smileyfries,-1,-1
52191,IS138ac2c27a5db205d63d0,-1,-1
52192,bloodlustorc,-1,-1
52193,IS1273941bab0a2b1b3adff,-1,-1
52194,IS1ef9e9b0e4e9c2f69016e,-1,-1
52195,IS14fedb26cbd506092e890,-1,-1
52196,IS10ececac6473cf1e8407d,-1,-1
52197,hehil sebje,-1,-1
52198,IS1f3c431422ebc2b18f057,-1,-1
52199,NordicReign,-1,-1
52200,Kim Chungha,-1,-1
52201,IS115ed9ba20bd9e59733b8,-1,-1
52202,IS15205b1ddf77458d42a39,-1,-1
52203,Krute,-1,-1
52204,IS160eccd129a638d64898d,-1,-1
52205,MaddBoy,-1,-1
52206,Babneldo,-1,-1
52207,IS1397a14fabf7e005ce784,-1,-1
52208,huckduck,-1,-1
52209,IS19aef8e214f5e0094126a,-1,-1
52210,IS1eb8b1732907b4a833e3d,-1,-1
52211,Limited Failure,-1,-1
52212,aZergling,-1,-1
52213,IS1f8c836cf09d2d34b6a6f,-1,-1
52214,IS1a467ffc5c2110e4a0ea4,-1,-1
52215,Tmoneybags,-1,-1
52216,IS1054eafa831ffb5c33ca4,-1,-1
52217,Ubernubz,-1,-1
52218,kabroko,-1,-1
52219,IS1e208b531c252d9ccacc5,-1,-1
52220,EBzxHBbu7z,-1,-1
52221,j3mNpCzLdu,-1,-1
52222,IS16405f1a2d2095a8fea96,-1,-1
52223,qZxqZjJdpd,-1,-1
52224,EvilHorde,-1,-1
52225,IS134b728e66d696863cf2d,-1,-1
52226,IS1112a8ea9552c740cba65,-1,-1
52227,IS1f388f051f64ba7d2337d,-1,-1
52228,IS1e7468902175ec585cdad,-1,-1
52229,RHkwGvDs0U,-1,-1
52230,IS10d95bb40e1ef70e48e60,-1,-1
52231,IS1558c353f6be37b59fc6f,-1,-1
52232,StreetPreacher,-1,-1
52233,IS1e3b7b5f8020ebd349d56,-1,-1
52234,Limak,-1,-1
52235,ukantwin,-1,-1
52236,IS1cf5a060dfd4258171105,-1,-1
52237,ksux,-1,-1
52238,Tares,-1,-1
52239,Nist,-1,-1
52240,Hectate,-1,-1
52241,Stakenshake,-1,-1
52242,IS12d3592bc27f861e66d7c,-1,-1
52243,lJHwrwG94P,-1,-1
52244,tcqpk9Ym4u,-1,-1
52245,IS123f89613a24be21a149f,-1,-1
52246,IS13a346c365914c1ebb3bd,-1,-1
52247,Kajitora,-1,-1
52248,Robubie the Great,-1,-1
52249,IS171277df70458f23ab172,-1,-1
52250,IS117eb66560539309a1b13,-1,-1
52251,IS1005af87f1067c0b6a982,-1,-1
52252,IS1fa63b526c8eca5534b7b,-1,-1
52253,DangoMee,-1,-1
52254,IS101070cbe7a8b9aa93818,-1,-1
52255,IS13144c09d87f123545c87,-1,-1
52256,IS1fa97617085ff3396742d,-1,-1
52257,IS1528f739d5c6d8019ee97,-1,-1
52258,IS1fa1992ac913d4e300793,-1,-1
52259,Darklord265,-1,-1
52260,IS1b77d958a079849c2b333,-1,-1
52261,IS1391d9ee9347f7bb38cd0,-1,-1
52262,IS1563e7c9a481f8439dd6e,-1,-1
52263,IS1a2d22186d4630c1f4980,-1,-1
52264,Z3K4Sh2UT1,-1,-1
52265,IS15e213b04411e959d1a0f,-1,-1
52266,IS1132b31ce3762134faa5f,-1,-1
52267,IS161934efe3ff46e79c16c,-1,-1
52268,IS162c33be85a1c9c1452e7,-1,-1
52269,IS10eff806965a308f32db6,-1,-1
52270,IS114791f40db52d3ad6165,-1,-1
52271,E6oV4fqbNH,-1,-1
52272,IS1361a9a2d64e11cacb1e5,-1,-1
52273,IS1daa85ce8de72d1428321,-1,-1
52274,IS127f55d9f8c5d33d78b3d,-1,-1
52275,IS16855eb56f8a1d7faa0b8,-1,-1
52276,IS1350e23b7df4f087631a6,-1,-1
52277,Gnim,-1,-1
52278,Lokaumz,-1,-1
52279,Ph03n1x,-1,-1
52280,noblubber,-1,-1
52281,etlau,-1,-1
52282,Guldan,-1,-1
52283,IS1ffd41410f4e13774bf2d,-1,-1
52284,IS16a26ddb3ca21518d7376,-1,-1
52285,IS140d4da28bd0370c03094,-1,-1
52286,IS1aec960f5d08b1f3ff0a0,-1,-1
52287,Narsos,-1,-1
52288,ahnardon,-1,-1
52289,IS17e900773636d4f9e53b1,-1,-1
52290,Ressik,-1,-1
52291,IS18b0331b2ed82ffe6bba9,-1,-1
52292,IS1ad4cb99d124ea0e3a493,-1,-1
52293,IS1eb6b620561a7234c9735,-1,-1
52294,Sexual Rex,-1,-1
52295,IS119b1eb7f0185d335bae2,-1,-1
52296,IS1d308f803dff42e60c7e0,-1,-1
52297,JackOfAllTBK,-1,-1
52298,4UxubWmjyD,-1,-1
52299,IS198fb527725745a8ea6de,-1,-1
52300,Soviethaxor,-1,-1
52301,IS1b6f24f49a42c05505487,-1,-1
52302,PaperKut,-1,-1
52303,VitoVoti,-1,-1
52304,LastWeek,-1,-1
52305,IS1776c6d4b39cbe6669b81,-1,-1
52306,IS12b58c6aaec2a38ebc500,-1,-1
52307,IS159b316a899213847323d,-1,-1
52308,IS1e7b0dc08cbfa456cf9cd,-1,-1
52309,ScoobyDum,-1,-1
52310,Kaedral,-1,-1
52311,Auze,-1,-1
52312,Draken693,-1,-1
52313,IS123eba8ad8a47845e065b,-1,-1
52314,IS16993763e686e8b7d4d0a,-1,-1
52315,Hhy805fMni,-1,-1
52316,IS1c0c3c34d880dfbcbe29c,-1,-1
52317,IS10c51628a92455d32ed2f,-1,-1
52318,Xexre,-1,-1
52319,IS16514487046d98fef0383,-1,-1
52320,IS17896e79c7cd46ee44932,-1,-1
52321,IS1c54fc522252c8292e817,-1,-1
52322,VoodooSavior,-1,-1
52323,IS13f3f5dfb043344415911,-1,-1
52324,IS162501729c6e31b06aa7b,-1,-1
52325,Doxist,-1,-1
52326,IS1e1e1a1207d7dd1316ecb,-1,-1
52327,IS14015017f5c65cdecc46e,-1,-1
52328,IS1a8e4ebb7abb51a4b4637,-1,-1
52329,Urkbulle,-1,-1
52330,FlamingskullsYT,-1,-1
52331,IS1d3539abc863a9d489063,-1,-1
52332,IS1c2c9dcfb1dd64fda9917,-1,-1
52333,IS18028f20106be13cb10ff,-1,-1
52334,IS1c6f4f5455891747aedd3,-1,-1
52335,IS108a2b8841c6ebbdfa8d6,-1,-1
52336,IS14cbe18a0c25ce3dacfd5,-1,-1
52337,IS1a96a26d313f0eceaf248,-1,-1
52338,Thungal,-1,-1
52339,Vulghore,-1,-1
52340,TreacherousVula,-1,-1
52341,IS11c2bf531039a0e3a9e02,-1,-1
52342,Sideways Eight,-1,-1
52343,IS19a344b74838ac703331e,-1,-1
52344,Kairanke,-1,-1
52345,Isaac20,-1,-1
52346,IS119ea12d4e98c522bff66,-1,-1
52347,Enis,-1,-1
52348,Chaplain,-1,-1
52349,IS163782e515a4772dd6407,-1,-1
52350,IS1fcb80b3fd2a8122b21f9,-1,-1
52351,Yggdrasil,-1,-1
52352,KYiJshvnFG,-1,-1
52353,IS1b7525b4e9b4d0eae43b5,-1,-1
52354,Breakfast Blend,-1,-1
52355,IS17101042188265eafe53b,-1,-1
52356,IS1fb121619c52840aa1ce9,-1,-1
52357,MacheteDontTxT,-1,-1
52358,IS1dca41b6ed9adcaf6dfbd,-1,-1
52359,xalatin,-1,-1
52360,The Slayer,-1,-1
52361,IS190c8f15dbb37e59d2120,-1,-1
52362,Lawlerkats,-1,-1
52363,IS10e2eb5e156ce432a3879,-1,-1
52364,SBdqNoYz3X,-1,-1
52365,IS1d28d891502ee2ddc8500,-1,-1
52366,DeaThStarK,-1,-1
52367,IS1ffac90a6f0e3448254c8,-1,-1
52368,IS1f2f6cfeef9b6c0534855,-1,-1
52369,IS112d2c2ecbd311220e066,-1,-1
52370,Cakewalker,-1,-1
52371,IS1ddb1c9174f12fccfbac6,-1,-1
52372,IS11703cf60c15c8ebcd016,-1,-1
52373,Skaj,-1,-1
52374,Thranx,-1,-1
52375,EastyMoryan,-1,-1
52376,Wabble,-1,-1
52377,Departed,-1,-1
52378,DoomInnaBox,-1,-1
52379,tempname91874333,-1,-1
52380,IS1f85cd28d25a0193583c3,-1,-1
52381,IS1a523b56c9f9c7fcb403e,-1,-1
52382,HoratioMarvia,-1,-1
52383,BoltR,-1,-1
52384,IS1ae9d6488451decdc0742,-1,-1
52385,IS1a6264bb337ab423d6a16,-1,-1
52386,IS17fc7dc1fb0e21feedf49,-1,-1
52387,IS18ba0f8008060b4f25e77,-1,-1
52388,Song Blade,-1,-1
52389,IS1c1be87e61b3a6ddd2041,-1,-1
52390,IS1bc04a8a5b91b04a34bd4,-1,-1
52391,IS1a2e687227b7d0b5aebb3,-1,-1
52392,IS149dd9ab653c1f319bc46,-1,-1
52393,IS1a0af50f68f4d4d1204ce,-1,-1
52394,HamandCheese,-1,-1
52395,IS18b4f2dea413199d03710,-1,-1
52396,IS134498c3726e43c2ddb3e,-1,-1
52397,Yuvlin,-1,-1
52398,DecemberGreen,-1,-1
52399,BeIla,-1,-1
52400,IS1fce04ed83ef3c309bcce,-1,-1
52401,Silly Adam,-1,-1
52402,BrBlaster,-1,-1
52403,IS1f20b75358d8f5d2dd332,-1,-1
52404,Tremmags,-1,-1
52405,Shocki3,-1,-1
52406,IS1c039defe718748810857,-1,-1
52407,IS114d9f110d988b2841235,-1,-1
52408,IS10b4c8535261a92f65dae,-1,-1
52409,Malahk,-1,-1
52410,IS10ac3ba0161970cb4e791,-1,-1
52411,MasterChief217,-1,-1
52412,IS1aa954d698e0252e88854,-1,-1
52413,IS139ac3b96a7d02e72a337,-1,-1
52414,dota2isbetterz,-1,-1
52415,5yphon,-1,-1
52416,EvilJester1214,-1,-1
52417,IS18119e2940f67ef04a389,-1,-1
52418,IS1fdc255272f3b0def8b79,-1,-1
52419,PantheonLono,-1,-1
52420,Godrage,-1,-1
52421,IS1f41be39a04f6fc2178f6,-1,-1
52422,IS1ec9a4e70623170713d20,-1,-1
52423,IS1db706c5eb095ca2c258b,-1,-1
52424,Shorter,-1,-1
52425,HolyMolyMakaroni,-1,-1
52426,IS16e2150dc6f0f2d27c859,-1,-1
52427,Sklit,-1,-1
52428,mcQuAsE,-1,-1
52429,IS1d7e1b05eedafb90f5a0e,-1,-1
52430,IS1f1812ec38f0ce3b387b7,-1,-1
52431,IcanDivideBy0,-1,-1
52432,Skigz,-1,-1
52433,IS1ef6af269aa34de625584,-1,-1
52434,Skincrawler,-1,-1
52435,Tomatron,-1,-1
52436,Poopz,-1,-1
52437,IS174fa335120701efa2369,-1,-1
52438,BraultetMartinez,-1,-1
52439,Segya,-1,-1
52440,IS113646b37c0b566185e6e,-1,-1
52441,IS1e19c7f87d1d71ecc37af,-1,-1
52442,biggie503,-1,-1
52443,IS16749673297514d684d5c,-1,-1
52444,IS17c65af359496b6a55014,-1,-1
52445,Krellins,-1,-1
52446,IS1a904fc776e3181634d53,-1,-1
52447,IS11fc275dd04996f6edfc8,-1,-1
52448,IS141a55162df2fc0d43437,-1,-1
52449,IS15725cac52e00587988fd,-1,-1
52450,Baiyou Billy,-1,-1
52451,IS113d26a49746b5bb28671,-1,-1
52452,Darkcry,-1,-1
52453,IS133a7b33aa0f07260b851,-1,-1
52454,Khorpo,-1,-1
52455,IS1bc608ec972d5924a3fd0,-1,-1
52456,ElusiveQuail,-1,-1
52457,IS1057a4c8647932569587b,-1,-1
52458,IS1fb7ec6e8a940c9160812,-1,-1
52459,IS18f4432977fbc853f1164,-1,-1
52460,IS130ddf8e92c340337caf1,-1,-1
52461,Fullplate,-1,-1
52462,IS17a1718eac4c8aca08eaf,-1,-1
52463,IS17287074815415900886a,-1,-1
52464,IS109a0f52399be47cf1fd7,-1,-1
52465,LiR912y8xJ,-1,-1
52466,btch i ball like,-1,-1
52467,Searathus,-1,-1
52468,Tzarro,-1,-1
52469,IS130f2cb142c85ba008a50,-1,-1
52470,IS1093aa5f7b84545f0b400,-1,-1
52471,OwnedBadly,-1,-1
52472,IS1adcb2cfbf7ef1b5f26cd,-1,-1
52473,IS17d2ed995d9f8460dbd4a,-1,-1
52474,IS1624a3a4f3bf7933c05e1,-1,-1
52475,IS1b9fc5e0dea60cde9a641,-1,-1
52476,IS1cf9eada3e0c7501c4ba0,-1,-1
52477,IS150e74cd80f0e9ef97ead,-1,-1
52478,IS166c180cfc125a6681289,-1,-1
52479,IS15eba936df6d3cbc31e4d,-1,-1
52480,EJ7zdZCdNd,-1,-1
52481,Skulhedface,-1,-1
52482,Winterpwner,-1,-1
52483,IS1b88fd0d656c4c48c27a3,-1,-1
52484,IS1be5837b374f07d531ab4,-1,-1
52485,IS18458e5dcae930b02346d,-1,-1
52486,IS1ce94aaddec5e574787eb,-1,-1
52487,IS1c11ef455af6a71dcc05a,-1,-1
52488,IS1a193924c9b0625724b50,-1,-1
52489,aZvIKTDXF0,-1,-1
52490,ShiftingVoid,-1,-1
52491,IS17321a2a53e1794e9b57c,-1,-1
52492,IS126fff874e1d7ff7ace46,-1,-1
52493,DasOath,-1,-1
52494,Naphtali,-1,-1
52495,Zorgonas,-1,-1
52496,IS1521d16980a33eb343e8f,-1,-1
52497,IS169aa8cec247ccad5beca,-1,-1
52498,IS1703c8b7619ef89504000,-1,-1
52499,IS1b0df8cd7e36c597f6d30,-1,-1
52500,IS1a8c02b71b5980039cd90,-1,-1
52501,IS127bfcd21d2ec333c48de,-1,-1
52502,Kenji LionHeart,-1,-1
52503,lx Suki,-1,-1
52504,Ubusunagami,-1,-1
52505,Diely,-1,-1
52506,0Q81tZJWld,-1,-1
52507,IS1f5f6e1cbf5e73af75cf4,-1,-1
52508,Cyvghiv wvghew,-1,-1
52509,IS187b8711a316333a348fb,-1,-1
52510,IS10d1cdb2ece4765b37f14,-1,-1
52511,Blocky Smurf,-1,-1
52512,IS1df4d801633aa739692c6,-1,-1
52513,1454545612,-1,-1
52514,IS14595149c19ed261a89fb,-1,-1
52515,oakie,-1,-1
52516,Lerious,-1,-1
52517,ReapersDawn,-1,-1
52518,IS19bba7b3ceb18275a3cbd,-1,-1
52519,IS1cbdb699bbeb53e57ac96,-1,-1
52520,IS1ab1b982c2a93e7cd7c09,-1,-1
52521,Tuc,-1,-1
52522,3StripeNinja,-1,-1
52523,dTIpsc2gSN,-1,-1
52524,IS1de05ebd34517ee9c52c7,-1,-1
52525,IS176499c81773c274878f8,-1,-1
52526,Blue Striped,-1,-1
52527,cpescerPsrrer,-1,-1
52528,TL Hai,-1,-1
52529,Amalfi,-1,-1
52530,IS17907fd10855a949fbbd2,-1,-1
52531,IS16d1b4e4ce068a30410ef,-1,-1
52532,IS1eb588124dc84b353f5b2,-1,-1
52533,IS132c514b615f0b787635a,-1,-1
52534,lexile,-1,-1
52535,IS11cfe2df6095c0e888138,-1,-1
52536,IS1cb5d88a38820fe8cd4b2,-1,-1
52537,IS1bc7ee50266b4b6c0af98,-1,-1
52538,hnUlu3V30I,-1,-1
52539,IS18bfdaf248d461be57b05,-1,-1
52540,IS1d82105668b02824105c9,-1,-1
52541,xXDoofusmanXx,-1,-1
52542,IS1fa115d02a184c91d887d,-1,-1
52543,Grevlin,-1,-1
52544,Kuaz,-1,-1
52545,IS1b0bbba3e7e4ab87335e5,-1,-1
52546,IS1d752a20cf79cfdff2974,-1,-1
52547,IS178b563eda7715cbfc0d8,-1,-1
52548,Sh33pGotoHeaven,-1,-1
52549,Pen15Mightier,-1,-1
52550,IS167631737acb5c735b4dd,-1,-1
52551,IS1bd3bd98e070098e84bbe,-1,-1
52552,Seferio,-1,-1
52553,CannonFodder,-1,-1
52554,Drumble,-1,-1
52555,IS19b964976c4cc2576d4e6,-1,-1
52556,IS11ede02db855af6d3d0e7,-1,-1
52557,Lghbs wsrser,-1,-1
52558,DcTiger,-1,-1
52559,IS11c860b5e5ea965c29f4b,-1,-1
52560,VEHSEUSEJV,-1,-1
52561,IS1f0ddf8f55952c7f68ab6,-1,-1
52562,IS11d38b15faabcc8fb3e0b,-1,-1
52563,IS10b54d8c27563e0eb3ca1,-1,-1
52564,IS10864e8eecbd5b63cd368,-1,-1
52565,IS1eb7c9a5d5b0c5edc6cbd,-1,-1
52566,tOUAwSgWoB,-1,-1
52567,IS1e5cb99138c2dec5786fb,-1,-1
52568,polloga,-1,-1
52569,Morgis,-1,-1
52570,IS101cd5be7dbe6e7113af7,-1,-1
52571,reklaw,-1,-1
52572,Optix,-1,-1
52573,IS147af4d26e30672f17859,-1,-1
52574,Sord,-1,-1
52575,Destron,-1,-1
52576,IS1544f728feb823fec8c34,-1,-1
52577,TheMightyLoris,-1,-1
52578,IS14ae01b149e7d7f3a8bf3,-1,-1
52579,IS12b5b21ea7842c79a9c7e,-1,-1
52580,IS1d2a1ebd6949e8063cfb4,-1,-1
52581,IS18188585eec974d47c47b,-1,-1
52582,Sword of Spirit,-1,-1
52583,IS116843f8ba728b3aecf04,-1,-1
52584,IS16e5b3df787ba9a9f0f05,-1,-1
52585,downloadpal,-1,-1
52586,Unclesoppa,-1,-1
52587,IS15a99843fa0f1b912ba68,-1,-1
52588,WdUoLuyfhK,-1,-1
52589,IS13414c7cfafdae5abb7e1,-1,-1
52590,dao12,-1,-1
52591,Daijiro,-1,-1
52592,CrazyOldMaurice,-1,-1
52593,hoodadoo,-1,-1
52594,Lokeh,-1,-1
52595,IS174b9970d0d7d4786c98f,-1,-1
52596,IS1fb35cad0c10f334f7e33,-1,-1
52597,IS1b1f77c7b4bcf85c97e62,-1,-1
52598,Mr Twip,-1,-1
52599,IS1e9c7f81c9ac142a1a0e0,-1,-1
52600,Angelicized,-1,-1
52601,IS10a15ce562a0581065d23,-1,-1
52602,Freet,-1,-1
52603,qwertybirdy,-1,-1
52604,Harpst3r,-1,-1
52605,Beastybeast,-1,-1
52606,IS1549c9416ffdf6b21177c,-1,-1
52607,IS1e860c399d624c1aadc5f,-1,-1
52608,IS1ba5d5c360bd63d0f5bc5,-1,-1
52609,IS1049c821dddb40d9f3a93,-1,-1
52610,IS13cf46e62746254c43472,-1,-1
52611,Hibari,-1,-1
52612,Asmodeu,-1,-1
52613,Seo Kang joon,-1,-1
52614,ECtzvGoJTs,-1,-1
52615,IS1564ccd10355779f86aab,-1,-1
52616,IS1f115fa418139c791c4de,-1,-1
52617,jellybolee,-1,-1
52618,IS169ddd851ce783feaa2fb,-1,-1
52619,BoBel,-1,-1
52620,Skyliner,-1,-1
52621,IS1a5c71b88dddde319ea71,-1,-1
52622,IS1a2fc8921bd610c4890b1,-1,-1
52623,IS1ee6609a9d2624077b3c5,-1,-1
52624,Serzjok,-1,-1
52625,IS1bcd216da59ea11fad1d5,-1,-1
52626,IS13efdf292a859669639c1,-1,-1
52627,IS10b6b21b6d316d245cb60,-1,-1
52628,IS1e287d9a6caf8841e645b,-1,-1
52629,jon1112,-1,-1
52630,IS17d90570abc684f5bd343,-1,-1
52631,IS1b19fcc134bafbd4e5712,-1,-1
52632,IS1949c46c171951cd9dc3d,-1,-1
52633,Z3 Donut,-1,-1
52634,IS13e87f54e1e50656f23ac,-1,-1
52635,IS16a450ccd254495ca375d,-1,-1
52636,Almight Dolar,-1,-1
52637,IS1f728f02c136e2f987c0b,-1,-1
52638,voldaran,-1,-1
52639,IS1504e5aff2ae61d0ba622,-1,-1
52640,IS1a7e12534f3b421bbd5d4,-1,-1
52641,IS13a25c75e2d7acddd6264,-1,-1
52642,tammybonquiqui,-1,-1
52643,Star Porn,-1,-1
52644,MXWll,-1,-1
52645,EUVklftUck,-1,-1
52646,SpaceYeti,-1,-1
52647,IS1310223546255caafedbb,-1,-1
52648,Fanar,-1,-1
52649,IS1105535c33cb82e4382e4,-1,-1
52650,PoopyDecorator,-1,-1
52651,IS1fe6c579776d7d1b79af1,-1,-1
52652,Y2Kash14,-1,-1
52653,IS1823f0d02492547b02fe8,-1,-1
52654,IS18297710d4f26259bfef8,-1,-1
52655,DeviousSoul,-1,-1
52656,IS1c9e60d5d13fc52a76dea,-1,-1
52657,IS14a350deb2258bb46a9dd,-1,-1
52658,Gracchus,-1,-1
52659,Rezoriza,-1,-1
52660,IS1ff6ab3871bfa15a98263,-1,-1
52661,IS17ce04428c753b32145fe,-1,-1
52662,DragS,-1,-1
52663,IS1067e572ac549698e93aa,-1,-1
52664,Juiceboxone,-1,-1
52665,IS154d716df8f3424d2e21b,-1,-1
52666,IS1fda40f494ce164e9912f,-1,-1
52667,IS143526bb77cc22eeec4c1,-1,-1
52668,Maxis,-1,-1
52669,Lycanious,-1,-1
52670,IS17b4a5a71f4d9b0005335,-1,-1
52671,IS18139567aa5f3d103bb93,-1,-1
52672,IS110734112b03e2f8800f5,-1,-1
52673,IS19aee5f0c5a4649d6dbc7,-1,-1
52674,jd1zz,-1,-1
52675,IS1bab9ff02abda18040afe,-1,-1
52676,IS148f66e8ada63a50bc277,-1,-1
52677,Rogash,-1,-1
52678,4Ln5oZY5tw,-1,-1
52679,Altranaen,-1,-1
52680,Reiyu the frozen,-1,-1
52681,IS1ef3d244684c3a8655fae,-1,-1
52682,Frownytown,-1,-1
52683,IS10261039a8baca69dec61,-1,-1
52684,freshMeat777,-1,-1
52685,Veille,-1,-1
52686,IS1e320d48df26b010ddd97,-1,-1
52687,IS16ee3511b8a9d51289fb6,-1,-1
52688,Kelmidias,-1,-1
52689,IS14db670ec779979c1f5b4,-1,-1
52690,IS121ecf8abf57d98505485,-1,-1
52691,Tawlan,-1,-1
52692,venom100,-1,-1
52693,IS1073d7435b0475159d111,-1,-1
52694,IS1456db9ce806e41493b51,-1,-1
52695,Grantag,-1,-1
52696,IS1e07a4071ed6950fbecf0,-1,-1
52697,HighLevelWizard,-1,-1
52698,IS19fc1a93dc10e3a041b41,-1,-1
52699,IS1b84b542de1d768d97110,-1,-1
52700,Smuuglie,-1,-1
52701,IS1a8383e1f8c642189583e,-1,-1
52702,BlueSteel,-1,-1
52703,IS1e105b001e823ba5e4d46,-1,-1
52704,IS13b669b9f1bbb1bc034fc,-1,-1
52705,IS1cd6808cffe58665fa0c6,-1,-1
52706,IS1be0158322a77bdd6b685,-1,-1
52707,Harps,-1,-1
52708,SekiSelu,-1,-1
52709,I Lost My Legos,-1,-1
52710,IS120bc1d1f0a188b6476f1,-1,-1
52711,dumle12,-1,-1
52712,mczord,-1,-1
52713,IS1fe8422ebdc30a05eee66,-1,-1
52714,Keiishi,-1,-1
52715,Young Slaps,-1,-1
52716,dasalvar,-1,-1
52717,IS1bebe060d2c130563cba7,-1,-1
52718,nVincibLe,-1,-1
52719,IS1135845aea1465279c496,-1,-1
52720,IS10ca3b68be0e9e1f0836e,-1,-1
52721,IS16d0cfad703c898c0caa7,-1,-1
52722,IS135848ed35e091d18fce7,-1,-1
52723,IS1124bcbbd60278824ee58,-1,-1
52724,Enkido,-1,-1
52725,Tulos,-1,-1
52726,Straduz,-1,-1
52727,IS1f5c4f4f183ae1c69363e,-1,-1
52728,IS171776efb0175954a63cd,-1,-1
52729,IS1f2d40ec9ddb5cd8548a8,-1,-1
52730,ml46VegGLq,-1,-1
52731,IS1524e6fc37870205dd0e7,-1,-1
52732,IS13b6c3a426f7a1ffc1d00,-1,-1
52733,IS10055c8c3c5b3f86247cb,-1,-1
52734,xXSnakeEliteXx,-1,-1
52735,BlackSeries,-1,-1
52736,IS1cec852da53ce580e1a9b,-1,-1
52737,IS13bd206170908b6f62b30,-1,-1
52738,Yawgrimas,-1,-1
52739,Qwertypi,-1,-1
52740,IS1f6d8ca157d32253bb801,-1,-1
52741,IS15393091cbe9a86c68735,-1,-1
52742,IS1a804c65b0c37974c660c,-1,-1
52743,LuucAo,-1,-1
52744,IS170697f836e88db82acee,-1,-1
52745,Comeon Herman,-1,-1
52746,IS1f7799220f3c1913bcb85,-1,-1
52747,PhoKyo,-1,-1
52748,IS12257c1120944d2dab9fb,-1,-1
52749,IS1b5194f05ba4386d408bf,-1,-1
52750,wvrlbv bilvb,-1,-1
52751,IS1cb2f4d2a97f9bbb57b45,-1,-1
52752,IS1096754e449f95ee7757d,-1,-1
52753,IS1feaef597540971ab598e,-1,-1
52754,IS19db1f8fc012508bc69e5,-1,-1
52755,pYxYFFSrKp,-1,-1
52756,IS1d32c34ee891ded2715e6,-1,-1
52757,IS113f3cccdfb9f5859ba07,-1,-1
52758,SamHax,-1,-1
52759,IS11d15f97665a342933066,-1,-1
52760,IS1d6ca1051fed4b3b6086f,-1,-1
52761,IS117df4d27b26d9604ddf6,-1,-1
52762,IS12c36811cfd971a8b6ca5,-1,-1
52763,ryutsuke,-1,-1
52764,IS13560d23bd3812ccfbe9f,-1,-1
52765,corwin573,-1,-1
52766,IS16faa43cc43f69078f5e5,-1,-1
52767,IS186edb45370f3ab398034,-1,-1
52768,Ionselon,-1,-1
52769,Wonkas,-1,-1
52770,robaleca,-1,-1
52771,IS18aa53a2e6a25582e5384,-1,-1
52772,Liquid Medic,-1,-1
52773,IS1c0f59d4ac0eae9533321,-1,-1
52774,Taikoubou,-1,-1
52775,Dark Valter,-1,-1
52776,kraeftig,-1,-1
52777,an0ma11i,-1,-1
52778,Shambala,-1,-1
52779,GhostofXmasPast,-1,-1
52780,mshanks,-1,-1
52781,Luneacy,-1,-1
52782,IS189bbb4d4f2371b944d7e,-1,-1
52783,IS146564e87a0d332629f40,-1,-1
52784,man juice,-1,-1
52785,ZenoTasedro,-1,-1
52786,IS11dc485a4147399cf4cb3,-1,-1
52787,IS18c9a85904af5d13f1017,-1,-1
52788,Gunzy83,-1,-1
52789,DoubleONegro,-1,-1
52790,Ecchi Jutsu,-1,-1
52791,headfirst,-1,-1
52792,IS1605f52a1cc969e0312b2,-1,-1
52793,IS1a863ec71f702334d80b7,-1,-1
52794,Kanosei,-1,-1
52795,Eat Sleep Breach,-1,-1
52796,IS1696f4f3946b84cfbf171,-1,-1
52797,IS1acfb5428f12f871ce515,-1,-1
52798,IS1169059ec64061b94c0e8,-1,-1
52799,Slo Mo,-1,-1
52800,GreenhouseFascist,-1,-1
52801,IS19c12d069c2aa6b9feeba,-1,-1
52802,IS183ace7a014514b257cb0,-1,-1
52803,IS1e563eeb3f2e1a9463f84,-1,-1
52804,Kilalie,-1,-1
52805,IS119d52a3e7ba4c8f49cd9,-1,-1
52806,IS18b479feb79f5a4ea97a6,-1,-1
52807,IS1f8728b06ac86ad8333ff,-1,-1
52808,EpicMegaFail,-1,-1
52809,IS1414f6118900ec9860602,-1,-1
52810,IS1e3a492fef1c8b8486b85,-1,-1
52811,IS19723b028f6cf289891ba,-1,-1
52812,IS120e4c745f2fb19d4e3a8,-1,-1
52813,IS12de6edc2ec58fff68e76,-1,-1
52814,Tufte,-1,-1
52815,IS1b0803440f54555fb2392,-1,-1
52816,retro disco,-1,-1
52817,IS1007ea31cca5bd5920466,-1,-1
52818,Haleren,-1,-1
52819,AL0JC6koM6,-1,-1
52820,Achmed,-1,-1
52821,Tekkonz,-1,-1
52822,Xian Shadowsong,-1,-1
52823,Jdubb,-1,-1
52824,IS196736a580a66671ddfcc,-1,-1
52825,Spartt,-1,-1
52826,nIkIZaWa,-1,-1
52827,IS1070f437b1e22716d09cf,-1,-1
52828,Bonkutsu,-1,-1
52829,IS13713e03be2e2cc789646,-1,-1
52830,Zelkyn,-1,-1
52831,IS17c849bb4debb821f30a2,-1,-1
52832,Rakel,-1,-1
52833,IS1d9f34babb89f9aeed6ad,-1,-1
52834,IS1ee1c7a2e13c6f26cd1f8,-1,-1
52835,IS1b317fbffa67c57443ad8,-1,-1
52836,ViperFTS,-1,-1
52837,IS1998c2d8f29addc91b25e,-1,-1
52838,Deetboy,-1,-1
52839,NutellaCreep,-1,-1
52840,IS16ffdcaaf714e2c7cbf16,-1,-1
52841,IS18447398ef7435446f550,-1,-1
52842,IS1a4c66f56c33b451a5f5c,-1,-1
52843,iX4BmoHBS2,-1,-1
52844,Benisizume,-1,-1
52845,6k5UDbNsRM,-1,-1
52846,IS1c14b58d6e0025c479c67,-1,-1
52847,Rysoserious23,-1,-1
52848,My Hair is a Bird,-1,-1
52849,zarzibar,-1,-1
52850,TheMooKing,-1,-1
52851,Killrazor,-1,-1
52852,PlainBean,-1,-1
52853,ThePlate,-1,-1
52854,IS1c68bcc59d6d7963f7417,-1,-1
52855,IS1e82a1a79316361167d8f,-1,-1
52856,IS11533b1ad0ee51566cf97,-1,-1
52857,IS1306a9b95230f6ec4a051,-1,-1
52858,IS19d4331771f9040a625d8,-1,-1
52859,CHiPrOK,-1,-1
52860,Neeero,-1,-1
52861,RevSoss,-1,-1
52862,Tatabox,-1,-1
52863,IS1682a5cf3eb4d49943036,-1,-1
52864,IS1c8d4a03e578e0e4e8ad8,-1,-1
52865,IS1cc543a3258a6a10677da,-1,-1
52866,IS12b9babbb9629f0af909e,-1,-1
52867,Xqwz,-1,-1
52868,Otata,-1,-1
52869,IS1a146f879631550fb065b,-1,-1
52870,IS16f7bc77cb7c310a27dfd,-1,-1
52871,Towa,-1,-1
52872,IS118eb8abb5abfbc4c95d9,-1,-1
52873,Storm the face,-1,-1
52874,Jagama42,-1,-1
52875,DeGrim,-1,-1
52876,PatoPurific,-1,-1
52877,Maidor,-1,-1
52878,IS13a323efab7d74a1f9b04,-1,-1
52879,drMGOTqupX,-1,-1
52880,tehDECOY,-1,-1
52881,IS10bd0e8c3892bee7334b9,-1,-1
52882,Hit The Trees,-1,-1
52883,SushiCatX,-1,-1
52884,Spriggs,-1,-1
52885,norhymes,-1,-1
52886,IS194547f572d3f433a87d9,-1,-1
52887,oaBxOJoUby,-1,-1
52888,geekbri,-1,-1
52889,IS124db38787874cbe49df3,-1,-1
52890,Kaes,-1,-1
52891,IS197ce21f424de22c79ab9,-1,-1
52892,panacuba,-1,-1
52893,IS144089758a751b,-1,-1
52894,Homax,-1,-1
52895,Paraphase,-1,-1
52896,IS1d24d87a9e094527f9c66,-1,-1
52897,Lynear,-1,-1
52898,IS1952f5a5ed2189214d0de,-1,-1
52899,Chocolate,-1,-1
52900,Elsy,-1,-1
52901,IS1fd2de7763dec8c6ab701,-1,-1
52902,tangyfruits,-1,-1
52903,whynotandwhy,-1,-1
52904,mbsez,-1,-1
52905,IS15544e979288ca21259ed,-1,-1
52906,erfdfdxcfvdvdxc,-1,-1
52907,IS1bf09f2e0dfa8b13af8b6,-1,-1
52908,IS1b6eac4d30deeb33d3e18,-1,-1
52909,IS170e24cc444935b88e6ac,-1,-1
52910,Interfeci,-1,-1
52911,Deactivated34444,-1,-1
52912,Granticus,-1,-1
52913,Lawlrus,-1,-1
52914,IS186a410e31b307bc01249,-1,-1
52915,cantabar,-1,-1
52916,IS1cd91ae7a5645c2e7f071,-1,-1
52917,Mourg0S,-1,-1
52918,IS1a2261174c9da9565ef31,-1,-1
52919,IS116b7ddbffcd28e7c66f3,-1,-1
52920,DarkDecryptor,-1,-1
52921,User3rr0r,-1,-1
52922,IS19ce002430ea32a907dbc,-1,-1
52923,doctorpop,-1,-1
52924,cspalak,-1,-1
52925,Dystopiax,-1,-1
52926,3tOjfOcjuD,-1,-1
52927,IS16981ccc4e603f1424a5a,-1,-1
52928,2sBPaWhO7V,-1,-1
52929,IS16a07a5f727df008a084b,-1,-1
52930,IS16ea2b93be877ea9a90f6,-1,-1
52931,IS150e1510fc43b2bccbe52,-1,-1
52932,IS153f6a2c9f657fff0c451,-1,-1
52933,IS100b22cd8fe32dcd4e959,-1,-1
52934,IS1e29fb49abd95116570bb,-1,-1
52935,IS140dccaac3b08bfdbca32,-1,-1
52936,Mustang234,-1,-1
52937,zUt5CpgCj5,-1,-1
52938,HomoKing,-1,-1
52939,Hamzy,-1,-1
52940,snewp doge,-1,-1
52941,Just Jakk,-1,-1
52942,IS192818361a7f05beca983,-1,-1
52943,IS133a908ccad0cf7d40296,-1,-1
52944,IS1460269b2c6ac451c1031,-1,-1
52945,IS12c5940af7cee262ef273,-1,-1
52946,Reoen,-1,-1
52947,Allthenigs,-1,-1
52948,IS1d5f42dbf93bcba194bc3,-1,-1
52949,IS11e44c75cbe82fb29d95e,-1,-1
52950,Silasdh,-1,-1
52951,Decla,-1,-1
52952,ADDerall509,-1,-1
52953,Ranlif,-1,-1
52954,IS14749eaf77e4db1184ac8,-1,-1
52955,Zonjinn,-1,-1
52956,IS161cbf430adca6df8590b,-1,-1
52957,IS166dd75283f8909bcea5a,-1,-1
52958,IS1ffd30fda274fffc8685c,-1,-1
52959,IS1e9ac4c7b010b3d9410c1,-1,-1
52960,ArcheAsura13,-1,-1
52961,IS178bdfcd35ab6996f65ab,-1,-1
52962,IS1032e8284f2c1c3fba592,-1,-1
52963,Jojonel,-1,-1
52964,IS1eecb2259258ec79b43fb,-1,-1
52965,IS173c0f76a45b3c8b04e69,-1,-1
52966,IS1f3d9c78a4306087dd613,-1,-1
52967,IS1d6132eff660dbe61612f,-1,-1
52968,MVTqgHxqJW,-1,-1
52969,SerasAtomsk,-1,-1
52970,IS1f10a00a1db33459f5467,-1,-1
52971,IS146b40121965905cc2fd2,-1,-1
52972,IS1a40eaaa22d6ec8432e4c,-1,-1
52973,Celephix,-1,-1
52974,IS150e7afcf9fea12cf63f1,-1,-1
52975,IS1c76eb91617463074cfcb,-1,-1
52976,IS1949e8d7225177897751a,-1,-1
52977,outcast,-1,-1
52978,nNooWzPYdgL6YuRT,-1,-1
52979,FerraraZ,-1,-1
52980,GenoX,-1,-1
52981,puppity,-1,-1
52982,IS1648aee3455425dd6bae3,-1,-1
52983,Fox Spirit,-1,-1
52984,IS1691a739c7f5aca91e78a,-1,-1
52985,IS1b887032575856b19aece,-1,-1
52986,IS180cc955011ca6029d75f,-1,-1
52987,IS18ba128689f3506c1cd2b,-1,-1
52988,Gartun,-1,-1
52989,IS1c98865faf5190a306499,-1,-1
52990,Neruka,-1,-1
52991,LeagueOfLegendsGuy,-1,-1
52992,IS1c27c7e672d4663689cb0,-1,-1
52993,Pizounce,-1,-1
52994,nightxnightx22,-1,-1
52995,Speh,-1,-1
52996,IS11a14d3dad39253b15f1d,-1,-1
52997,IS1640283a18af4915c577a,-1,-1
52998,IS113c2a7742be10bb4684d,-1,-1
52999,NegativeWings,-1,-1
