55000,IS16c174be348891f3c2887,-1,-1
55001,uaMDRiyNIZ,-1,-1
55002,IS1c2e80a95c10c0af72fe9,-1,-1
55003,Maquellan,-1,-1
55004,GrandeMocha,-1,-1
55005,fTwDHGkAUW,-1,-1
55006,IS1a40152e38ffbf669b3da,-1,-1
55007,IS13c287a7db7588410c8c8,-1,-1
55008,IS161742fb44735f701e9d0,-1,-1
55009,IS17715f06319e249838f86,-1,-1
55010,IS19863b20bbc9d2f166f7c,-1,-1
55011,IS1b2904b1cb4640cebc223,-1,-1
55012,Excuses Suck,-1,-1
55013,IS16d2ec66a3d1eba4d0d89,-1,-1
55014,IS126bff782deea3d75be96,-1,-1
55015,IS1a276ed62f49e7376f6a5,-1,-1
55016,IS128dfd8585b7a2ff21510,-1,-1
55017,IS1cacc423dd644bd8bf495,-1,-1
55018,IS1d5c881b57d5570a320b0,-1,-1
55019,IS1f98430f4aca228e40a34,-1,-1
55020,IS13c9c3c1a5bc0dbcd221a,-1,-1
55021,IS1fef7f83a0eb3a1f3ad17,-1,-1
55022,IS168fe70465a0d1abbccac,-1,-1
55023,IS1b04fa64bab0d536641e8,-1,-1
55024,IS1eea24d146ea995ca4983,-1,-1
55025,roflw00t,-1,-1
55026,IS10a43405e7abc629f681f,-1,-1
55027,gAHy5qFJOP,-1,-1
55028,IS14dfa92e9f48415ba3a0c,-1,-1
55029,Lanskies,-1,-1
55030,IS12f9e30b7f90404c8e0f8,-1,-1
55031,IS1aa00e24349c554a9f279,-1,-1
55032,IS1686ae441245f8237fd12,-1,-1
55033,Sirius Face,-1,-1
55034,IS1196d5c148054fbf3c0ef,-1,-1
55035,IS1d4ac5bbfb25f61ee7deb,-1,-1
55036,IS14200ac5a79cbc3355d72,-1,-1
55037,IS1c01a9fe264152e30bec8,-1,-1
55038,Tycygo,-1,-1
55039,IS15ef98c698ac5d64dbba6,-1,-1
55040,lNWS3lrauh,-1,-1
55041,IS1b3902baff6a8c08d0c1c,-1,-1
55042,IS1c25aefbca4e513ac8bc0,-1,-1
55043,IS1de557cf87c72d2c21582,-1,-1
55044,IS1f3d665e8af33ae3ead71,-1,-1
55045,IS11579fd9d81b191b47426,-1,-1
55046,Menset,-1,-1
55047,IS112b8e2f91ea479e23a5a,-1,-1
55048,IS1e8112889c205aa286559,-1,-1
55049,IS1051576cb4780db7f28fc,-1,-1
55050,IS123f56b18358ea094c227,-1,-1
55051,IS106b23a755e7f1d5cabd5,-1,-1
55052,IS15819675a981bb2d2ebc5,-1,-1
55053,IS17631141b633a89d1c131,-1,-1
55054,mangusta,-1,-1
55055,IS12f799984eba95936bbd7,-1,-1
55056,IS141484ea31ddc31936ee4,-1,-1
55057,IS1e4e4bc31f7c55757a052,-1,-1
55058,IS1e9cc41e1189395e98905,-1,-1
55059,Rofomet,-1,-1
55060,IS16274a53e1134c76dac8b,-1,-1
55061,IS1859cf6a42ee30fbf321f,-1,-1
55062,IS18ff0ba5c8c3b5aed5027,-1,-1
55063,IS10ddf6309cc89846f16cc,-1,-1
55064,IS1ac7136d431f7047c20bc,-1,-1
55065,IS13a72f530e67e2cf8d2ce,-1,-1
55066,IS1f0a053a2f5fd1597f7eb,-1,-1
55067,IS1763431e62af222d4fa89,-1,-1
55068,IS1f2367fe2f14754c37f17,-1,-1
55069,IS11c3c8496eb581f28f506,-1,-1
55070,IS1c1c0d284b59f906b4c36,-1,-1
55071,IS1bd9c44dc1b4818cde6b9,-1,-1
55072,IS1b53448e5aaa01ca211a5,-1,-1
55073,IS1945ec8cd56c6e95ac3ac,-1,-1
55074,IS1400f25ae6d1dd411ed99,-1,-1
55075,IS1aa520f1842a22056c09c,-1,-1
55076,IS1ee76681ae8698267c579,-1,-1
55077,Rba Burke,-1,-1
55078,Marsaka,-1,-1
55079,Lex Talionis,-1,-1
55080,IS12f9a57fa7bf996baff29,-1,-1
55081,AsukaLShikinami,-1,-1
55082,IS1a62cebd5c10742c2e301,-1,-1
55083,IS1f5b2816ea697187944b5,-1,-1
55084,DryPenguin,-1,-1
55085,Gaptroll,-1,-1
55086,PAIN TRAIN TOOT TOOT,-1,-1
55087,IS142fb6c1ad838719d3412,-1,-1
55088,tidel ni hati,-1,-1
55089,IS1ec6b7a8f0ac142bed046,-1,-1
55090,IS11a26a3fa3523980c2546,-1,-1
55091,IS1dce8dcf9c7feb75f2407,-1,-1
55092,IS1fc57043c20f3d22f6b6b,-1,-1
55093,IS1f2dd54709a161869ea0c,-1,-1
55094,IS17b9a5d3ad1ce20a4110c,-1,-1
55095,IS1af896c91f77fae7a8b42,-1,-1
55096,55096_DEL,-1,-1
55097,IS113865fc410864a48fe6e,-1,-1
55098,IS1e61c2283a416c62ed7d4,-1,-1
55099,IS1f893ce8842e5a63d14ea,-1,-1
55100,IS1dd15556faa482a27a836,-1,-1
55101,IS15f00158f6a0c48251849,-1,-1
55102,Xanat0s,-1,-1
55103,IS109c4d609a2d6fdefb834,-1,-1
55104,IS15c15ca4eb10197fc2407,-1,-1
55105,enknamel,-1,-1
55106,IS1e04319319e293c2b3287,-1,-1
55107,IS1b7146fe233d21f1e5adb,-1,-1
55108,X1fWumDmAf,-1,-1
55109,rEAPe,-1,-1
55110,IS12943adff49ec58f3c8f8,-1,-1
55111,IS1dd102d429bc13f591334,-1,-1
55112,IS1fb720284d2176c9164c2,-1,-1
55113,IS161ac2db01c763af3ec1b,-1,-1
55114,RoyalDonut,-1,-1
55115,IS158beef6bee640adf5a3e,-1,-1
55116,IS10b1fc7e782fff7d2bc49,-1,-1
55117,IS17bbce3f4baf034afbaf9,-1,-1
55118,IS11d335369ec03e4a40c89,-1,-1
55119,IS1da3432728078ff724c6b,-1,-1
55120,WhiteXClouD,-1,-1
55121,k8hsiedXnk,-1,-1
55122,IS19cb29a2c92d987a6dd90,-1,-1
55123,E7DAtd2KIG,-1,-1
55124,IS1d1fe84f8d29ab0865dd7,-1,-1
55125,moors,-1,-1
55126,IS1350caeedced1dcd9a251,-1,-1
55127,IS1a6e00da4c085dc390703,-1,-1
55128,kpbIca,-1,-1
55129,IS136eae9835b015cc9c59d,-1,-1
55130,IS1cdebc9bbb9a061bc0fbd,-1,-1
55131,IS1b0c4e9370c1e527aa439,-1,-1
55132,IS13b59ce6c9c6d4026fba5,-1,-1
55133,IS1320190a0fe0b002521d7,-1,-1
55134,IS1c7eaaad4ebc7b88b6508,-1,-1
55135,OncheFesse,-1,-1
55136,IS1c8bf302a8554782add46,-1,-1
55137,IS1f846acaa76065751bca9,-1,-1
55138,IS10189193a1ba56576472c,-1,-1
55139,IS17eefbb625c85e9203063,-1,-1
55140,IS1cd407ef5b5fff53f82d9,-1,-1
55141,TheDevils,-1,-1
55142,IS1c7473831a95313f950f9,-1,-1
55143,IS18049277514e3d739d968,-1,-1
55144,IS1ad66d4ce5c943da9eef4,-1,-1
55145,IS14886d7f271e04a4864fb,-1,-1
55146,IS1e27b993679dfb5e7050b,-1,-1
55147,MayMayXI,-1,-1
55148,fdhdhgfdh,-1,-1
55149,IS12238a20cff3f8369cb5e,-1,-1
55150,IS146f79020d35f8e0e47f4,-1,-1
55151,IS1ecb22b7ce0dc9e8fc0f7,-1,-1
55152,IS1ba5d45e58a76e6a73dc2,-1,-1
55153,RKoYBMrgTt,-1,-1
55154,zc11ukkued,-1,-1
55155,Moysea,-1,-1
55156,Slaughtersun,-1,-1
55157,Kranthor,-1,-1
55158,IS1dc8bb6ee14e594e924d3,-1,-1
55159,IS107a9b6aa818de949c108,-1,-1
55160,hamkiji,-1,-1
55161,Triton BW,-1,-1
55162,Xariel,-1,-1
55163,IS18dff6f294d9d46c84b91,-1,-1
55164,IS1e1a8444814d95c2487a8,-1,-1
55165,IS1bc49c5e96f231a2e844d,-1,-1
55166,IS1096e2fdac092e7127afc,-1,-1
55167,IS1b25ea41bbebfc611ffbb,-1,-1
55168,IS18633762d3b4f267dbce9,-1,-1
55169,IS1dc4fe9517af2ddcb3202,-1,-1
55170,IS157c9106153d6d084227d,-1,-1
55171,IS13bce8ba0dd67bf724ce5,-1,-1
55172,IS18db716b774649f566ce3,-1,-1
55173,IS122b2f4fba348d9c0fd68,-1,-1
55174,IS176df8f8505b50e4853a4,-1,-1
55175,IS1d1d9b8f74629f91baba7,-1,-1
55176,IS12fd705ba2d9396602a38,-1,-1
55177,Pharzuph,-1,-1
55178,IS1da1af1231364239aa646,-1,-1
55179,IS1d36b1330f0f7ead4b174,-1,-1
55180,IS190b4dee7a827707c76e3,-1,-1
55181,IS16a18df5bf84d3eb4f916,-1,-1
55182,IS1f2efa82c9d7736131c9c,-1,-1
55183,IS15ee02d7d3d77a30da634,-1,-1
55184,Xocolatl,-1,-1
55185,IS1b83a7e248583ec6694c9,-1,-1
55186,IS19fe20abb890d7133ca56,-1,-1
55187,IS1f2f95c26d70434ff5e88,-1,-1
55188,IS1754bab1ff75697e3c94c,-1,-1
55189,IS1fd91cd9f24b82a8375ca,-1,-1
55190,IS129bf1df56c6d6ff7fa54,-1,-1
55191,Y0lo Swag,-1,-1
55192,IKj3emwGlt,-1,-1
55193,IS19cb0c23231f2ddd6e06c,-1,-1
55194,IS1e17ca680074aee45e3c3,-1,-1
55195,IS1b55e2353c8ca7a50ce82,-1,-1
55196,IS1bcf68f4bd26c7cbe1523,-1,-1
55197,AThRnVFN9B,-1,-1
55198,IS18a6fa2a03aa8f524beb2,-1,-1
55199,IS1896d1cd2b10ed44cb7c7,-1,-1
55200,Mjoelnar,-1,-1
55201,IS1d528a8b2c223800e7eb0,-1,-1
55202,Mr Andersson,-1,-1
55203,IS12cef8573a5d92bc2fd3f,-1,-1
55204,Zuldan,-1,-1
55205,HasperoN,-1,-1
55206,IS13cd5362919f9edc33853,-1,-1
55207,Reav,-1,-1
55208,IS1d9374b34c31b6784581b,-1,-1
55209,IS18fc27229268a32efb706,-1,-1
55210,IS1574314ff087216d37e53,-1,-1
55211,IS194fc33d6cc91dc5f9a7e,-1,-1
55212,IS1055d43acf0f06df37927,-1,-1
55213,IS125f5a77592749e5d6fff,-1,-1
55214,IS1190818818fc662c7d873,-1,-1
55215,IS17971081da87bb43c269b,-1,-1
55216,IS12454d91af3a6b1f4b1dd,-1,-1
55217,IS1b79d9f03036f0ee05547,-1,-1
55218,Or3ez,-1,-1
55219,IS17c057214ab3d77dcf12f,-1,-1
55220,IS12bffbb5c75a0114906bf,-1,-1
55221,IS1ba8ff2ec6c06ce5946d0,-1,-1
55222,IS1ce53290e2edb43b0dec9,-1,-1
55223,IS1240bdc179b3b285279a3,-1,-1
55224,IS1906d0c7f10c20ac03300,-1,-1
55225,IS1e505a9af7c3a52c37475,-1,-1
55226,Archod,-1,-1
55227,IS192a140d2d2e080fbb471,-1,-1
55228,EbinG,-1,-1
55229,Aiedz,-1,-1
55230,LFxx8fTuxT,-1,-1
55231,PrinceLaRipper,-1,-1
55232,HardtoLove,-1,-1
55233,IS13e1628b8245892d60e5e,-1,-1
55234,KhaelvahN,-1,-1
55235,IS13b2156059bed9e4309f4,-1,-1
55236,IS18ed55af7b63e8fc996c5,-1,-1
55237,IS1a3d47a789d1389a89320,-1,-1
55238,Deminshera,-1,-1
55239,IS19d7e394c26844fa74c21,-1,-1
55240,IS1f98fab4acee3d2d0544f,-1,-1
55241,IS1e808396c6883eb262e8d,-1,-1
55242,IS1faa6e82af28c97c4d886,-1,-1
55243,IS1a11c7cf6aa79adfbfc71,-1,-1
55244,IS137d6a75b19ce0e2ffe1f,-1,-1
55245,IS1bbe27bc6c89b643d979f,-1,-1
55246,IS12fac9e59388fbf0806f5,-1,-1
55247,lordyy,-1,-1
55248,IS1f4638e05d49b07244ed5,-1,-1
55249,PhaserBait,-1,-1
55250,Baeck,-1,-1
55251,Blue Ryth,-1,-1
55252,IS18b4b7c3c8bdf4a5afe8e,-1,-1
55253,Torebka,-1,-1
55254,Silverbud,-1,-1
55255,FlintenJack,-1,-1
55256,IS1234d93d0f0aff147976d,-1,-1
55257,IS188b5785d4c5b560824a0,-1,-1
55258,IS1877f3a01ca373d585d4f,-1,-1
55259,IS164777d3b482efedff108,-1,-1
55260,IS1f782ccb35c3216c72efb,-1,-1
55261,ZSVkJ9xcfh,-1,-1
55262,IS13ccdfd0a7c82f3a6c9f0,-1,-1
55263,IS1e361ac62c23c9be9473a,-1,-1
55264,IS1df38b6b834e7fa25ebd6,-1,-1
55265,IS1956f6127d428daf4cfbd,-1,-1
55266,IS1a33d16f49d1edd5a9476,-1,-1
55267,IS1dcc6042b4bf0b9f786f6,-1,-1
55268,IS1cf4e367fb8178900d535,-1,-1
55269,IS127f85edd0dedba0140ce,-1,-1
55270,IS16b9882b79c68cac85e5c,-1,-1
55271,IS1a3d87778a489d4d8e3ff,-1,-1
55272,IS12a397be99ec3e8778513,-1,-1
55273,IS17856724221e9d363e2fe,-1,-1
55274,IS1a428ce009d165afbe925,-1,-1
55275,IS107a4f5e7b5122fc6d743,-1,-1
55276,IS187cac342845e16c2625a,-1,-1
55277,IS134bba96112dcd72b211e,-1,-1
55278,IS181b2bf74d28edefb5cc1,-1,-1
55279,IS14ceb8b42b5f3987a333b,-1,-1
55280,IS196766a6a0fcf8ffcd945,-1,-1
55281,IS18d671681f9c59a5e7bc9,-1,-1
55282,IS105af4cf2e3df9f8daf46,-1,-1
55283,IS1955bae7553ad4cd2ff0d,-1,-1
55284,IS1df51bf9c362deaa31bb0,-1,-1
55285,IS1a6b352869351eac65f58,-1,-1
55286,IS11e0d2257dded4c6e3fa7,-1,-1
55287,IS11612a278a4cb107a61b5,-1,-1
55288,IS152f756d72cedeb0c105b,-1,-1
55289,IS1edb469ceda2f11315b22,-1,-1
55290,IS1135d355cba4e30014ba0,-1,-1
55291,IS1bb8df4563a90b8b1c4fa,-1,-1
55292,IS1b1211322bc2bebed281d,-1,-1
55293,IS1fc8e5e4b10b05d91abbe,-1,-1
55294,IS1e70cd26026412f68ed7c,-1,-1
55295,IS1850fe33be0d8598ed35a,-1,-1
55296,Dorew,-1,-1
55297,IS1facf01829dc481c65c8e,-1,-1
55298,DubIJ1vJHx,-1,-1
55299,IS15ae851f75a18a3c8f703,-1,-1
55300,IS1a0d85ca8098971819bd5,-1,-1
55301,IS132ad0c182e3019627e5b,-1,-1
55302,IS134e92f845b893308ad2e,-1,-1
55303,IS1a6b678b493bdeb181289,-1,-1
55304,IS1dcef7ea4346f4de43a79,-1,-1
55305,IS17afc9d66afb872aac5fa,-1,-1
55306,SpiderTotz,-1,-1
55307,IS1a60c4d4afa86e70c2733,-1,-1
55308,IS1f788591d37cc5594bedb,-1,-1
55309,IS1dd1effd35ddbd7071be4,-1,-1
55310,The Skeep,-1,-1
55311,mkapi,-1,-1
55312,IS1bbc8f0f142a0cba283d2,-1,-1
55313,Z2 Hell,-1,-1
55314,IS19537c8753c09e08d4df8,-1,-1
55315,IS1a6bb9b1fccb7cb46cd92,-1,-1
55316,IS1d83fa1c4e916b1974a6c,-1,-1
55317,IS1f56e5d5105e4f9ba0e5c,-1,-1
55318,Stupid Bob,-1,-1
55319,IS10fe7f09586aaef8f3c0b,-1,-1
55320,byyWZkHuib,-1,-1
55321,IS1a9d820a0510ede70fd08,-1,-1
55322,KelThuzard,-1,-1
55323,IS17983003870d045f2acb1,-1,-1
55324,IS170add6f0dae469dca92e,-1,-1
55325,IS13992d4e61f9cde20e297,-1,-1
55326,IS149492de46ac1de345086,-1,-1
55327,A Feral Moose,-1,-1
55328,Fatile,-1,-1
55329,IS15bfdcce31855ad2c0fec,-1,-1
55330,IS18fe92dc92a02a2b46b5a,-1,-1
55331,IS159d170c7367d97e2b515,-1,-1
55332,IS151e12d9518d19424963a,-1,-1
55333,IS1aa84e16dcf4067183797,-1,-1
55334,IS119713cc76226aa147eaf,-1,-1
55335,JeppEbrilow,-1,-1
55336,stragz,-1,-1
55337,IS10d314450652b1f5da59e,-1,-1
55338,IS169bc53410a64314ff38b,-1,-1
55339,Agent 0 7 0,-1,-1
55340,IS10a724ccab671ee4cb03b,-1,-1
55341,IS10a728e7518feedbea032,-1,-1
55342,IS17f2501b9538dd6bdf97b,-1,-1
55343,IS1779193f8843ca08da296,-1,-1
55344,IS19dcaa45360d79bf0cf12,-1,-1
55345,IS187bfa0358ef235bd841e,-1,-1
55346,IS1130d02dbcc7f1a1de9a4,-1,-1
55347,IS1b0aac1c0530df7b26150,-1,-1
55348,IS1e1636fa285466fc51813,-1,-1
55349,PoloLesGaz,-1,-1
55350,IS119ad6f32345a0327a58b,-1,-1
55351,IS17983b58889bf6b660d0b,-1,-1
55352,IS1842764224578c161e2cc,-1,-1
55353,IS15d5c007368b45a62ab83,-1,-1
55354,IS171c61b0e2b1eed9ddb0a,-1,-1
55355,Fat Messiah,-1,-1
55356,Bowzn,-1,-1
55357,IS1e423d48a8263dffad03f,-1,-1
55358,IS1a040f2f39292976dd546,-1,-1
55359,IS12bcdee1c9cc53abb7dca,-1,-1
55360,Xythenon,-1,-1
55361,IS1662d6e8401503d8b15e1,-1,-1
55362,IS1f46eb872ff4f1159d1df,-1,-1
55363,QUyk74GozX,-1,-1
55364,IS1b2e0f2f4a30243fa8676,-1,-1
55365,IS13bb2ca34eba15995814d,-1,-1
55366,KlNG KOOPA,-1,-1
55367,IS15722c9b888e19e10f805,-1,-1
55368,IS1fe2a1c54c1404863e647,-1,-1
55369,IS154aed45b9318ba3b166a,-1,-1
55370,dJbxLFjntx,-1,-1
55371,SuperTifo,-1,-1
55372,IS145c2c3fa2c9d6668a6ff,-1,-1
55373,Donatoth,-1,-1
55374,diznoid,-1,-1
55375,IS15e74d73f4ec5b8b9c3cf,-1,-1
55376,SamuelMueller,-1,-1
55377,IS16e4b01ee7884c098613e,-1,-1
55378,IS10369ff9f28af166bf036,-1,-1
55379,IS19f4f97b6ae58b104cbd0,-1,-1
55380,Corn49,-1,-1
55381,IS1d87ac2125388f35ec786,-1,-1
55382,IS18790115effa6a3e35230,-1,-1
55383,IS1f7c624679166827181c2,-1,-1
55384,IS16b97710ded070d306d7f,-1,-1
55385,IS11201a61a279e84be32e2,-1,-1
55386,Skorx,-1,-1
55387,Kinczi,-1,-1
55388,LiquidSorrow,-1,-1
55389,IS1129da9e1e2e3e433eb7b,-1,-1
55390,IS1a9325a8791ed36e2aace,-1,-1
55391,IS15513a41e2a1a988120c7,-1,-1
55392,IS1b0b775f84b9f7b8583ec,-1,-1
55393,IS107f2e338afb50a028b14,-1,-1
55394,IS1e75ba8ae263e5a73537c,-1,-1
55395,IS13f36018b24078db950a2,-1,-1
55396,IS1449a0d83d9354b6ca67f,-1,-1
55397,IS19c8d0f1540e08ec12091,-1,-1
55398,IS14dd52127d542d631eef0,-1,-1
55399,IS1c4b7cdb0824c5f0ed814,-1,-1
55400,IS1b033a4423339b10d0bbf,-1,-1
55401,MatatabiStep,-1,-1
55402,IS1ade97b152f94db45d79a,-1,-1
55403,ElLoko,-1,-1
55404,IS1e0a310f631119d612d23,-1,-1
55405,Bleeze,-1,-1
55406,yHnMy3fTPN,-1,-1
55407,IS1227c5f210187d297b375,-1,-1
55408,wbvicv Hvrge,-1,-1
55409,IS16e849eda587f2505ecca,-1,-1
55410,IS1a412cd56edda8c628c8a,-1,-1
55411,IS17a1148a35a5c09f38bea,-1,-1
55412,IS14b4a8c510dc9f7f509e1,-1,-1
55413,IS128d81223f7b7c64e3a0d,-1,-1
55414,IS17cde672665fc96b98dcb,-1,-1
55415,IS1f6be1760d625ab2c6b35,-1,-1
55416,IS18dcf0894b8a9a0031a44,-1,-1
55417,IS1102f17a0f25ff9e0512e,-1,-1
55418,IS16788d8d80c3fa43d6a47,-1,-1
55419,IS1fdea442a5550a3536d9b,-1,-1
55420,Pegsasus,-1,-1
55421,bchillz,-1,-1
55422,IS1b9ce2f15fce64178dfaf,-1,-1
55423,IS175b75b0dc3120d8165a1,-1,-1
55424,IS1d42b5a4b2ce7cc30e3de,-1,-1
55425,IS133b0cffebb7c0e0024d3,-1,-1
55426,IS11693b63b76308e0a2efc,-1,-1
55427,IS1526b7b5768ad6dc87242,-1,-1
55428,Z2 Berg,-1,-1
55429,IS1bd737d9496b06db991c9,-1,-1
55430,IS1234c73ddec244c930964,-1,-1
55431,IS12a215d2effe4bc0b9eb5,-1,-1
55432,IS188cd53599cfa42270446,-1,-1
55433,IS16a7a28998977d0ce4c3f,-1,-1
55434,ExitLight,-1,-1
55435,IS107edc391a327a79f29d2,-1,-1
55436,aTaU1CPf4y,-1,-1
55437,IS1424f6f974f6719634270,-1,-1
55438,IS1570664af54cccb4d55c8,-1,-1
55439,IS1920e9bff16ba334e3487,-1,-1
55440,sRcJseSCrK,-1,-1
55441,IS1e32c71e55452027e6695,-1,-1
55442,IS1a4199a88ae08947fb21d,-1,-1
55443,kusoiyaro,-1,-1
55444,Waterd,-1,-1
55445,IS15e5e948d70e9995a609c,-1,-1
55446,IS1d522486196d4c997d21d,-1,-1
55447,Jostun,-1,-1
55448,AdReNiX,-1,-1
55449,IS19c5b7cf1341b2ba3cb50,-1,-1
55450,IS1b2b7db7cccb4c76e1c6d,-1,-1
55451,IS12b399a1e0406ea549ced,-1,-1
55452,BlazinDiablo,-1,-1
55453,IS11480b59a456b3fd2f711,-1,-1
55454,IS13afd275fa598a1292b8f,-1,-1
55455,IS1921cd44742ec554f398d,-1,-1
55456,IS1b3eb732593a7424496c4,-1,-1
55457,IS10a1213922c4a9243638a,-1,-1
55458,IS12fd43abc9e2b48a33622,-1,-1
55459,IS16bf8a743628484b919a3,-1,-1
55460,86tceqMBJO,-1,-1
55461,IS12750a539d66fd268d926,-1,-1
55462,IS1d252d90a4c1bc4b6bdee,-1,-1
55463,IS1a3e8fc5463088620af20,-1,-1
55464,IS1e7b228da38d6742fb939,-1,-1
55465,IS1b3dfd57a0fd8f0668bb2,-1,-1
55466,bmsmsdbcmlm,-1,-1
55467,IS10d6ee5b5c0ef3e314a4a,-1,-1
55468,IS170dff69e93be7e70d135,-1,-1
55469,IS17617aabab2565a588026,-1,-1
55470,IS1d67a046f7bda1198a1f3,-1,-1
55471,IS168ea77b321583263c259,-1,-1
55472,IS1eaab16499ef059fb6512,-1,-1
55473,IS1496cdaf7c7fbd789833e,-1,-1
55474,ZeLoD,-1,-1
55475,IS1c4014c478c47b3ae4e1c,-1,-1
55476,sonicboozy,-1,-1
55477,Windily,-1,-1
55478,IS1a32d828b6ed11b24ffdc,-1,-1
55479,altMack,-1,-1
55480,SorrowfulRose,-1,-1
55481,Z3 Kiwi,-1,-1
55482,IS14d13c1cdc44ac39a8f2c,-1,-1
55483,IS163171787f22bd589719e,-1,-1
55484,DoublePenatratio,-1,-1
55485,MysteryTurtle,-1,-1
55486,IS10d6ad71df1219cb2eb23,-1,-1
55487,IS15831cb85b3266359f119,-1,-1
55488,IS145217afec232fe956041,-1,-1
55489,IS1de11cf05585a5f3b44f5,-1,-1
55490,timvane,-1,-1
55491,IS1014a5592ce28acd720a9,-1,-1
55492,IS187ff99c0984449c13b59,-1,-1
55493,IS18f74aa51777ec2705f7d,-1,-1
55494,IS1f1fac2f67c8e4e57414b,-1,-1
55495,IS1eeec6fb9c913c354b09f,-1,-1
55496,IS17734531aae3bd78e6666,-1,-1
55497,Kilray,-1,-1
55498,IS1a1e8e2d67cfdf4eaa304,-1,-1
55499,IS190898a8a31d166e49cf7,-1,-1
55500,IS1c9965c60cf7eeb9bf3de,-1,-1
55501,glipys,-1,-1
55502,IS145d89ba4a9af195b9790,-1,-1
55503,IS12a86700aeb3d44a032d3,-1,-1
55504,IS17ec16d6573a64b46a100,-1,-1
55505,YRKg4FrZFi,-1,-1
55506,IS1eff6680fd5583de2d165,-1,-1
55507,IS1e8c040429caca0a5a589,-1,-1
55508,IS1617c651ced198759f1d4,-1,-1
55509,KDkV2udxma,-1,-1
55510,IS1c675cb497d604a72fbcd,-1,-1
55511,Orginal Sin,-1,-1
55512,IS139693e211445cda05b1e,-1,-1
55513,pocharpf,-1,-1
55514,IS1590c7706662f94114ebe,-1,-1
55515,saaraf,-1,-1
55516,IS1d007f6b2a527d800c389,-1,-1
55517,Nuuto,-1,-1
55518,IS1263a6631c975ae8812f1,-1,-1
55519,IS1c541f05bc0bc12df07ef,-1,-1
55520,IS108fc0206037bbe3b151d,-1,-1
55521,kyzak,-1,-1
55522,IS16b4858b9e617efb64090,-1,-1
55523,IS195f37fd8e5e16f82f20a,-1,-1
55524,IS174e69c7295875e363014,-1,-1
55525,IS1c78191b191294dae55e4,-1,-1
55526,rqJC0EdsPA,-1,-1
55527,Aimfish,-1,-1
55528,jeez91,-1,-1
55529,IS13ac68ebdebaca7acafcd,-1,-1
55530,MlKEPORTNOY,-1,-1
55531,Fliposticko,-1,-1
55532,IS1023f0c951b3e3f118fb3,-1,-1
55533,IS1d4f973a5220c1462dacf,-1,-1
55534,JABHEUML1,-1,-1
55535,cocosloth,-1,-1
55536,IS1bd065a4def56e8723ab4,-1,-1
55537,IS1abe03e9f97657f3ba6b5,-1,-1
55538,IS1d5456aa0a9b6338b17c7,-1,-1
55539,IS111d6011c05d2ba9d51db,-1,-1
55540,IS12f09823e8ebcb0f52097,-1,-1
55541,LoL King Dat Lux,-1,-1
55542,IS1e2080b2405b21027d836,-1,-1
55543,alansmithee1234,-1,-1
55544,IS1a8ad2f6c63eafd3ca9a2,-1,-1
55545,relyn,-1,-1
55546,IS1fa84ebef0c17ae189b43,-1,-1
55547,IS1c7708af2109e926a9864,-1,-1
55548,IS1ad301adcb6107be2d750,-1,-1
55549,IS15e9af5b6ea76bb2e58ae,-1,-1
55550,IS15b6ac0d987b630259d98,-1,-1
55551,JeffB,-1,-1
55552,IS19ee6b1bc1822c8b01cd8,-1,-1
55553,IS1b399af75f5cebcc2e343,-1,-1
55554,IS1183a3207da324231cea8,-1,-1
55555,IS1ddfe996db7508cf00534,-1,-1
55556,IS15ea18c7be1ff1de9d642,-1,-1
55557,IS1521cf1c23fa1bb8a5921,-1,-1
55558,IS140cce379d5e146fb7f48,-1,-1
55559,IS1ba98e7f12c1f42f065c7,-1,-1
55560,IS11872c6fd2c65150eef1c,-1,-1
55561,IS19e559127aa8359a86573,-1,-1
55562,rA3w1P47lZ,-1,-1
55563,KeLzCeE,-1,-1
55564,IS1230e08904ed4ed21ba24,-1,-1
55565,IS1320b251036326208644d,-1,-1
55566,SilverMike,-1,-1
55567,IS1f9509ce5f285f5666a99,-1,-1
55568,IS148014b7e29c38637bb99,-1,-1
55569,IS108da63c6be19296bfb44,-1,-1
55570,That Guy Bob,-1,-1
55571,LeJames,-1,-1
55572,6aU8HaHVxM,-1,-1
55573,HiloBoyS,-1,-1
55574,IS1f511eadbe2900e7ef7ff,-1,-1
55575,Monofonico,-1,-1
55576,IS1cbf436a0aaca60751d73,-1,-1
55577,IS191e017bc08fa80ae90e9,-1,-1
55578,IS1c135d37e6438b46c1423,-1,-1
55579,IS1c134f81ef7074983b7cb,-1,-1
55580,IS18502e67c70c9ddc17dc5,-1,-1
55581,IS1422842a4ec284aefefc9,-1,-1
55582,IS1449970c307bd958b128b,-1,-1
55583,IS13be9502c28c1f7dcdb1e,-1,-1
55584,IS143ccfe1e0317d7cdaef7,-1,-1
55585,IS14416852945f11bd797d8,-1,-1
55586,IS11a6a83fa86ad9e823652,-1,-1
55587,creamsodaSE,-1,-1
55588,CptJango,-1,-1
55589,IS14ab51d2a15be359fe0f3,-1,-1
55590,sblade,-1,-1
55591,IS1bcf2049b7016f6e56c9f,-1,-1
55592,IS1bd402c0fbeddf4bd77ba,-1,-1
55593,SimplyTrolled,-1,-1
55594,IS1e4fa90a836c2005c4247,-1,-1
55595,IS13381728c7fffd8857fde,-1,-1
55596,IS1b04cec9053f0dc83c777,-1,-1
55597,CaChow,-1,-1
55598,IS18ff71d2ed4e51a13d3f4,-1,-1
55599,IS1563929a45066cda7b44a,-1,-1
55600,keletseng,-1,-1
55601,ZeroShock,-1,-1
55602,IS186cc439a60cac1e619c9,-1,-1
55603,RaZLeN,-1,-1
55604,IS16fe51ea79003522c0793,-1,-1
55605,IS12a4c465e1a043aaa0a10,-1,-1
55606,Wotsnik,-1,-1
55607,IS18b91dc2a11a56db0b9dd,-1,-1
55608,IS16bff7ad1ab4fabd10d19,-1,-1
55609,Maakosu,-1,-1
55610,Osseous,-1,-1
55611,IS1b8b47f5050c3cb5c4302,-1,-1
55612,IS176d8d15666b62e6fdb32,-1,-1
55613,Baysie,-1,-1
55614,IS149f10d2b017d5320f74d,-1,-1
55615,IS1841b8ec327042efd2b60,-1,-1
55616,IS1f12c76aa3c6f96315290,-1,-1
55617,IS15db8d0fc38ed9df222cd,-1,-1
55618,IS1f74032b3897815e8f9fc,-1,-1
55619,dgLh8ekqYp,-1,-1
55620,Trollfar,-1,-1
55621,Maxi Death,-1,-1
55622,Grelt,-1,-1
55623,IS190f71cb142729b47dcb5,-1,-1
55624,IS173736c7f496ce18b4c34,-1,-1
55625,IS1ac5d391d3cba9dd26650,-1,-1
55626,White Rock,-1,-1
55627,IS16dc111f33043713c529c,-1,-1
55628,uMe6GPn4Ci,-1,-1
55629,vAeZ7bjxEM,-1,-1
55630,IS1e8d2d79073ec86675493,-1,-1
55631,Dogguman,-1,-1
55632,Speakniew,-1,-1
55633,IS11beef26f1b77447b7206,-1,-1
55634,IS1bc324e13fa9e0df7e4b5,-1,-1
55635,uPEj6wdcDm,-1,-1
55636,IS1bbf6dfa497976d04dce9,-1,-1
55637,AngelsOrDevils,-1,-1
55638,IS1b60e104966c325ba9cbf,-1,-1
55639,IS14c4761ebfa9f6fc7d89f,-1,-1
55640,IS1fcf05ed8be1d738bd405,-1,-1
55641,Shakau,-1,-1
55642,Koppi,-1,-1
55643,ihaDhskZ30,-1,-1
55644,IS10f15ba4a034d491330c7,-1,-1
55645,IS1d89d7d3dcaa59609b3d6,-1,-1
55646,IS1367ea82bc7c5e9f25abd,-1,-1
55647,IS1aa0def88955d197203c6,-1,-1
55648,IS17f1977b0cc55b4dc8866,-1,-1
55649,TheFailBus,-1,-1
55650,cheeseNcrak,-1,-1
55651,Quintuplelift,-1,-1
55652,IS1d3b3b2cde15b72d021de,-1,-1
55653,IS15d4ec0e2539a769273da,-1,-1
55654,IS181171d66f4b15611d578,-1,-1
55655,Fronkenstorm,-1,-1
55656,1800MUDKIPS,-1,-1
55657,IS14aa0bbb501f43c5bd910,-1,-1
55658,IS12fab88dfe452f8646874,-1,-1
55659,IS1b6381ed86c119452dad1,-1,-1
55660,IS1dd12d309983c53a248a8,-1,-1
55661,Aftrusoon,-1,-1
55662,Whitelegs,-1,-1
55663,IS151600744303ec829069e,-1,-1
55664,IS165ccf3e5872dedd20a0b,-1,-1
55665,IS193aa7a0c32861c1108a5,-1,-1
55666,IS124c8dc892e2e48b462f9,-1,-1
55667,IS1fa50d6af86d21dc35b64,-1,-1
55668,Makures,-1,-1
55669,IS1ec6f1a5727c2e59c4913,-1,-1
55670,socnrob,-1,-1
55671,Minikbsa,-1,-1
55672,IS1c708559781d06364bda8,-1,-1
55673,Cyril Rvyleisev,-1,-1
55674,Twoopi,-1,-1
55675,IS11ae8ccbbdcd9bba766fd,-1,-1
55676,NowWeTryItMyWay,-1,-1
55677,IS158a15618d6fd0df0d42d,-1,-1
55678,IS13e4150ce1179a6cfec1f,-1,-1
55679,IS1dc6b39283028047f0122,-1,-1
55680,IS1ce1e24fd358710cc1615,-1,-1
55681,Halfhand,-1,-1
55682,IS182d9ea0edcf7da8a6b23,-1,-1
55683,nreyes94,-1,-1
55684,IS15316f20d377cb38f113c,-1,-1
55685,IS1d497dc590130fc3c67ff,-1,-1
55686,IS193c72600a2d92593f9cc,-1,-1
55687,IS15ec6690dfb4ea3e5e652,-1,-1
55688,kenshiro68,-1,-1
55689,Omicrony,-1,-1
55690,IS1fc4e7bdb0237caeb1d33,-1,-1
55691,IS167c3458ade072a22e437,-1,-1
55692,cut me own throa,-1,-1
55693,ipewpewjoo,-1,-1
55694,IS154035a1bd70748e31668,-1,-1
55695,IS18707db7cde39897a9bb8,-1,-1
55696,IS1675f90a53fd5b2740a32,-1,-1
55697,IS1b1ae9e64d3df6f56d8e2,-1,-1
55698,IS12437c45ac3d1a9e25447,-1,-1
55699,IS13cb966ede639ddfd1e44,-1,-1
55700,IS1ce8419764f71ac4ba499,-1,-1
55701,IS1c3fff9d32c618ccb78ad,-1,-1
55702,IS18757ded1e8aafd91c83f,-1,-1
55703,Eltagg,-1,-1
55704,IS1e39e5c4be2bb31717e32,-1,-1
55705,IS1bea0902de10850c33383,-1,-1
55706,Modmaster,-1,-1
55707,soulshaman,-1,-1
55708,Kr1m,-1,-1
55709,IS115a6f06d36be4b81dd3b,-1,-1
55710,IS1c8cc8e70078a2597137a,-1,-1
55711,IS107bc26095f03c15b03b8,-1,-1
55712,Rawrbombz,-1,-1
55713,IS10f6297789cee847d074c,-1,-1
55714,Khostri,-1,-1
55715,Doctahbones,-1,-1
55716,Morvok,-1,-1
55717,EZjGFom7Vp,-1,-1
55718,Dab Dingo,-1,-1
55719,IS16be4b189176227ae3781,-1,-1
55720,IS16bd395e2ee8af209d261,-1,-1
55721,IS1ad479bb64fdfbba59e2f,-1,-1
55722,Lassitude,-1,-1
55723,hi im Taolu,-1,-1
55724,IS165c51893e253260b9b2a,-1,-1
55725,Redvirus,-1,-1
55726,Kiljaro,-1,-1
55727,IS1c9fb45e5a26c4ae7d326,-1,-1
55728,IS12500cf3734645eecdc7b,-1,-1
55729,tankthefrank,-1,-1
55730,IS1cf47fcffdd896a1b5d8b,-1,-1
55731,IS158c254700c1d65efb707,-1,-1
55732,Hdym3gdW5E,-1,-1
55733,IS1466365d05863a7b90a93,-1,-1
55734,IS1edd8bd7dc67e282b4fff,-1,-1
55735,B3ary,-1,-1
55736,Nats1rk,-1,-1
55737,Markstertk,-1,-1
55738,Kimftw,-1,-1
55739,IS1486f624b163dec4533cc,-1,-1
55740,FroschN,-1,-1
55741,IS1a1d2d4cedaf50ce5b4b8,-1,-1
55742,IS1359e7069944a3c3395d7,-1,-1
55743,Finas,-1,-1
55744,Drobble,-1,-1
55745,IS1bc030b5f01c2176f37f2,-1,-1
55746,IS19600096071a266abc66b,-1,-1
55747,IS1e58f5e6dab146488b38d,-1,-1
55748,IS11111decf0677338730b8,-1,-1
55749,IS1c49c9801a48d6bcf43fc,-1,-1
55750,GoguDeLaGaze,-1,-1
55751,Drachka,-1,-1
55752,IS1857b1302ded729c2a100,-1,-1
55753,IS14da24831bc40292c7523,-1,-1
55754,IS1ad270c8e5a661f919287,-1,-1
55755,IS1460269f4b5c96b4ffbfa,-1,-1
55756,IS196446c543eac9f8d301e,-1,-1
55757,Shifday,-1,-1
55758,EyTaKGq2Qm,-1,-1
55759,IS151122736e24dfb96425b,-1,-1
55760,IS1b7cb67cb4d816cf79c58,-1,-1
55761,IS16ec93b595aa4cfb344d8,-1,-1
55762,IS1f1389375ecf680d1fb98,-1,-1
55763,IS13c8cb10f9b8769072f9c,-1,-1
55764,Firomis Caine,-1,-1
55765,IS1d41b46539c60f80401eb,-1,-1
55766,IS1f313f1e732d95e826c4e,-1,-1
55767,IS161bfc46a79304cd9569c,-1,-1
55768,IS14ffee7bc553b5922fdc1,-1,-1
55769,IS1be2adbc81ab0ff9351a2,-1,-1
55770,TimeScar,-1,-1
55771,3S0UPDQWN6,-1,-1
55772,JaiMecardo,-1,-1
55773,Eclectic,-1,-1
55774,BrewskiDaFixer,-1,-1
55775,IS100b835a940e0f2f91ca0,-1,-1
55776,IS10185f80fc4ba15268e80,-1,-1
55777,TiRoN X,-1,-1
55778,IS11682d267b1922903af67,-1,-1
55779,IS1291445f1bc97cd15d23e,-1,-1
55780,IS1e29abd92a91f367bd4cd,-1,-1
55781,IS1c01ba25f95d0c64cf887,-1,-1
55782,IS17ed14264bdd50d8da0b1,-1,-1
55783,IS1be3a5ba8775a753c5f11,-1,-1
55784,onyx50,-1,-1
55785,IS17bd74e8c518dd5d015b1,-1,-1
55786,IS140311c346eb47090beed,-1,-1
55787,IS12e049bc10861f28c4bb3,-1,-1
55788,IS1d1e6efcf6851dec3cf85,-1,-1
55789,YmFkrvkfuQ,-1,-1
55790,IS1bcb1bbfaec7fb064f24b,-1,-1
55791,ZvjtDuprfi,-1,-1
55792,IS198a07372a5306332bdd2,-1,-1
55793,IS186b68d6742d282dffe55,-1,-1
55794,Z2 Druidegrey,-1,-1
55795,IS1cfd399f563dd3aa0184f,-1,-1
55796,IS131c04ce746e031954579,-1,-1
55797,IS102577ee7d839ac413134,-1,-1
55798,IS15dc1a9773206f0460a54,-1,-1
55799,IS13b759c0633a9bde9bc26,-1,-1
55800,IS1c6eadd651bf0ba7d4d75,-1,-1
55801,BBQ Sandwich,-1,-1
55802,U73LKamiHE,-1,-1
55803,4iM1f0i3yS,-1,-1
55804,IS176e8217d93afed57662d,-1,-1
55805,wutto,-1,-1
55806,IS147b2b138e61a1e7e064f,-1,-1
55807,IS13bd90e256603b22d2581,-1,-1
55808,IS1f3a654ffe48b8c8f93f2,-1,-1
55809,ju1S5TNpjP,-1,-1
55810,IS119780dd338dd0c6f1f58,-1,-1
55811,Horstgeld,-1,-1
55812,IS146e21d8feb1eed9c9060,-1,-1
55813,IS1d991b800d5c69e16f33e,-1,-1
55814,IS124410f718cff368a6ff2,-1,-1
55815,ShogunSeijuroXIV,-1,-1
55816,IS1a31f1f9d338981463473,-1,-1
55817,d0n1,-1,-1
55818,IS1a14c3937afb4ee263e66,-1,-1
55819,Warlobster,-1,-1
55820,Baiyan,-1,-1
55821,IS1b1043a8b604fdc2fec77,-1,-1
55822,IS1faf372463f07b42feea3,-1,-1
55823,IS14a7e17877652cf99eec8,-1,-1
55824,IS1e325178b335b656c0374,-1,-1
55825,Ferratu,-1,-1
55826,Sordal,-1,-1
55827,Aviseras,-1,-1
55828,Wangdiddy,-1,-1
55829,IS12e41c7ba54441391d9ce,-1,-1
55830,IS1f582a9118ec56a879e56,-1,-1
55831,Valadon,-1,-1
55832,Kolllka,-1,-1
55833,Saithe,-1,-1
55834,IS1a48158f74e7eb2980cff,-1,-1
55835,Krig,-1,-1
55836,rcphq,-1,-1
55837,IoFqvTwPDT,-1,-1
55838,IS1248f3b35c7828749a639,-1,-1
55839,Leshrac The malicious,-1,-1
55840,Muffinjoe,-1,-1
55841,IS12a0c9a3c0a7181807bbb,-1,-1
55842,ve7XA5ElCg,-1,-1
55843,SonMiku,-1,-1
55844,Tengama,-1,-1
55845,IS11159d5b6f121a1e75b98,-1,-1
55846,IS162a5162b8d3f7042a96c,-1,-1
55847,Baldoom,-1,-1
55848,IS12716ddeb9b7b51323c6a,-1,-1
55849,Bigi,-1,-1
55850,glucose1016,-1,-1
55851,IS1462aca0b635fa12e3d7a,-1,-1
55852,IS10954bbe01c256b5f01cb,-1,-1
55853,IS10ddf7ebd0fe60e3a7636,-1,-1
55854,IS1b76889638b8fdd2af996,-1,-1
55855,IS10f1860161cef6b55b811,-1,-1
55856,IS17832aeeda60df436728e,-1,-1
55857,IS14a8a5d9bc8f6ac307093,-1,-1
55858,IS1d81d32eade4c5104d8a0,-1,-1
55859,IS11a1b82ef5f66774733d3,-1,-1
55860,TheMostAthletic,-1,-1
55861,IS18f11a1f91f5bf27dccd2,-1,-1
55862,IS1bdf0ac074f80b4c67181,-1,-1
55863,IS119e4c0e1bc61545b2c58,-1,-1
55864,IS15fabded65aae9bbae132,-1,-1
55865,IS14485473d174000294d75,-1,-1
55866,IS1623453ef42551467ce68,-1,-1
55867,IS102d750ed6a150bc732e0,-1,-1
55868,IS1d4fde2bbe97be83d92a7,-1,-1
55869,IS1c60e19c526241381b6d9,-1,-1
55870,Mestre Pinguas,-1,-1
55871,NicholasD777,-1,-1
55872,ZuFYWHkNAQ,-1,-1
55873,omnipus3,-1,-1
55874,IS16541e45f1ba8c31afe98,-1,-1
55875,IS1cf9258c5d53ccae88610,-1,-1
55876,IS1633cea4ba168e51bcfe2,-1,-1
55877,IS185085563c7d6e7eae501,-1,-1
55878,IS152138903481e84b14dda,-1,-1
55879,IS1359f9e42426587225057,-1,-1
55880,AceTrigger,-1,-1
55881,IS11f0c23a4fa6aa712b536,-1,-1
55882,IS1b068d72340ba64370418,-1,-1
55883,IS123e6daeecedd81eee0a8,-1,-1
55884,IS1655c2dbe9a7eac90c3d7,-1,-1
55885,IS198cbfac813448612a1c9,-1,-1
55886,Stenhuvud,-1,-1
55887,IS1342599d949001afa7b4a,-1,-1
55888,IS13126c1d1b05a3d2b0e33,-1,-1
55889,Dastardly Dude,-1,-1
55890,IS1aedd75b7b49aa7658af9,-1,-1
55891,IS11f1997dc902236a67da6,-1,-1
55892,Moizeus,-1,-1
55893,xlNt,-1,-1
55894,IS147e2ee014528e17cfba8,-1,-1
55895,IS19dd51d584db8e3b6ab3e,-1,-1
55896,IS1020813d0c7d9921276a5,-1,-1
55897,IS1afe0f4322d8e1a1df7b5,-1,-1
55898,IS10a1bf68d95463c5a964b,-1,-1
55899,Kromf,-1,-1
55900,OceanDrop110,-1,-1
55901,u7lXsDPIzi,-1,-1
55902,j6BRE1gijG,-1,-1
55903,IS1cd3004f8d43acb4f123d,-1,-1
55904,IS1a55194f63cc252a72c29,-1,-1
55905,Razgaros,-1,-1
55906,IS1a09d2d13c8f06a4c9dc1,-1,-1
55907,SmakDaBunny,-1,-1
55908,LswbRdy,-1,-1
55909,DooDooBaby,-1,-1
55910,IS1a8ed5ab2250eade9b61f,-1,-1
55911,IS1d942b02e3145a58686e5,-1,-1
55912,MitchB94,-1,-1
55913,IS1d88ed5acfc90a8ed0758,-1,-1
55914,barnell,-1,-1
55915,Techninja,-1,-1
55916,IS1b6954806e6dd7dca0772,-1,-1
55917,crazyjay,-1,-1
55918,IS106050233bebaa6a332b8,-1,-1
55919,Z2 Loyal,-1,-1
55920,IS16a92a66c0331922e223d,-1,-1
55921,josh94,-1,-1
55922,Mixzinho,-1,-1
55923,Sweeney Booster,-1,-1
55924,IS1cfbefd2c809a81d68228,-1,-1
55925,joxmox,-1,-1
55926,Roberek,-1,-1
55927,IS112237a11768414ffc831,-1,-1
55928,IS12f6f2018643065c759e9,-1,-1
55929,IS134ebc4cab96a5d85f4e1,-1,-1
55930,jaysheey05,-1,-1
55931,IS1957bf47270f8556b0d97,-1,-1
55932,IS1700d1366a2b01debe8c0,-1,-1
55933,Aren D,-1,-1
55934,IS12ef76260fd61ba2b8e5f,-1,-1
55935,IS197c5ccedef9a7854dcf4,-1,-1
55936,IS1246157812b57c88a47c1,-1,-1
55937,IS1701d67ee2aa3ace7a1f6,-1,-1
55938,playeM,-1,-1
55939,IS18771de8293a13e611b09,-1,-1
55940,PMojqmCO64,-1,-1
55941,IS10e852255f005cb4ae83a,-1,-1
55942,MrAmadeo,-1,-1
55943,IS172f90abf7e3005471efb,-1,-1
55944,IS1800ebcb18807d936ee46,-1,-1
55945,IS159fda45958e885874e07,-1,-1
55946,IS15578c9c75d58c19634f9,-1,-1
55947,IS17f405160bf304a7e357d,-1,-1
55948,IS110d4a2150ec0a144ba76,-1,-1
55949,Arkothis,-1,-1
55950,IS1ee5237758fbf01923d12,-1,-1
55951,IS15b8c79aff9163d969ab7,-1,-1
55952,IS1266d88bb99b81f9d6f38,-1,-1
55953,Dave o,-1,-1
55954,IS11f85efa1b4cfbc0aa2c3,-1,-1
55955,IS13f831551c85f47ed3782,-1,-1
55956,silva367,-1,-1
55957,SomeoneRandom,-1,-1
55958,IS1b7f0e4dd8e68f7119b5c,-1,-1
55959,IS1b78adbd319f24bc6e1e2,-1,-1
55960,IS135add0f3b4a4162118a7,-1,-1
55961,XmasHamm,-1,-1
55962,IS13934b3abed4fde7f7788,-1,-1
55963,IS113793956893be07e664c,-1,-1
55964,DarkMeatwad,-1,-1
55965,IS1b1558f6848d247be8c91,-1,-1
55966,IS13d777f121d2775d1ebf3,-1,-1
55967,IS198f5658571ff652ca32f,-1,-1
55968,Barwick,-1,-1
55969,madman69,-1,-1
55970,Merikov,-1,-1
55971,IS13d74186a9c56cc128b8e,-1,-1
55972,White Fury,-1,-1
55973,IS1386c1879951be6b9b0e5,-1,-1
55974,IS1d6f86050a78bd20e2b81,-1,-1
55975,Sarpeadon,-1,-1
55976,IS1e0372c32f77cd33fc89f,-1,-1
55977,Nullmonster,-1,-1
55978,IS1eb0197aeedd9a6fbc1a4,-1,-1
55979,Gigglybutt,-1,-1
55980,IS19cf2938699653cd93f48,-1,-1
55981,IS140867df283c7a6532df5,-1,-1
55982,IS1573d4bddaac8645fb730,-1,-1
55983,IS1196fb1394ea142533248,-1,-1
55984,89465,-1,-1
55985,Goof Like,-1,-1
55986,IS144b60027bce772794a09,-1,-1
55987,BrashRansom,-1,-1
55988,3ZAAuoVd3q,-1,-1
55989,Veckpreb,-1,-1
55990,IS1b9a4432203c827685507,-1,-1
55991,diachroniko,-1,-1
55992,IS1c9bc46be3a4f547dae86,-1,-1
55993,IS11b2053aa782dfa0dd31b,-1,-1
55994,IS1835afa237716f6701c95,-1,-1
55995,IS1bc3ec75b4bce1343c7b0,-1,-1
55996,mjYi5oHnf6,-1,-1
55997,Lord of the CamelToe,-1,-1
55998,drtgdrgy,-1,-1
55999,IS11a59a90dd758769f4bb3,-1,-1
