9000,TaylorBalbi,-1,-1
9001,IS165423e12eb8cb6237b46,-1,-1
9002,IS1138b3f54f0e18975a30c,-1,-1
9003,IS1236b471a47a88d63513d,-1,-1
9004,IS1fa8b076fc020574a73b2,-1,-1
9005,Kirnan,-1,-1
9006,Floofys,-1,-1
9007,Grystor,-1,-1
9008,jwit,-1,-1
9009,infinitex,-1,-1
9010,Dannyio,-1,-1
9011,IS12ecd90aeb3434f3510b7,-1,-1
9012,IS11bfe8b3dcfec37d0ea72,-1,-1
9013,IS118f6d5f33dfbcbaee1a2,-1,-1
9014,IS1c72a60a25314cbaece80,-1,-1
9015,Chromax,-1,-1
9016,IS1efbc6ec2779c9b84a9bd,-1,-1
9017,BuzzAlderaanJr,-1,-1
9018,jumperammus,-1,-1
9019,IS1e6e52f17bb831bc4ac1e,-1,-1
9020,IS16ba2f0cd6c7e4f52b9b6,-1,-1
9021,IS1eb61a7b71e1cd7a913e4,-1,-1
9022,StansterWang,-1,-1
9023,IS1c170c412c74273778159,-1,-1
9024,IS1a1be5aa7849f32ffff05,-1,-1
9025,KLaUThiO,-1,-1
9026,IS1f26461d25cf448047f04,-1,-1
9027,IS1c1a0bb95c80fab33a893,-1,-1
9028,IS192143a04671ac93bfd00,-1,-1
9029,IS1abeb81fd590f371d39bd,-1,-1
9030,GpHw5HVyFR,-1,-1
9031,3OR9,-1,-1
9032,IS1d51d982bae4dfd341f0a,-1,-1
9033,King Of The Crop,-1,-1
9034,IS1fdcc83f484c6749df719,-1,-1
9035,Sleeping Knight,-1,-1
9036,ygQenJBACD,-1,-1
9037,phynexis,-1,-1
9038,IS1fa01d4aed1e552d3a6fb,-1,-1
9039,asdrawesdfh,-1,-1
9040,wFjnEf4p1j,-1,-1
9041,IS18fe1c552221f690d8da4,-1,-1
9042,IS1d889bd773c2eabe70679,-1,-1
9043,kfBDWpoim1,-1,-1
9044,kjeksie,-1,-1
9045,IS169833e55b3f05185dcb9,-1,-1
9046,IS1555c76650f52bb0d2810,-1,-1
9047,IS14baa0907563bccdf1492,-1,-1
9048,IS1ed53938542b809320dd2,-1,-1
9049,7Kyj1DBXFK,-1,-1
9050,IS1c3576d8abc9a2ff0b6ad,-1,-1
9051,eetmorsqrls,-1,-1
9052,EGM92,-1,-1
9053,IS1814a77a491171cca236d,-1,-1
9054,IS1101c41b7f0a11ce93c57,-1,-1
9055,Mirb,-1,-1
9056,IS1fa2af10e3463da26b784,-1,-1
9057,IS1e684e2a2bf90d4e50c82,-1,-1
9058,Hellool,-1,-1
9059,IS1d46adf110cf871e3ed35,-1,-1
9060,IS10da82c15dca2f86a1385,-1,-1
9061,IS1e7ea3593eb5ebf20c744,-1,-1
9062,IS132ccf20f9fda2492b6fd,-1,-1
9063,Jiggabry,-1,-1
9064,IS12c934766182313b6775d,-1,-1
9065,Kifuat,-1,-1
9066,IS1428f7ea4ed3b07a84096,-1,-1
9067,IS117ac39d1de6b4f854c4f,-1,-1
9068,IS17b5c88f69f1bcfda1e08,-1,-1
9069,IS1860850adf59f145e6b40,-1,-1
9070,IS1610d660caf5536fea0b2,-1,-1
9071,Ashramkun,-1,-1
9072,IS1c279cf1e80a790df1885,-1,-1
9073,FlameSword1993,-1,-1
9074,s78B6SK5UJ,-1,-1
9075,fireflys545,-1,-1
9076,Woody5600,-1,-1
9077,IS10f62738c8a908d3eb0f7,-1,-1
9078,iR2KhNTpuW,-1,-1
9079,IS1880ded50f92ed067c95e,-1,-1
9080,IS1c1f5f283ec56fbf1abb7,-1,-1
9081,DatTony,-1,-1
9082,IS1f2b629ebed05b585423a,-1,-1
9083,Shooterr,-1,-1
9084,IS1a1f837bf47004a49ce45,-1,-1
9085,Absolute Suck,-1,-1
9086,Osterreicher,-1,-1
9087,VladHeartsAmalia,-1,-1
9088,IS16955b72610cda97bc45b,-1,-1
9089,The Mad Cow 13,-1,-1
9090,IS1ab74b9d6d2cc411c2f3c,-1,-1
9091,JhHfa5ohnA,-1,-1
9092,Chronos,-1,-1
9093,rFwEOlJOX5,-1,-1
9094,Netgear,-1,-1
9095,IS1e171bc690aa9101496b6,-1,-1
9096,IS178aa8bc932e9abece9c0,-1,-1
9097,IS11f83be31ce4c3495ec41,-1,-1
9098,Tsuuki,-1,-1
9099,Zeitash,-1,-1
9100,IS1335d7f506edb5d66af16,-1,-1
9101,IS115685f379075f00a5ccd,-1,-1
9102,DaveyJones,-1,-1
9103,IS155e3913f1a3e82bb2f2d,-1,-1
9104,IS15a2a85a8f8e3388080d2,-1,-1
9105,IS15f8cd32397ca9bc51b94,-1,-1
9106,Piromano,-1,-1
9107,IS17b28dc405b992f8cddcd,-1,-1
9108,Milabrega,-1,-1
9109,1J7B0IfD2o,-1,-1
9110,cbsvmcpmsvmmsss,-1,-1
9111,Caerra,-1,-1
9112,IS19b19bb63c027d8efc2f1,-1,-1
9113,Decembears69,-1,-1
9114,Roka,-1,-1
9115,IS1335085a48ee8ac9a4b0e,-1,-1
9116,Ironshroom,-1,-1
9117,IS1bcb0e3e70a3827221e7c,-1,-1
9118,IS1831a647202397c61d73c,-1,-1
9119,IS1522c475ac8fc0811bb0f,-1,-1
9120,IS10c96e2762b5e2003cef7,-1,-1
9121,IS170a912c27d56c27b3211,-1,-1
9122,IS1f2496628626367d39280,-1,-1
9123,IS1392dd7964f94dbd0562a,-1,-1
9124,Moister Infants,-1,-1
9125,empy,-1,-1
9126,vesp,-1,-1
9127,IS1619b258c1dc71bc965c9,-1,-1
9128,IS1090f80881b44180afb00,-1,-1
9129,IS14fc61bb0b1bcba6e6d4d,-1,-1
9130,gqong,-1,-1
9131,Kr8je3SbT5,-1,-1
9132,IS1412ab14f0332b8aee119,-1,-1
9133,Rapps,-1,-1
9134,ravenfly,-1,-1
9135,IST1mKrhUh,-1,-1
9136,IS11830acc36b1f5fd6c91e,-1,-1
9137,ZarthMaster,-1,-1
9138,Intently,-1,-1
9139,Game Ogre,-1,-1
9140,Deleos,-1,-1
9141,Dragunzro,-1,-1
9142,Klydefrog,-1,-1
9143,IS19403d7329560afecff1d,-1,-1
9144,IS16b25b86cc9c1a77255b1,-1,-1
9145,IS17c14fcbe768327022889,-1,-1
9146,kafei,-1,-1
9147,IS15c7c9d726d9efb3642f2,-1,-1
9148,IS1dd7e457509423a7f3734,-1,-1
9149,LosersauRus,-1,-1
9150,IS1b0cd2e50c352a8a8a49e,-1,-1
9151,poed,-1,-1
9152,tminuszer0,-1,-1
9153,IS1d85c0b3693ce5d700771,-1,-1
9154,IS1ad26af32d6249919ecb8,-1,-1
9155,Bebb Wbrsebwbrth,-1,-1
9156,IS110b2551c3bf6965c0853,-1,-1
9157,IS17dff83fc607c5044b2b9,-1,-1
9158,IS111b0b58c60ed59b1e308,-1,-1
9159,IS1080be674f159197a514a,-1,-1
9160,IS1ed3b5d61e6591a2a2fd3,-1,-1
9161,Kudelka17,-1,-1
9162,vazzor,-1,-1
9163,Casmuss,-1,-1
9164,IS1781753d9301fea11d51c,-1,-1
9165,IS1033809ffa7165c3040f9,-1,-1
9166,IS14be5f7907b98a20fc225,-1,-1
9167,IS114d6681a00f78f95506e,-1,-1
9168,agrezzive,-1,-1
9169,Pkush,-1,-1
9170,fxsyoda,-1,-1
9171,IS1664055f36b11fe0cad61,-1,-1
9172,IS1ada096724afc802bbf7e,-1,-1
9173,IS14fa8c07ac5a8f3edc5cd,-1,-1
9174,nOkead0R,-1,-1
9175,IS1e7bc92d64815915918cd,-1,-1
9176,IS1ed2fd377c50abdedf9f1,-1,-1
9177,IS186fb61ab634a2717ed37,-1,-1
9178,Sakura PaN,-1,-1
9179,Sunran,-1,-1
9180,IS1343091093a2a7f8ee381,-1,-1
9181,AgentAustin,-1,-1
9182,HappyNihil,-1,-1
9183,Zombie Dobby,-1,-1
9184,Dobogin,-1,-1
9185,Karby,-1,-1
9186,Z2 Schnitz,-1,-1
9187,IS12e78372b724471434ec9,-1,-1
9188,NicodemX,-1,-1
9189,The Myrddraal480,-1,-1
9190,Esbernito,-1,-1
9191,BsschCrycgsl,-1,-1
9192,IS1499ad1fca944e6f5c836,-1,-1
9193,DizZT,-1,-1
9194,Buiden,-1,-1
9195,mauki,-1,-1
9196,IS12a16395a57e97232bb6f,-1,-1
9197,CrazeeIvan,-1,-1
9198,IS120b1cf5a569b4be525e8,-1,-1
9199,IS1c40163fed3c45a959a7c,-1,-1
9200,IS1f1484640c9d2e458a429,-1,-1
9201,IS133b6dd9180a59034698d,-1,-1
9202,IS1b71f97a15ad3ae830a06,-1,-1
9203,Jacomus,-1,-1
9204,Inuki Neoki,-1,-1
9205,murder     cake,-1,-1
9206,Asbeelfx,-1,-1
9207,Gibberish,-1,-1
9208,IS1d783730c00430d839765,-1,-1
9209,wxSTzN9VnA,-1,-1
9210,IS14967418bfb8ac142f64a,-1,-1
9211,IS1fbc8305184d53e5dcd99,-1,-1
9212,IS10c3f60b6907d3812bb9e,-1,-1
9213,tempname26548,-1,-1
9214,AnimesauRus,-1,-1
9215,IS1bb1e54c05222f186dcfb,-1,-1
9216,IS10745d3da1ccda2f99bff,-1,-1
9217,Raethen,-1,-1
9218,BETA ICON SWAG,-1,-1
9219,Anokai,-1,-1
9220,IS1c971c8b2bf8efb416a0a,-1,-1
9221,IS194757d84677cd9fb7395,-1,-1
9222,IS1ebdedc7935e3ffd46efa,-1,-1
9223,IS1d8f6f8242f67695b215f,-1,-1
9224,charms,-1,-1
9225,IS163eb34145965d64d0cfb,-1,-1
9226,IS167027b7edd17b6aaa0e9,-1,-1
9227,Galvayra,-1,-1
9228,IS19838f208dd2b25315195,-1,-1
9229,IS1fc529b30d600113dae63,-1,-1
9230,IS14d0f14f8f395a09941c2,-1,-1
9231,Acheron,-1,-1
9232,IS1ed52912358502a37a010,-1,-1
9233,IS1349c0599bd39a654c534,-1,-1
9234,Eradik,-1,-1
9235,IS1ae491f66a1c558df795f,-1,-1
9236,IS15a711b0927e2408d4b34,-1,-1
9237,IS15c9a29756027ff8cb37a,-1,-1
9238,IS1341360765f6d29b5814e,-1,-1
9239,Draskyl,-1,-1
9240,IS142a277478a90aa4cae21,-1,-1
9241,IS1f4577f6935084e733fd2,-1,-1
9242,IS159cecb453623c1c2a196,-1,-1
9243,Strangeteeth,-1,-1
9244,THELORDSCRUB2,-1,-1
9245,lnod,-1,-1
9246,IS1b60aea1b2356c013bc0f,-1,-1
9247,IS17045675cf3c09dc71d6e,-1,-1
9248,bEc3LqKNR8,-1,-1
9249,IS1d9f1148f3b1e59090473,-1,-1
9250,IS19361a5053a41d7d38576,-1,-1
9251,IS12936dfad516c23904e3e,-1,-1
9252,Xochi,-1,-1
9253,IS18d519710b1691121f8cb,-1,-1
9254,lurj,-1,-1
9255,Kuatichan,-1,-1
9256,IS1653ba0ce48474cbe03a6,-1,-1
9257,GlockstacheT,-1,-1
9258,IS1b5eafdc3cce2f5ac97d5,-1,-1
9259,Byakkun,-1,-1
9260,BossSoss,-1,-1
9261,autarch,-1,-1
9262,RootMeanStallman,-1,-1
9263,knoid,-1,-1
9264,kimchiman52,-1,-1
9265,IS113777f254f9eae319874,-1,-1
9266,Wisewind,-1,-1
9267,IS1fbe02079aa014f3d6387,-1,-1
9268,Phishman631,-1,-1
9269,IS1b80c6b11873d9fa38e20,-1,-1
9270,Snorlax,-1,-1
9271,firethorn245,-1,-1
9272,Blasterbom,-1,-1
9273,IS1d8852b624ca93a960bcc,-1,-1
9274,Synral,-1,-1
9275,IS110a96155a780553d5513,-1,-1
9276,Dostil,-1,-1
9277,IS16705ac341eb17690d55c,-1,-1
9278,Shiztastic,-1,-1
9279,IS1feca4252b4d078352c4d,-1,-1
9280,Boxhead,-1,-1
9281,IS17d8f7817ae532f0dd828,-1,-1
9282,IS19c91d8debbd72cce2a22,-1,-1
9283,IS1b44eead07282cad093f8,-1,-1
9284,IS14da9f771cd03eb0cb6d4,-1,-1
9285,IS16a6b092eb13ee72bce95,-1,-1
9286,RoyalClash,-1,-1
9287,IS1fae3ae8c8be791ceeb74,-1,-1
9288,IS19ac9b2ae91a8b47927ba,-1,-1
9289,IS14e175a194492bde9148f,-1,-1
9290,layschips,-1,-1
9291,IS1b09cbc320d7c95a50ee7,-1,-1
9292,Crystal Wells,-1,-1
9293,Charzard,-1,-1
9294,Nj3Fate,-1,-1
9295,Archer,-1,-1
9296,IS1fbba2303ff5a22e8c75e,-1,-1
9297,cf4gt5bW0s,-1,-1
9298,Nibi,-1,-1
9299,IS1c38d76aa6dbae35ed59d,-1,-1
9300,Archaonn,-1,-1
9301,IS1fd6558aa44b1de658140,-1,-1
9302,h46,-1,-1
9303,kz21ZRuaW4,-1,-1
9304,LilDoom,-1,-1
9305,Kadaan,-1,-1
9306,IS1462762ff5dd2bec1b20f,-1,-1
9307,Karkamus,-1,-1
9308,zakeecl,-1,-1
9309,ToyJazzer,-1,-1
9310,IS15bd7cea60fcbb5960309,-1,-1
9311,IS145e0cd7ecb176b5a046d,-1,-1
9312,IS1090bd31d0b1740eb5b1b,-1,-1
9313,PsA EtheR,-1,-1
9314,IS1e59e6db6c862adfe25a4,-1,-1
9315,IS1b3b3fd24908c6bdb1c17,-1,-1
9316,IS19f5187fbfa8aa2ba1a5e,-1,-1
9317,Delrossy,-1,-1
9318,Kinklo,-1,-1
9319,IS1328a948b1c7afa01cea3,-1,-1
9320,p2wQRlhTii,-1,-1
9321,matiX,-1,-1
9322,IS1d1f27f7c5f75efc4ffb9,-1,-1
9323,e9AyRls0Sb,-1,-1
9324,IS194a67e0660a5557deb0a,-1,-1
9325,Lisergishnu,-1,-1
9326,IS148ad3a87f3ee17919755,-1,-1
9327,IS1d2fb4c9c3b6a5c6e31e3,-1,-1
9328,IS19e05da8374059cc82728,-1,-1
9329,IS127fbbb664f932112246d,-1,-1
9330,livingdeadman,-1,-1
9331,IS12711b0a71ecb44581d9d,-1,-1
9332,IS1c09c037e3ee7b40f5309,-1,-1
9333,IS1a351983d6b3b4c1816ea,-1,-1
9334,14646,-1,-1
9335,IS1df50249ebfd9c7cfff77,-1,-1
9336,FortuneCookie,-1,-1
9337,IS16dd586553d64c975a626,-1,-1
9338,IS18699224bb449509694cf,-1,-1
9339,Wr3ckedx,-1,-1
9340,Booradley,-1,-1
9341,IS1a53e52550571a8e92ad8,-1,-1
9342,IS1c9cd9286f19db46f2384,-1,-1
9343,gr3en,-1,-1
9344,IS14015e2a6abd47aa76b6f,-1,-1
9345,IS1a0e2aca778051d776f1c,-1,-1
9346,IS17ab194edadb895706bb0,-1,-1
9347,IS128a96c143a0b135041a4,-1,-1
9348,Shikuya,-1,-1
9349,lU9xOnF9T0,-1,-1
9350,IS10a1287274ecf02dccb5f,-1,-1
9351,Minor Role,-1,-1
9352,IS1332c93af8ab63bda4f63,-1,-1
9353,IS156060778cf794125afc4,-1,-1
9354,colt42,-1,-1
9355,Eternal,-1,-1
9356,IS12dc749b97afc9517a4f4,-1,-1
9357,IS1af1c4b1eb03cc8e31623,-1,-1
9358,IS1630e2bcca98b3e29c8f2,-1,-1
9359,IS19f05483378c397db1cb5,-1,-1
9360,IS15320a10729d3aaf1343b,-1,-1
9361,IS1afbf242e30433e83aa56,-1,-1
9362,JarL,-1,-1
9363,Dashiz,-1,-1
9364,IS1bf915e1a3a9d96c3c97e,-1,-1
9365,iDarke,-1,-1
9366,Shievan,-1,-1
9367,Kid Heart,-1,-1
9368,Tryck,-1,-1
9369,Chilly,-1,-1
9370,IS162b47ee02e168ae3273b,-1,-1
9371,Katalyst,-1,-1
9372,IS1fd6ebad617bcda8365a6,-1,-1
9373,Razyni,-1,-1
9374,IS12a25cb00ebcbabc017ae,-1,-1
9375,aeXLBn9Rk9,-1,-1
9376,IS10c7e50bdcd422bee5576,-1,-1
9377,shaynuff,-1,-1
9378,IS11d3bd5b6f91ddb1f61b9,-1,-1
9379,Deidara,-1,-1
9380,carsontl,-1,-1
9381,IS1b20c8bed85a5923c669f,-1,-1
9382,Tyrinistin,-1,-1
9383,Elagor,-1,-1
9384,IS169b1d21dfd4fa9dbf9ef,-1,-1
9385,IS15e2be4edde557fd83712,-1,-1
9386,IS18761c5d588dee78dc65f,-1,-1
9387,pump,-1,-1
9388,Triz,-1,-1
9389,overnothing,-1,-1
9390,IS148b8cada6d60c0cfd93b,-1,-1
9391,IS1165a8676d1650d8ff828,-1,-1
9392,IS1b95466a9de7aaa34de09,-1,-1
9393,atomhead,-1,-1
9394,DOUBLEZER00,-1,-1
9395,IS1593a190e8e9c8d7ece84,-1,-1
9396,FreshWes,-1,-1
9397,Steeb The Great,-1,-1
9398,Steivan,-1,-1
9399,Dm4T0m77qa,-1,-1
9400,IS13906cd3626397cd247a7,-1,-1
9401,aQ863bXEPD,-1,-1
9402,ZZANG KOREA,-1,-1
9403,Butt Butt,-1,-1
9404,IS1705fb06f4f9f1b55b55c,-1,-1
9405,IS16d6816093e38d989b9ca,-1,-1
9406,HotshotprodiGG,-1,-1
9407,malakai,-1,-1
9408,IS1460675006ad964948efa,-1,-1
9409,IS1772d8795acf27fabed2f,-1,-1
9410,Odinz,-1,-1
9411,IS1b8736e9f53c0c5889527,-1,-1
9412,IS1c67958f9acbdc0288154,-1,-1
9413,patriarch,-1,-1
9414,IS1d5a35aeb3a76402e49a3,-1,-1
9415,IS14d9e1e17499a9d815a71,-1,-1
9416,exinferno103,-1,-1
9417,IS13859b1f8da8f149dd0ca,-1,-1
9418,Blizniak,-1,-1
9419,IS1a80e0abec999e9ac6d17,-1,-1
9420,DiscardedNuke,-1,-1
9421,IS1b6f30fa378e92edbb490,-1,-1
9422,IS1da1039aa9b194ba12104,-1,-1
9423,breemaaRoxaaae,-1,-1
9424,IS1c5dc12beccceae3cd839,-1,-1
9425,IS199d93fa96dc49d0d8b3c,-1,-1
9426,IS19461572832e6582aac36,-1,-1
9427,IS14528343613213,-1,-1
9428,IS121112f3956fae2707df8,-1,-1
9429,Xeryao,-1,-1
9430,IS1d4fca2d52dcdbb3ccb4f,-1,-1
9431,Pardon de Pwn,-1,-1
9432,IS104753b0061e1be62e192,-1,-1
9433,IS1c0ab701ff78779306407,-1,-1
9434,IS1f9bf1bfa1e555fe213e2,-1,-1
9435,IS1f980528426fc810a6d7a,-1,-1
9436,IS18c36d154d902612982e2,-1,-1
9437,IS10f1defbd5e78bb67a742,-1,-1
9438,IS1ef35050ca72743ae6ca7,-1,-1
9439,IS1c1e577a0b778cb1ce568,-1,-1
9440,IS1e21f384685c07a1628d8,-1,-1
9441,IS152bacba5f5406ff033aa,-1,-1
9442,qzd9qN6ORX,-1,-1
9443,IS16fe9bc806679c4579e68,-1,-1
9444,Jinholic,-1,-1
9445,Krown,-1,-1
9446,s8ZQCBmbMz,-1,-1
9447,IS172855c766df5eefc9832,-1,-1
9448,punkinbear,-1,-1
9449,deadlyblonde,-1,-1
9450,IS182f8b0215d9d16d286fe,-1,-1
9451,desRow,-1,-1
9452,FiragAAAAAAAA,-1,-1
9453,Osyrus,-1,-1
9454,IS1cfa4be4cf70cfade8d1d,-1,-1
9455,IS1bc2fc3aa0b6d658a56e9,-1,-1
9456,IS134b12a3a2acffb77f37a,-1,-1
9457,IS1c9a8eaaedc7ae59de448,-1,-1
9458,IS1c77a924057626825f6a3,-1,-1
9459,IS17197fa1f3f34fa2b7f65,-1,-1
9460,Z3 Jas,-1,-1
9461,neocraft,-1,-1
9462,IS12e6de30ffdf5ada9ce2e,-1,-1
9463,IS1065ea1d0e5874ed80b00,-1,-1
9464,c0rnbread,-1,-1
9465,IS1f5f421cccbf8fb7ee376,-1,-1
9466,IS14bf78a4b7696dd007189,-1,-1
9467,IS115e3c1f09453b8d5bd92,-1,-1
9468,IS1234645dcf279691347f5,-1,-1
9469,IS1d2305e7c6d56a6c5689d,-1,-1
9470,IS1396a5c30d91320572d6d,-1,-1
9471,Raymund,-1,-1
9472,IS15bbfa351e55faac043fb,-1,-1
9473,IS14d9e89ea88f53e6431a9,-1,-1
9474,IS1db8e440e5a788467c37f,-1,-1
9475,IS1c55f81fd5aa1ef876510,-1,-1
9476,pkAwcJB9MH,-1,-1
9477,ExzNo94OZw,-1,-1
9478,IS14cd95100beff3605d26e,-1,-1
9479,IS1cb55aa57a5f683c8e0c2,-1,-1
9480,IS1af87f9990faa8e3287f1,-1,-1
9481,IS1ef507e2f5d67614b4be8,-1,-1
9482,bokUMm3mmm,-1,-1
9483,chrono2000,-1,-1
9484,BrutalSage,-1,-1
9485,IS185eeb98d6e291756954a,-1,-1
9486,IS1e169488fe6c6f1ad3c97,-1,-1
9487,AtomTheSmasher,-1,-1
9488,IS122a892c8143cd6cb6222,-1,-1
9489,IS19dab4f43dada87ef0e23,-1,-1
9490,MatterEaterLad,-1,-1
9491,Vhantot,-1,-1
9492,IS169d101e8997d3065fbff,-1,-1
9493,IS1c88fb383ffcdcd377d67,-1,-1
9494,TeoR,-1,-1
9495,IS16a5b1fa6b05498a5e7be,-1,-1
9496,Red5py,-1,-1
9497,Hogboon,-1,-1
9498,IS1707f8043c40ce0746761,-1,-1
9499,HVXjnn5FRA,-1,-1
9500,dansierra,-1,-1
9501,IS1daae142bd74dba4427c8,-1,-1
9502,John Choi,-1,-1
9503,SamVIII,-1,-1
9504,IS1fb5edeb8bef14441045b,-1,-1
9505,IS1646068d4288f9b9ad0de,-1,-1
9506,IS18c4795bd6f0f8cccca61,-1,-1
9507,Draucon,-1,-1
9508,Abevel,-1,-1
9509,SirJoseph366,-1,-1
9510,IS18c7253fc492d5a45743a,-1,-1
9511,CnRRLLozuO,-1,-1
9512,IS198ce34b3f2e4ef76eae9,-1,-1
9513,IS122af429a7e5ab573a42d,-1,-1
9514,Firby,-1,-1
9515,Astraoth,-1,-1
9516,IS11c13f23492a35645d6a7,-1,-1
9517,Sica,-1,-1
9518,DSEBRRKD1,-1,-1
9519,Burgin,-1,-1
9520,IS1f63ad01c4f328314e2f2,-1,-1
9521,IS1d64de3e89769806e56b8,-1,-1
9522,Swag McDunk,-1,-1
9523,Eenadwen,-1,-1
9524,IS122be42dd3365afd54f91,-1,-1
9525,IS18581d4b5a4f155ba431c,-1,-1
9526,IS1e9105775a6b660dd3cbb,-1,-1
9527,cydark,-1,-1
9528,Rithrannir,-1,-1
9529,myfeethurtdamnit,-1,-1
9530,IS190a75e845fcd23afc32d,-1,-1
9531,soju1up,-1,-1
9532,IS1dc27da8daaadb931553b,-1,-1
9533,IS14a3704818012a1593cc3,-1,-1
9534,Deathstyle,-1,-1
9535,WolleyFreyr,-1,-1
9536,IS1f2a8b9e943f94a04b02f,-1,-1
9537,KayoticEntropy,-1,-1
9538,Flashfires,-1,-1
9539,IS17248a1166b30f6393301,-1,-1
9540,IS1025e869ac0853049efc2,-1,-1
9541,IS1e5e0d786c26affc419ad,-1,-1
9542,IS1a4c70c6c05db38099fa0,-1,-1
9543,HEUGE,-1,-1
9544,404 Fatal Error,-1,-1
9545,Killermech,-1,-1
9546,diegolais,-1,-1
9547,Allen666666,-1,-1
9548,HaCkMaN,-1,-1
9549,Sparkhalf,-1,-1
9550,Christian Groves,-1,-1
9551,Bizaliz,-1,-1
9552,IS125aa2223769cd,-1,-1
9553,IS1a7c88f2ed4283e8484da,-1,-1
9554,IS1170bf981e16247ca1298,-1,-1
9555,ecksperayshun,-1,-1
9556,IS13c2eb2cbe9b872348d15,-1,-1
9557,IS179a6893456eee7f00703,-1,-1
9558,MajorKillsteal,-1,-1
9559,IS10cf5a40621d1d92bdaf1,-1,-1
9560,aznbat,-1,-1
9561,IS18eaa7f9c943eba6a540b,-1,-1
9562,Malefor,-1,-1
9563,Drak,-1,-1
9564,IS10b93b5f334ffb4e4064e,-1,-1
9565,2nd Fiddle,-1,-1
9566,Prepset,-1,-1
9567,IS1f8e4361304cf5dcacbf5,-1,-1
9568,IS1345cc07422a61c669654,-1,-1
9569,IS1263e6be8ffcf8967ced0,-1,-1
9570,chaudlol,-1,-1
9571,Taidan,-1,-1
9572,Tattle,-1,-1
9573,IS1533bc71247a5b29a7373,-1,-1
9574,IS17d2bcf9bdbbf870ac74f,-1,-1
9575,IS14fee76ba17594f070ddd,-1,-1
9576,IS1fa8ad6803378e0529ebc,-1,-1
9577,IS1089ea588e94aed36bd15,-1,-1
9578,MrFuzzyBootzz,-1,-1
9579,IS1d1fe0d323c1dc9bfa869,-1,-1
9580,IS1fbaf79689b15482e7575,-1,-1
9581,IS1587918b3d771cf0c0171,-1,-1
9582,IS1f22fc189c60a0880d0b8,-1,-1
9583,Rockzor,-1,-1
9584,Hapah,-1,-1
9585,IS1c9b3fcacdc228065d5e0,-1,-1
9586,IS1740ef0f035f201951476,-1,-1
9587,IS1c908eed9498bf926d89e,-1,-1
9588,IS1e15bdecb253e7e293294,-1,-1
9589,IS15363c2a2ae7d57ac3845,-1,-1
9590,IS1824eb6cb90ab95ef9e21,-1,-1
9591,MarkyX,-1,-1
9592,The Uprising,-1,-1
9593,IS15f9e700a52b3f00136f8,-1,-1
9594,IS1c1f6441719a9f1f40f38,-1,-1
9595,IS113d6cde1512f6474506a,-1,-1
9596,IS10982db522becb8041071,-1,-1
9597,IS1059c55d97fa92649f4f2,-1,-1
9598,IS1bf031dcf0fca9770db44,-1,-1
9599,IS1f77f954d60a373a3c322,-1,-1
9600,IS1d665e4abe990db4f6f83,-1,-1
9601,Moofish,-1,-1
9602,valko,-1,-1
9603,IS1c12f931656dea910e334,-1,-1
9604,IS1f005d284bb1666fab7d1,-1,-1
9605,IS1b91d12f1bca7b0cd4c82,-1,-1
9606,IS159c9601f08cfa428efe1,-1,-1
9607,IS178e3bb138e08742eb2e2,-1,-1
9608,IS1738707b5c026a65ba618,-1,-1
9609,IS103f2d25ac34d3ae945c5,-1,-1
9610,Neon360,-1,-1
9611,IS1d9fd6028f3f2c2495864,-1,-1
9612,spellman23,-1,-1
9613,IS14fbc216f1ed5a4758f1f,-1,-1
9614,IS179ef7a53fffde9c8e044,-1,-1
9615,The Crow,-1,-1
9616,IS1b30b451d006dc4ab3370,-1,-1
9617,IS1b6f3cc5306acf034fd23,-1,-1
9618,Mushypooh,-1,-1
9619,tallgiraffe2,-1,-1
9620,Tobi,-1,-1
9621,IS152e2c0ae181d74c90dc6,-1,-1
9622,IS13568fdf9537c4b8743b2,-1,-1
9623,IS14164011ccde965b0a18f,-1,-1
9624,Ke2theKe,-1,-1
9625,IS18ce67f87b09855480ca3,-1,-1
9626,Kavex,-1,-1
9627,IS1d723d9f2ee6027b707f5,-1,-1
9628,IS1f18f9607774722f5698c,-1,-1
9629,IS13b28b490109cef354b3f,-1,-1
9630,nero112,-1,-1
9631,IS1fe3bbacd3dc594cef296,-1,-1
9632,IS12e1d01a56c50afb2a68e,-1,-1
9633,IS1a7e227709c23200d5e11,-1,-1
9634,Serix,-1,-1
9635,IS15c2b92a85d76e41464e4,-1,-1
9636,Eclyps19,-1,-1
9637,airforceguyy,-1,-1
9638,ZeroFlex,-1,-1
9639,IS15a0940e608accafd292a,-1,-1
9640,IS189fa11d79a27a3cba4b9,-1,-1
9641,IS1556829aab1db805021c3,-1,-1
9642,2J82yTBdB7,-1,-1
9643,IS1a1f7908db45298324aa3,-1,-1
9644,Terroryener,-1,-1
9645,0ffense,-1,-1
9646,IS16a326f2080c26a10d530,-1,-1
9647,Asaph,-1,-1
9648,DJMonku,-1,-1
9649,WLNGPFYZ1,-1,-1
9650,Habaut,-1,-1
9651,IS16fa96cff6c39e837ccee,-1,-1
9652,Dark Pikaxu,-1,-1
9653,IS1732fef1ae59243831bf7,-1,-1
9654,IS1d4f00aa270ee3b626849,-1,-1
9655,IS15df8f78da88ee72fad32,-1,-1
9656,DragoonWraith,-1,-1
9657,IS1f92ca9dfd9a7a1a1049c,-1,-1
9658,IS12087bac67651aa92cd0d,-1,-1
9659,Honeybadger990,-1,-1
9660,IS19a6954b3deacca4e1bdd,-1,-1
9661,Littlebuns,-1,-1
9662,IS1f651ac198bf317974481,-1,-1
9663,Mehgottehswegz,-1,-1
9664,IS18f6213f2799fb12925e2,-1,-1
9665,JacerX,-1,-1
9666,Bailon,-1,-1
9667,bob4,-1,-1
9668,IS1481abef0f61af181dfcf,-1,-1
9669,IS1dc6e4a70ece4ce0245f8,-1,-1
9670,Leech,-1,-1
9671,Kaitor,-1,-1
9672,Trick2Rick,-1,-1
9673,Mushx,-1,-1
9674,IS12d9143be6107d37c6c52,-1,-1
9675,IS1914f6a1698caa364f693,-1,-1
9676,IS14307569ad119b6025f94,-1,-1
9677,IS18e2bc09e54e9e518a5f1,-1,-1
9678,Taimoshi,-1,-1
9679,O1O1star,-1,-1
9680,IS1b2178316a7f9b9533b10,-1,-1
9681,IS18613b34afac16f83875d,-1,-1
9682,IS13f84cb8a9b1dc1da1225,-1,-1
9683,spiderpig,-1,-1
9684,IS1dbd958c2ec5b33705912,-1,-1
9685,IS13de4a81c6376f17673e7,-1,-1
9686,IS115507c766cd5e8057728,-1,-1
9687,KinoftheFlames,-1,-1
9688,IS1765e36477a986b101ede,-1,-1
9689,Velp,-1,-1
9690,IS16e8fe259baa0a436ed02,-1,-1
9691,IS1d39ee3b3039bfa90c95d,-1,-1
9692,Manglurrrr,-1,-1
9693,R6M8x7CPbt,-1,-1
9694,Doylex,-1,-1
9695,milkmenben,-1,-1
9696,IS1a9775b3c215346184a87,-1,-1
9697,MadDugan,-1,-1
9698,IS1a777cfd5e6de734fe254,-1,-1
9699,IS1e8589f9bbd98b591c50a,-1,-1
9700,IS1dcf42f96c4f4adb7f8ce,-1,-1
9701,5D6wcoHsCR,-1,-1
9702,IS190596ae7c503f60bb23f,-1,-1
9703,juiceald,-1,-1
9704,Abyss513,-1,-1
9705,IS102daf3f8e8c10b1961f0,-1,-1
9706,IS1613e2120c636b5a1f9c7,-1,-1
9707,KSUFPCQY1,-1,-1
9708,IS19da24a7065b8131bdf47,-1,-1
9709,IS1bd692a556c8b4c307bcc,-1,-1
9710,IS160324b3249ba66ccf7aa,-1,-1
9711,IS16e49880cf8b92d53c9ad,-1,-1
9712,peetar,-1,-1
9713,IS145ab15adce6f5cb355f3,-1,-1
9714,IS10e1b80cb961f2be0db5c,-1,-1
9715,IS178926065a979b6a46206,-1,-1
9716,IS1b2a7ea29e1b47b2bd4ab,-1,-1
9717,IS19dc6fbbc33f91485b5e2,-1,-1
9718,namelessmonk,-1,-1
9719,IS165a22f7202ee48687192,-1,-1
9720,bluechipps,-1,-1
9721,NayvadiusWilburn,-1,-1
9722,IS1b12669b41a48f78a29b6,-1,-1
9723,IS1d8f41dc96d3c0b8952b9,-1,-1
9724,IS1728b38627162ba297828,-1,-1
9725,IS1bc61c1c61624dd6d7cd5,-1,-1
9726,mikey000,-1,-1
9727,IS153d5e184b790fee14754,-1,-1
9728,IS17934e4ffed55c656a3cc,-1,-1
9729,Tridasta,-1,-1
9730,Ryotian,-1,-1
9731,IS1cef00aa9ac0ecde6067f,-1,-1
9732,IS1968459b6342c01498b81,-1,-1
9733,IS14a32dfce109719e892ad,-1,-1
9734,Chuser,-1,-1
9735,IS1df34c32702b62f11a7d9,-1,-1
9736,IS1599efe18e76cdb284aab,-1,-1
9737,IS118b46063eb2b858f622d,-1,-1
9738,IS11e4fe59bf39ce9ff7b33,-1,-1
9739,8W3wPdlwfl,-1,-1
9740,hvzero,-1,-1
9741,IS16178711fec066e07aeb6,-1,-1
9742,Turkawski,-1,-1
9743,Powersquad,-1,-1
9744,Kozmoe,-1,-1
9745,IS1d495473ae9767afc7111,-1,-1
9746,IS134cd12acfefaf512af6e,-1,-1
9747,IS1c03361556fb3f94c5d45,-1,-1
9748,Immelmann,-1,-1
9749,IS11c9f32531179b859bf46,-1,-1
9750,IS1f2eebe51b12efe570e6b,-1,-1
9751,finalematter EVO,-1,-1
9752,Froman,-1,-1
9753,IS142cec7545e889b7261a3,-1,-1
9754,IS1dc1ea71da6c919d54907,-1,-1
9755,panikz,-1,-1
9756,IS162f44ad7526675bac026,-1,-1
9757,IS16caee2eabbb5caa78023,-1,-1
9758,IS1c68e9b6480b677453586,-1,-1
9759,Zashi,-1,-1
9760,oBf0fAAuTX,-1,-1
9761,IS13b2baaad311f1cef9674,-1,-1
9762,IS16263112fe8058,-1,-1
9763,IS18f6bd62346b947b8d15a,-1,-1
9764,IS1ab64a123a01be6dcc018,-1,-1
9765,IS1ff1e2ca60131058d8297,-1,-1
9766,A415Hz,-1,-1
9767,IS187288d569caa68f42bc1,-1,-1
9768,IS19ee026bc9ed0741b79df,-1,-1
9769,UtZivo5XWS,-1,-1
9770,IS19ff93d453eccc44021ad,-1,-1
9771,IS1b126f2cc4b0f9d9b9798,-1,-1
9772,IS1b90ac77534c5ea7a2fe7,-1,-1
9773,IS12e49cfd3c2e803c44a3b,-1,-1
9774,W8rBQPjPU4,-1,-1
9775,snunleys,-1,-1
9776,VcBRLXtF8c,-1,-1
9777,IS12e41061b89bdc726a160,-1,-1
9778,Aurick,-1,-1
9779,WÃŽÅ½Ã…RÃ? Ã˜Æ’ LÃ˜LÅ½,-1,-1
9780,Silverati,-1,-1
9781,IS17e6bb5992d51d3232f8b,-1,-1
9782,IS18f55a266b487534aa95b,-1,-1
9783,IS1bc2ef751b5ca819d520b,-1,-1
9784,LTRyT4RfbX,-1,-1
9785,IS13963068cfe72b4c44e3e,-1,-1
9786,Cheese,-1,-1
9787,IS1395dda537b1c38cde219,-1,-1
9788,IS1912914644a4a5f5e25a2,-1,-1
9789,Kelly Clarkson,-1,-1
9790,IS1d591618cb08a7f156c36,-1,-1
9791,IS1c4112ad95576555d0f4e,-1,-1
9792,tortoize,-1,-1
9793,Zephilius,-1,-1
9794,IS1c4b279db989a4b9208d1,-1,-1
9795,IS1e1fd3d3c7a01dcb37abc,-1,-1
9796,Vistax,-1,-1
9797,IS1c786290dd1450c3385cd,-1,-1
9798,IS13a5cb18d4932429915ed,-1,-1
9799,IS18ce8934d0efaf2d5c6f3,-1,-1
9800,mcpwnalds,-1,-1
9801,IS11cc4ba33d16dab6e3059,-1,-1
9802,IS1303a6c765f40915b3d30,-1,-1
9803,BoshyTimF,-1,-1
9804,IS15aa6154b31a73bab3b73,-1,-1
9805,fmcO6rbFCi,-1,-1
9806,Crackernub,-1,-1
9807,gFkTXw399G,-1,-1
9808,IS10f3f09a0d14f45a27875,-1,-1
9809,pandaroohoo,-1,-1
9810,IS1677c8de25ae60b654669,-1,-1
9811,IS1052313b8275638fcccce,-1,-1
9812,Spengebab,-1,-1
9813,Churchryn,-1,-1
9814,Toadily,-1,-1
9815,Sphynxter,-1,-1
9816,IS150d389c24d69a9856730,-1,-1
9817,RangerReid,-1,-1
9818,Naukuga,-1,-1
9819,LokiSnake,-1,-1
9820,IS1aed9f89ce58e837e2310,-1,-1
9821,IS10e51eb25423caa79f0cb,-1,-1
9822,Roont,-1,-1
9823,IS1f9b65d2c112a7095d1ce,-1,-1
9824,ceaV7LwsjH,-1,-1
9825,KenshinNC82,-1,-1
9826,IS101ab4d1966879423f50b,-1,-1
9827,ygEb1luSxZ,-1,-1
9828,IS18591e73101a9b2cf6296,-1,-1
9829,IS17d9646ad992009aee405,-1,-1
9830,Rumpshaker,-1,-1
9831,IS1f8d11a8bf167591c2f17,-1,-1
9832,Masaka,-1,-1
9833,IS1b4245eaaee76924795b7,-1,-1
9834,nodstar,-1,-1
9835,NyteshaydeX2,-1,-1
9836,IS1bdfdfb8b8e93906d9212,-1,-1
9837,EnderG,-1,-1
9838,lalabou,-1,-1
9839,Ladbon,-1,-1
9840,Invictan,-1,-1
9841,IS1b2f1c4bf26d3cd69cc9b,-1,-1
9842,Lieres,-1,-1
9843,gfdghfdgs,-1,-1
9844,IS11e25eced5d26c301f68d,-1,-1
9845,IS13690520b63dd9625dac0,-1,-1
9846,IS1969e5ac8e1848f741d9a,-1,-1
9847,Airman45,-1,-1
9848,Roaring,-1,-1
9849,IS17b500e337b6dd91746ca,-1,-1
9850,IS1f18ae2ff15d71c9eb62d,-1,-1
9851,coldblade,-1,-1
9852,IS11008ffa807e59f723b68,-1,-1
9853,IS18affa2c1cb86e968ccd4,-1,-1
9854,MrSanjay,-1,-1
9855,forcemblem,-1,-1
9856,SolarFlare22,-1,-1
9857,Zharghez,-1,-1
9858,IS1b9900c49b50f975cc625,-1,-1
9859,ninkAtsu,-1,-1
9860,cptsmexypants,-1,-1
9861,IS106c43c99cfae04989986,-1,-1
9862,IS1bfd8a62e12096227e068,-1,-1
9863,domezy,-1,-1
9864,IS1f7d01060cc9629171b2e,-1,-1
9865,Lurken,-1,-1
9866,IS1eeae83d9726a20295498,-1,-1
9867,xeonproc,-1,-1
9868,IS107d38ffbb834d5896ea4,-1,-1
9869,Zyxo,-1,-1
9870,instakiller,-1,-1
9871,IS1755c07712c599a95da2b,-1,-1
9872,DarkKapo,-1,-1
9873,IS118031eedd5700a8d3d20,-1,-1
9874,IS15dade7544dab6881423e,-1,-1
9875,Null Pointer,-1,-1
9876,hi im loke,-1,-1
9877,l0cus,-1,-1
9878,3nygma,-1,-1
9879,Colby,-1,-1
9880,DnrNeji,-1,-1
9881,IS128c9dc7d6007ecf00222,-1,-1
9882,IS19f92f634810069532ee5,-1,-1
9883,josuelo,-1,-1
9884,bJ7QIx3L5u,-1,-1
9885,IS1330476c63189fe6bf2ac,-1,-1
9886,IS18ee93a97fa79d9b941e5,-1,-1
9887,darksheer1,-1,-1
9888,5n4bQpQh43,-1,-1
9889,IS1f4a754835ee9f85cf0d0,-1,-1
9890,X9me3JzklR,-1,-1
9891,Most Ghost,-1,-1
9892,Blitzkrieg77,-1,-1
9893,MaDMaGe,-1,-1
9894,msbehavn,-1,-1
9895,IS10015d8018ad62dee859d,-1,-1
9896,IS17a235d530476eb727dab,-1,-1
9897,rofelboy,-1,-1
9898,Detard,-1,-1
9899,SpyderGwen,-1,-1
9900,IS154b488ef8efb3f3b0797,-1,-1
9901,War2U,-1,-1
9902,Miro,-1,-1
9903,Skiasca,-1,-1
9904,1QfNcUYRYB,-1,-1
9905,Tonycakes,-1,-1
9906,Teinaro,-1,-1
9907,IS13d36f5158512246e3bfe,-1,-1
9908,9Yh177xgbE,-1,-1
9909,IS104c8bec1b7196cf7dfbc,-1,-1
9910,IS10d6486391e92a67c5492,-1,-1
9911,IS140f84b50504613117f88,-1,-1
9912,IS11ee046484893ce0010c4,-1,-1
9913,IS13f89049b91cc014296c8,-1,-1
9914,Blaackz,-1,-1
9915,borgros,-1,-1
9916,IS1ed8b2f4fec25a92406a2,-1,-1
9917,Hucaseal,-1,-1
9918,IS1e7180f5ec716a83dd3a3,-1,-1
9919,IS1c56caa2eb4e1819cbb2f,-1,-1
9920,Lotux,-1,-1
9921,Theshadow,-1,-1
9922,IS1b70ea0a3cf08543fb1e4,-1,-1
9923,IS1f06c7381945d2e2c7d4b,-1,-1
9924,Nicholas DW,-1,-1
9925,IS12883eed0831dcf25f260,-1,-1
9926,Nyx,-1,-1
9927,Crayte,-1,-1
9928,shockzilla,-1,-1
9929,bigslow,-1,-1
9930,Lucky Seven 7,-1,-1
9931,IS131e589b0e869adadf940,-1,-1
9932,IS1563cb3a8ea4449ec4f9f,-1,-1
9933,DrizYy,-1,-1
9934,LordPasterino,-1,-1
9935,RisingJohnson,-1,-1
9936,IS186b99cdbe0ab36e959fd,-1,-1
9937,IS1dd9d70739ca2b8f3fd2d,-1,-1
9938,Coldsteel611,-1,-1
9939,NabaOG,-1,-1
9940,IS1535cda26f47f20e5c7ae,-1,-1
9941,IS1fa13fe74d09b34e4983b,-1,-1
9942,sameboy,-1,-1
9943,IS1dc1617e409543331442c,-1,-1
9944,Neitsabs,-1,-1
9945,viperneo,-1,-1
9946,IS177529bf81eed81743d71,-1,-1
9947,IS14a4d3826728f009bcf24,-1,-1
9948,fE2gvOZ9N3,-1,-1
9949,JustNotThatGood,-1,-1
9950,IS143e4cae879dd60db1cac,-1,-1
9951,IS1283a81d739d8f088fc12,-1,-1
9952,IS107219b197f4d9aafb4e2,-1,-1
9953,IS14cf439b6de6ee1d6c200,-1,-1
9954,IS1eb3a437e7e06f178701c,-1,-1
9955,Nexious,-1,-1
9956,Spruchy,-1,-1
9957,w5Af7pQggL,-1,-1
9958,Neura,-1,-1
9959,FeedbackForce,-1,-1
9960,IS1bf156997ce9fb59919be,-1,-1
9961,Tsukoy,-1,-1
9962,IS16a0efb05d21837257424,-1,-1
9963,IS166964a52463e7498ad91,-1,-1
9964,27kAYRb10E,-1,-1
9965,IS15f3c79efb7eecdf5dece,-1,-1
9966,IS1a4b7e19ef136c6e601a5,-1,-1
9967,IS1e64757bfdfe8512f90c6,-1,-1
9968,IS1ec4e4df50499f2fc75e8,-1,-1
9969,Vengence,-1,-1
9970,IS123d689f347236c7ab49a,-1,-1
9971,IS1d2a14f11d4819e795dc9,-1,-1
9972,IS13bf3baab29b904e525c8,-1,-1
9973,Lisk,-1,-1
9974,IS109dd854ebeaea7db546d,-1,-1
9975,hKo7mjff7t,-1,-1
9976,S2E,-1,-1
9977,Tortonka,-1,-1
9978,jdotskiba,-1,-1
9979,Z2 MabX,-1,-1
9980,RTNReckless,-1,-1
9981,IS1e5072f0a05b5f514941a,-1,-1
9982,IS10cb84f471a560097ddb8,-1,-1
9983,IS186b5f7f205d541157c1f,-1,-1
9984,IS16d26d9638dd2e4656dc1,-1,-1
9985,IS1cc63c7d99509a65e0492,-1,-1
9986,DivineOwnage,-1,-1
9987,IS15c41fbe4f2645bf0c6b8,-1,-1
9988,DeathBot,-1,-1
9989,IS19525e3590f1607718f97,-1,-1
9990,IS11020bf62ab0bc441ec13,-1,-1
9991,IS16bd18515f783fb8e87fa,-1,-1
9992,WardChrictiae,-1,-1
9993,loqula,-1,-1
9994,Kallusive,-1,-1
9995,Black Phoenix,-1,-1
9996,Repth,-1,-1
9997,Doctor Raincoat,-1,-1
9998,Stinky2000,-1,-1
9999,Damashi,-1,-1
